,0,1,2,3,4,5,6,7,8,9,10,11,12,13,14,15,16,17,18,19,20,21,22,23,24
0,0.7221061575143681,0.09406779082165118,-0.6853477346990771,-0.28052822115872855,0.4212209950787198,0.630789969173414,0.5930791319760034,-0.43763678754564084,-0.6740664341471734,-0.6280025868463097,-0.3048955518350509,0.7475268123032133,0.18377093213910678,0.3507635709419068,0.3914558178523644,0.6178007856487875,-0.9946801220000274,0.874389109126883,0.23701472483483932,0.09462049968164932,-0.19463992094717386,0.585463062837607,0.9909095649916007,-0.32844919726613897,-0.6940712559483946
1,0.09795096108649681,0.9492944565203838,-0.7690378716582791,0.38487134128277645,0.5978017822921635,0.16290859965842897,-0.7055983052498032,0.9696148138368001,0.21347231253400234,-0.6088631200002799,-0.79127307850525,-0.683211969825076,-0.46161980157325755,-0.4739581822613319,-0.023844122769402176,0.2833192993773086,0.4817067920927005,-0.7633139078950228,0.7331376548199053,-0.25868495169989547,-0.11281090910834557,-0.31616429485801656,0.4801081044656579,0.19003645884711418,-0.09781171522998844
2,0.8288966381570322,-0.9656504574849627,0.12506716812961938,-0.9316429762948177,-0.07126103632400582,-0.7819994131961574,0.32884165330902415,0.1816626954477265,0.15114338978678954,-0.02490080836376607,0.7974352071863879,0.44363782287483544,-0.4457019900708168,-0.199922502207871,-0.5903373864008177,-0.24717141305683676,0.039537335461159895,-0.4021378268764899,0.26903519102650586,0.09205966291136236,0.5477740525661525,0.7073495982918636,0.6500420012405219,-0.9344927504625453,-0.3678054039119636
3,0.5827037595437039,0.43349498668075337,-0.10113312810763642,-0.9400659862933711,-0.4031301818320827,0.5308923343270031,-0.15746681070696011,-0.015214391668284533,0.9976762688210119,0.6725569911376992,-0.9012920627240397,-0.749513696125685,0.720552037851921,-0.9100942351068975,-0.9383144972274453,-0.3925851335044943,0.036205110970650045,0.7316029021052446,-0.42224021020359803,-0.66513958733488,0.2974823848290249,-0.5172606613218811,0.6861221971712566,0.36750741513543494,0.3299492996826483
4,0.8171719465695977,-0.007860428812432207,-0.7039125355866884,-0.5867788743202165,-0.20001726049592827,-0.30937763671723295,0.8410402218967674,0.40996528103763863,0.6565063609415969,0.8164422877457767,-0.34917488111048334,-0.3970464233763815,0.06791884446454755,0.9082233798915273,-0.5415697555539647,0.2669042231495069,0.8245422232915678,0.5101926243953694,0.30526389424302836,0.10674445190303983,-0.012167173481330895,-0.4447231818717703,0.14103754026967374,-0.5678285387822584,-0.9867945460308116
5,-0.04994161315041157,-0.6117922192996836,-0.9965275747292588,-0.9755858709701872,0.5031381838785174,0.942914523250443,0.31127327292575524,-0.11598132549525197,0.0054415118210886515,-0.5294562106887799,0.8923411291705163,-0.652237975942275,0.08206280682449352,-0.5818244478987573,-0.07558250571728253,-0.4903271783369134,0.6638078013599076,0.9777850781623847,-0.946086768165245,-0.9427551116279953,-0.7473143745998527,0.9870840754050314,-0.48434851546385227,0.18968415162028518,-0.06183086609886557
6,0.7697971883796588,0.8954999511384039,-0.08542457186283392,0.02202754719356448,-0.6946269070970974,0.4765893566692163,0.1081958184766596,0.2088658666082679,0.4613078846385248,-0.5030414798074059,-0.8488526232564055,0.6976902429689416,-0.5301959475068856,-0.37725872695408813,0.7500065880169755,0.08835922210636071,0.23497880538904004,0.6874810286110704,0.8481566152066697,0.530776367247767,-0.4026751783706819,-0.9087906541699944,0.8776485251827122,-0.4880497326385056,0.5646825378496771
7,0.8063405202069271,0.07477115427286773,0.9705832986604288,0.4955970144301951,0.8852381914172749,-0.7596273169192265,-0.2159386003527426,-0.7497670866359853,0.16339632847301044,-0.673140016110978,0.3201188068093066,-0.505737849623942,-0.2324853508127558,-0.5168992700323882,0.16832030568959744,0.9712019657911803,0.6174555023894417,0.22483165434912822,-0.726766659634609,0.49150447096314154,0.08836927896689972,0.8153633857071756,0.02114966606577018,-0.8073220142227868,-0.6621524134360679
8,0.7221061575143681,0.09406779082165118,-0.6853477346990771,-0.28052822115872855,0.4212209950787198,0.6430994588829546,0.6100958268965888,-0.43763678754564084,-0.49631957195464205,-0.5503015685961083,-0.29448212369116855,0.5537830213963022,0.18379155754954923,0.3507635709419068,0.7888105433551558,0.6178007856487875,-0.9946801220000274,0.9186830724740012,0.23701472483483932,-0.4365085795957331,-0.19463992094717386,0.585463062837607,0.9693263509758407,-0.32844919726613897,-0.673337581086064
9,0.9268831764061358,0.10585036678546511,-0.5713577281036775,-0.18619405419563684,-0.7407254119924485,-0.021055017551763422,-0.6087518409338313,0.06227907442269576,-0.06389402282656054,-0.36079098035754487,-0.979253222819616,-0.857237888085504,0.9824001276809657,-0.8566566641747855,-0.24531750294091115,-0.051071734690808945,0.5211591121468377,0.5399251888970475,0.7934827594304201,-0.21968163570951038,0.4700667466605841,0.32628178298052424,-0.00883962371949476,-0.15502085305017066,0.07381559384822278
10,0.707365560497736,0.4390940471260989,-0.379808444108787,0.3361010334706984,0.9815859300364882,0.6840691120040294,0.06285311848171826,-0.6461799057545972,-0.22733958690160372,-0.7948670662249584,0.3830944212512861,-0.9547986388093335,-0.37252679263324007,-0.7062467041497622,-0.5329280709360873,0.3389676214627302,-0.5360303427195843,-0.2579733367415078,0.22527393101804694,0.4328111128029988,-0.01556798368875345,0.036237595233962416,-0.7179838949681041,-0.9631386163822051,0.43647993185727296
11,0.5085888360209607,0.9049995360405019,-0.4051055923806939,0.7665746041963657,0.9986350100497436,0.202676543864299,-0.08195785727280658,0.812730649606815,-0.3477828950002544,-0.1104062773497787,0.23540028197859897,-0.17441966205251136,-0.6490268966545609,-0.3970840716132611,0.6054976459477444,0.6377868539919138,-0.7590236703801281,-0.3362508575201957,-0.6672040175134673,0.6632047529443439,0.2509345648303867,-0.9036980010322966,-0.8244743494320363,-0.4227283276157974,-0.5345456827932564
12,0.3469839707836797,-0.8344573817915084,0.701734812982608,0.8024263526250526,-0.9481356386195294,0.09292346848691868,0.9021347770860122,0.9341688042133687,-0.7139594264632732,0.15587634337986045,0.8323845288785294,-0.31395282478460085,-0.24325676167129462,0.6302258269489553,0.645138010950665,-0.6145214647535548,0.8307523994136325,0.8364872885001069,-0.04347737528620721,-0.21203517500270386,0.7407461341220807,0.2325664678592101,-0.9377743476748297,0.578190664190267,-0.06316394061009634
13,0.707365560497736,0.5412376522147087,-0.38425760395042863,0.33065089329970765,0.9815859300364882,0.6840691120040294,0.22019240578029597,-0.6461799057545972,0.03355337688398552,-0.7948670662249584,0.5135556887856443,-0.94379739284156,-0.37252679263324007,-0.6607723980739544,-0.40099048221337275,-0.006510601170004238,-0.5360303427195843,-0.2579733367415078,0.22527393101804694,0.4328111128029988,-0.29021616004687134,0.036237595233962416,-0.7179838949681041,-0.9631386163822051,0.43647993185727296
14,0.1838164180270503,-0.554399834603168,-0.9865209310697036,0.845819984567082,-0.64759033295593,0.7078753450918871,0.6701230983012778,0.0010641701314286767,0.624814278434574,0.5105580770043285,-0.32695469435540603,-0.35736270874043696,0.7641515182096397,0.08730884912487102,-0.8508706771038861,-0.5255143713957946,0.23781415970966746,-0.4091790718875816,-0.6615200674247161,0.9113590814116341,0.982846092324942,-0.22832302479634814,-0.600823191052634,0.8516545568796878,0.11251108517325692
15,0.949225595847742,0.9395362200962127,-0.528359239253988,-0.9903384441954379,-0.34042315654018873,0.11357003555750733,0.4974159215690337,0.06738678842307522,0.25866677060372245,0.4002530761104355,-0.8467272084320601,-0.9191250807676254,0.20031528998551895,-0.296471447848611,-0.48568018189499074,0.07258978637323632,-0.02850552171167342,-0.687432421534566,0.2132830436066666,-0.8017946238682461,-0.6950080153985492,-0.844703590518314,0.6126431789536391,-0.34880303787758726,0.5814858248258568
16,-0.18350579503185283,0.4361976478144718,0.2645655240420408,0.29672400836581336,0.8526230780349051,0.40932702753805716,-0.556549451918031,0.17120645536556145,0.5260749032041654,-0.975461476856242,0.3850102044859236,0.12982527873128724,-0.9453513518995782,-0.1591376673605125,0.10690578093364245,-0.8410208583982088,0.838861107430871,-0.7219628969760254,-0.4193456498119881,-0.4579332449580815,-0.21274415064478602,0.13872391466807477,-0.8652584188736192,-0.1327602152495606,0.07271985651984658
17,0.9307328309343581,0.8863146134439002,-0.5837136133697403,-0.9883463867262543,-0.35369125337185037,0.4177577555976735,0.7005666259656655,0.06738678842307522,0.3081913419671518,0.45216200092692294,-0.7404304965019048,-0.9191250807676254,0.25426603738288156,-0.296471447848611,-0.33281105571003833,0.008491560804398057,0.15416516882152775,-0.687432421534566,0.3163763122094372,-0.6372893433399598,-0.6847931910839655,-0.8413072013116962,0.7390282743996743,-0.43872142445174545,0.7576335902470783
18,-0.7847035834438945,0.869529182995862,-0.8285868314949434,0.20367286075482482,0.705970578371411,-0.0597306968951028,-0.5580629101688537,-0.2737999438667189,0.6335680083313557,0.4740554946851423,0.6980611763229769,0.8593816278158297,0.8096750166424227,-0.9455044991064003,-0.4821598302862815,-0.8095481114024758,-0.6884819145428398,-0.5017250940955607,0.9573103738418653,-0.8269031123353225,-0.4582038517955376,-0.5810717045514586,0.76009964124208,-0.1650578967419054,-0.7141528081877324
19,0.8499910444498393,-0.8149910462355705,0.2905815752001,-0.6210023453316997,0.9137811312488691,-0.1835740523850249,0.1397613803938702,0.30779924298073125,0.136886853193654,0.5657883081626323,-0.05734573742585081,0.9560491626306404,0.509921139195612,0.749256780379914,-0.7235980313897448,0.4463966738443763,-0.3689606095759972,-0.13587058118772477,0.8918375647153693,-0.4276921633865427,-0.3739687765577482,0.20039845334840378,-0.3035960230438053,0.03213362268105491,-0.5342761416026336
20,0.03309791319124167,-0.4069724981816427,-0.31967484767742316,0.7463167449017147,-0.23984659489843518,-0.12389996618122434,0.20760793719837678,-0.4782105856598968,0.8018345716708732,0.4291931807726883,-0.6182674419136713,-0.9990222106183713,-0.2947300121691041,0.654298685853967,0.05036332710872249,0.6583264971200673,-0.22519593773383084,0.5095208560785005,-0.22563499987545654,0.18888456867347836,0.3525820260805046,0.07272659431633977,-0.372701941151373,0.48787851197126497,-0.3613559119062537
21,0.298949298184926,0.4985296187236845,0.8082013892948718,-0.6863568129061666,0.27897164459385926,-0.8303566319872147,0.7633395840831152,-0.6486525135721735,-0.4728402841498631,0.21582874431336774,0.426594250674986,0.29981964681371287,0.48395722263467,-0.24654841165634123,-0.5694669398086829,0.4157342936996842,0.7047129174053333,-0.5586644735247046,-0.435683454141794,0.29661569541506805,0.05101887320555387,0.26600700304511915,-0.7909977708423781,-0.23683639287690372,0.8649590357432502
22,0.8310608734617473,0.41575323646334716,0.8645588083521594,0.5635956375453213,-0.24713006671663051,0.13253427957914932,-0.03192918831196656,-0.8411235031405973,0.9951380413282014,0.9894739664469026,0.7040963728652987,0.6236453717023547,-0.5319471529867732,0.2723569050646486,-0.26082007785538375,-0.0934766084460581,-0.9362581623590633,0.7542913202439396,-0.49185460314048,0.5564249253877696,-0.20819648402926938,-0.8592638529567262,-0.5068156387198806,0.9969177862634886,0.5801056371580837
23,0.3369150116934938,0.6396723717034214,-0.7904772208606008,-0.8123265780107849,0.6941792205844115,0.4992381677445339,0.6624423278835587,-0.766599295917413,-0.48279755010172054,0.7199402330218625,-0.1885170712664983,-0.3480501794387514,0.4281175278044569,0.6425777529388181,0.15341050685113755,-0.09002564574343364,-0.21092811730193284,-0.7999482344751003,-0.9752084109280961,0.04602586853883062,-0.14778674301880734,0.23730365726753133,0.5245280518946407,-0.7961617388587596,-0.7794319024381249
24,-0.1102117671066265,0.13269289720501942,0.19026411289612222,0.22665708422269937,0.5164292198105151,-0.19455867079681965,0.9731074760761118,0.774049357043791,0.9235644863340646,0.6166344481904755,0.8564021704716722,0.2361742518975265,-0.5621689316085721,-0.08807784148458397,0.5528340883736216,0.011313495952024244,-0.9974400254951941,0.28168765497797366,0.4035063596663997,-0.02866679584174836,0.33202177104628916,-0.3278383215697305,-0.46282947997198187,-0.5266851866083389,-0.4409572918519993
25,-0.10313927268624767,-0.2385528760553457,0.6735851600826006,0.3792595634480911,0.9354089779669068,0.5732556931126269,-0.45124706801752,-0.09710593513458221,0.49763028022809164,-0.47302799422720243,0.10376901155478113,0.09187902141053583,-0.7571114828887993,0.8535355205897197,-0.02760606227930751,-0.1017631163995536,-0.19247234715882677,0.3978017663392701,-0.9591977947842012,-0.38745995143576795,0.5867154938811445,-0.5484011627480854,0.41164049825309945,-0.2025344840879275,0.08817320325616018
26,0.7824904490909226,-0.14229250263162063,-0.46575791861946225,-0.41968285617834455,-0.09447673020549496,-0.7508558693559557,-0.7343345507049555,0.9818597167880547,-0.3004343216646983,0.21682530863863891,-0.13337724053881472,0.222129762059593,-0.9933586929581095,0.61798555726159,0.31620023030970845,0.6682101966633571,0.47048773373270625,0.7605853951356947,-0.10892535362741529,0.15062156485657408,-0.14315759663404148,0.3419026336256963,0.5693036631000781,-0.9545547717314995,-0.36073145397007766
27,0.707365560497736,0.6549654064595885,-0.379808444108787,0.434720993567683,0.7654909482266044,0.6840691120040294,0.06285311848171826,-0.6461799057545972,-0.3364646988518918,-0.7948670662249584,0.32126447297135896,-0.94379739284156,-0.37252679263324007,-0.7062467041497622,-0.5329280709360873,0.3389676214627302,-0.5360303427195843,-0.35001827398265895,0.22527393101804694,0.39838577474691683,0.011554510316985844,0.036237595233962416,-0.8867340211343349,-0.9356848440756527,0.38280064350207565
28,0.2830189289032119,-0.407328240778543,0.9587110462083355,0.9221407444213632,-0.3612353783745472,-0.3634763670610741,-0.2370028612890338,0.5771385279921697,-0.041141341665089204,0.6465985261629543,-0.06864618953965906,-0.3089936928396888,0.20965793365791563,0.02191141227764426,0.9029082223556071,0.40470740810047934,-0.6572871278743793,0.3158935253163957,-0.10123463207707961,-0.3447186990231219,-0.1211685941054117,-0.22876928720974776,-0.3100045613714657,-0.9169846876389602,0.12276348545163507
29,0.8063405202069271,0.07477115427286773,0.9705832986604288,0.3232916984805927,0.8852381914172749,-0.7596273169192265,-0.2159386003527426,-0.7497670866359853,0.16339632847301044,-0.673140016110978,0.3201188068093066,-0.505737849623942,-0.2324853508127558,-0.5168992700323882,0.16832030568959744,0.9712019657911803,0.6174555023894417,0.22483165434912822,-0.726766659634609,0.49150447096314154,0.22770393991753357,0.8153633857071756,-0.003609810171460115,-0.8073220142227868,-0.6621524134360679
30,0.7355900479889637,0.033289438538659955,-0.4488887586363228,-0.5537794931427309,-0.6975137839885339,-0.6084377864655155,-0.9864078983610614,-0.6528781761039728,0.6810909824778468,-0.7508961782868404,-0.16766744641996456,-0.018749294033808095,0.14152134350248868,0.7500124736635809,0.8590642168292333,-0.9157463041149201,0.13644738127072054,-0.9905581728982933,-0.21536442877529027,-0.7722497502141341,-0.5887324060331967,0.1220685670127799,-0.17248497179360478,-0.9610802541348071,0.4772492584094985
31,0.8499910444498393,-0.8149910462355705,0.2905815752001,-0.666278265396544,0.9137811312488691,-0.1835740523850249,0.1397613803938702,0.30779924298073125,0.136886853193654,0.5657883081626323,-0.05734573742585081,0.9769590525548559,0.2810687723071408,0.8390648646818519,-0.7235980313897448,0.4463966738443763,-0.3689606095759972,-0.12233376677753816,0.8918375647153693,-0.4276921633865427,-0.3739687765577482,0.20039845334840378,-0.3035960230438053,0.03213362268105491,-0.5342761416026336
32,0.5870922688133711,0.310499620195003,-0.9259325633419591,0.6729015606941793,0.6216841424916222,0.44662819427194256,-0.7871234432049914,0.12188274776945418,0.8533723947795755,0.8017187982140526,0.9240694115127313,-0.2749128928737039,0.3493437747226691,-0.7042876953458019,-0.16670894578312279,0.8268847916028188,-0.534479778421699,0.8622044481065156,0.23178687703202572,0.3781269205039237,0.8956136257859648,-0.6791781700933144,0.7138521338145067,-0.5572266481362171,-0.2622350078632594
33,0.8800135612951963,-0.2176594260315854,0.03985741175601776,0.8992061143321539,0.674984181107454,0.4189810567248786,-0.7057822840363177,-0.3666127809417601,0.7159018945204458,-0.9665336817689927,-0.11187433918952872,-0.5476957882602425,0.8597273637914131,-0.9104147344192328,-0.19158328749265263,0.6765273946406571,-0.48330753560258777,0.7012212707015022,0.17933586719442607,-0.2527974836690474,-0.4538959665450273,-0.94372862094945,0.06677642663959138,-0.10986373326559917,0.5429492464248264
34,0.8239382747143427,0.5923021747667598,0.5368413075326488,0.5474783275935673,-0.2923796281103359,0.22832041715088258,-0.03192918831196656,-0.8918530417543427,0.7716066621547459,0.8030933972728536,0.7040963728652987,0.5256338606839157,-0.3250619155206569,0.19738326545917073,-0.22715818282625078,0.2505874408064228,-0.9362581623590633,0.8259550276620022,-0.5744893698354254,0.3882577091545083,0.044170929537075354,-0.8592638529567262,-0.5068156387198806,0.9985570915275268,0.5801056371580837
35,0.7345305782038036,0.32314331585713196,0.28822613004355,-0.8833159003482369,-0.1265329789702785,-0.5899860060326354,-0.04353653226159038,0.7337930635524934,-0.6659633388049471,-0.783256298181509,0.1722052264198144,-0.30365978453843434,-0.33050728791782236,-0.21345384556337277,0.9965986461128742,0.30498475771971556,-0.7490261873755868,-0.41230930997864035,0.5380813169021574,-0.14344204596838517,0.28750736691797396,-0.7953053992412582,-0.4900209172178267,0.45156328995893524,-0.30837636707000415
36,0.830222003379891,-0.24748885582047575,0.9130900110944273,0.03898809660285285,0.5728662300233149,0.48201555839836896,0.9207630563987637,-0.38551362834117286,-0.6319894902320222,0.0574035839489897,-0.26214289766224774,0.5096587014722489,-0.5198691248107048,-0.2081287840753847,-0.13551442401074643,0.05409474039932172,0.04616609208320055,-0.37803376547447654,-0.7689865530131808,0.6958257856915613,0.8537249284321113,-0.9624069318222772,-0.6096310530504065,-0.46095774753824936,0.10259875490001735
37,0.8874208799593821,0.3762414375191614,0.6177651912279096,-0.2634722573041075,-0.9057689393959552,-0.9864988774775729,0.6613796913619496,-0.6072194197215253,-0.46078106635871396,0.627668359178744,0.6113300570321458,0.7924763298542177,-0.366114716573277,-0.10374888910299074,0.716654382403092,-0.8643850839167895,0.6675343196181251,-0.7147198344132757,-0.9485660516593546,0.21224534761138591,0.21657169021031364,0.47606195690247066,0.7110893689646833,-0.8130998476739484,-0.9860996221614773
38,0.9617810905103661,-0.8617817326861399,-0.5760054337062055,-0.12401417631740674,-0.35333824746633336,-0.3237493844360926,-0.7677989536403336,-0.28430105933253125,0.37913519925928174,-0.5872865218196464,-0.6582579116972453,-0.9791343257564837,-0.39127474147113217,0.2394159012867949,-0.7301369097695041,0.7595403731380412,-0.2570665666918224,-0.7820843758573419,-0.6069159659895322,-0.11905529249485114,0.14673775880394868,0.6345297223151578,0.9993532025037171,0.8467292023991275,0.9103243694493817
39,0.7345305782038036,0.2280102510668245,0.23548474806919062,-0.8833159003482369,-0.1265329789702785,-0.577041561565174,-0.04030037412111276,0.7337930635524934,-0.6659633388049471,-0.7141568191072638,0.1722052264198144,-0.30365978453843434,-0.33050728791782236,-0.20264508682713522,0.9965986461128742,0.30498475771971556,-0.7490261873755868,-0.41230930997864035,0.5380813169021574,-0.14344204596838517,0.28750736691797396,-0.7547143282986573,-0.6865547353553774,0.45156328995893524,-0.30837636707000415
40,0.8239382747143427,0.5923021747667598,0.6866290205618675,0.4805605256035592,-0.2794201006954582,0.13253427957914932,-0.03192918831196656,-0.8663887809642665,0.7494790469172297,0.8030933972728536,0.7040963728652987,0.5069374182512938,-0.5319471529867732,0.3250168992347422,-0.18076785962063235,0.2501275075790841,-0.9667624608350354,0.8266930670405115,-0.5077085725598864,0.5299053673618326,0.09703467848984593,-0.8592638529567262,-0.5068156387198806,0.9975557895785641,0.1901725519619919
41,0.9385942774191902,0.3762414375191614,0.6177651912279096,-0.2634722573041075,-0.9964209557203942,-0.9864988774775729,0.6613796913619496,-0.6072194197215253,-0.5036561355493774,0.627668359178744,0.6113300570321458,0.7924763298542177,-0.366114716573277,-0.10374888910299074,0.4453776533016154,-0.8643850839167895,0.7456496595134088,-0.6154088962750948,-0.8519933719886277,0.21224534761138591,0.2798998755200157,0.47606195690247066,0.4832024309803902,-0.8130998476739484,-0.9860996221614773
42,0.28595001359299665,0.4985296187236845,0.8082013892948718,-0.7210129808742161,0.18200912424534543,-0.9884318626830255,0.7841475588196163,-0.6016131564797889,-0.4725482848347351,0.21582874431336774,0.426594250674986,0.29981964681371287,0.48395722263467,-0.41342473633361276,-0.3403979327166884,0.34736220459575295,0.7047129174053333,-0.3894959484227962,-0.9358207565099699,0.29661569541506805,0.05101887320555387,0.26600700304511915,-0.7909977708423781,-0.11332290809056822,0.8649590357432502
43,-0.0043040608652678,-0.4067279367550982,0.5476452944504833,-0.559706443007699,-0.45807391799344144,-0.06465582590346286,-0.668800190112306,0.4745188035005288,0.853951729606198,0.3761260231736483,-0.8701906476385373,0.11124611808760099,-0.775620686546211,-0.7031719776101657,-0.7337548383808958,-0.4712517498603157,-0.39007004693719316,-0.6150620139588854,0.7161350542734954,0.6285703051395177,0.7803039493745907,0.13452210468893977,0.3160046771794516,0.47076343085962047,-0.46451655077770737
44,0.7833441677700343,-0.7367305947590208,0.10315747895232064,0.4139136572763287,-0.40273551675922525,0.3382251984586164,0.46632806486191036,-0.7309905649632653,-0.5967264093647646,-0.8143316355347734,-0.2442708398352671,0.8273589694487395,-0.06244000697811103,-0.031046404235303138,-0.528578524649076,0.7198061918646428,-0.917157612461089,-0.5288225957367596,0.21323282696224566,-0.35852136895413955,-0.8112993888146998,-0.5416017806477891,0.021207324210867462,-0.049855665935270244,0.08661748917973999
45,0.5963540656821453,-0.5535207796080224,0.9778920078696878,-0.651166456103216,-0.5613373214004489,-0.8642905847153841,-0.054842108583530225,0.5628287044533695,-0.8815412684467157,-0.28748689604931443,-0.08296196166709402,-0.4916801432054223,0.6611497477325134,-0.36245930784924774,0.21289720988024885,0.12064298353365532,0.7172260440436393,0.27809616340862786,-0.3279855191470258,0.4272437868655905,0.45592529045917596,-0.7376109810415505,-0.8689035923944468,-0.48485547810653995,0.9294602548378632
46,0.7345305782038036,0.2280102510668245,0.27493687633368813,-0.8003587868471598,-0.11589578350798457,-0.6375550675784536,-0.04353653226159038,0.7337930635524934,-0.6659633388049471,-0.6545178184278193,0.1722052264198144,-0.30365978453843434,-0.33050728791782236,-0.4700117912127455,0.9965986461128742,0.40198733830123046,-0.7490261873755868,-0.41230930997864035,0.5380813169021574,-0.14344204596838517,0.28750736691797396,-0.7189432662747655,-0.4900209172178267,0.45156328995893524,-0.29917176627120257
47,0.2735316127768548,-0.7111324534457464,-0.841472298011581,0.24044646881495302,0.29681623483232356,-0.20233851880137266,-0.4253964930793388,0.6643526472636974,0.60198541756767,-0.5317871289736871,0.48085930344352357,0.46791277895898786,0.8436692112207183,0.4254599882918746,0.04689745839956605,0.8585315636708033,-0.7933206970655291,0.5098015620067717,-0.20426176867599977,0.9139139444358024,-0.44051931524899146,0.6340590467071516,-0.9966342537687252,0.02595594078924779,-0.8662209878665363
48,-0.04588538981692447,-0.26229197378847124,0.7568500073345894,-0.35190782442085733,-0.535464583727137,0.14246984950904462,0.9700601595447511,-0.3819045776794492,0.3240803069108069,-0.5511935713114637,0.35483613819627813,-0.7409409530040001,0.6113678761501935,-0.33663053773639495,0.12844821997208467,0.26413628699514513,0.25908676498233696,0.21136489004891068,-0.7100199812493344,0.47820172533576555,0.7418224252886088,-0.06674861935812437,-0.8967133848345217,-0.7766052122285434,0.41567801454214437
49,0.838535493298237,0.07922091827447764,0.9271099376991601,0.4955970144301951,0.9106280654813996,-0.7596273169192265,-0.2159386003527426,-0.8409561615815706,0.21799815871896167,-0.6321157516974409,0.3656313425523332,-0.505737849623942,-0.2324853508127558,-0.5168992700323882,0.16832030568959744,0.9712019657911803,0.6174555023894417,0.1580310390802413,-0.726766659634609,0.6083083093180399,0.10183623762601446,0.8153633857071756,0.09013674309975706,-0.8073220142227868,-0.6621524134360679
50,0.8239382747143427,0.5923021747667598,0.8645588083521594,0.4805605256035592,-0.2794201006954582,0.13253427957914932,-0.03192918831196656,-0.8663887809642665,0.923053920308063,0.8030933972728536,0.7040963728652987,0.5069374182512938,-0.5319471529867732,0.34573643989888136,-0.22134334195920458,0.2501275075790841,-0.9667624608350354,0.7835397092506118,-0.5077085725598864,0.5564249253877696,0.044170929537075354,-0.8592638529567262,-0.5068156387198806,0.7185396232847432,0.5801056371580837
51,0.8076938099499773,0.07365961365669471,0.9705832986604288,0.5156077701116542,0.8901147794474167,-0.7596273169192265,-0.38705309781848385,-0.6815794982598156,0.16339632847301044,-0.673140016110978,0.1932279094364826,-0.5751250531052359,-0.2324853508127558,-0.5168992700323882,-0.0558915758440659,0.9712019657911803,0.6174555023894417,0.4725379227004489,-0.7631716118833494,0.49150447096314154,0.08836927896689972,0.8153633857071756,0.01964016401832991,-0.7696708529275968,-0.4345478693785072
52,0.8874208799593821,0.3686722251944685,0.6177651912279096,-0.2634722573041075,-0.9946175052595811,-0.9864988774775729,0.6613796913619496,-0.4320543646584576,-0.5036561355493774,0.627668359178744,0.6113300570321458,0.7924763298542177,-0.366114716573277,-0.07622499563209795,0.4453776533016154,-0.8643850839167895,0.7456496595134088,-0.6154088962750948,-0.8519933719886277,0.2275327182180904,0.2798998755200157,0.39326246420304756,0.5548246583977487,-0.9712472187348511,-0.9860996221614773
53,0.9944514303523655,0.9918637337777343,0.6042205473124258,0.23022291607156453,-0.900315090893226,0.15229947801328403,-0.5314681020877208,-0.3131891572836287,-0.5782174963070437,-0.91066697279874,-0.08520759212161932,0.30199131933922096,0.2715599337037298,-0.512833186420081,0.03954092172048518,-0.6075024808401661,-0.12937876883590493,0.9542685800163235,0.9701594642929037,0.9404461971874605,0.17904146185322034,0.11518021204023565,0.6344828886077591,0.407898476970858,-0.1378892623959178
54,0.823588262840498,0.8175818491290745,-0.46516624427718356,-0.538769260840321,0.5732328238153586,0.5046702443197799,0.04337682163755474,0.27117341521313443,-0.49142171737451346,0.5147267635754993,0.4234512951892604,0.3272047776607261,0.8888912329363297,-0.45929701883761553,-0.19289105369237713,0.6101788268329178,-0.5971083451143959,0.18154001055175728,0.45985486605100023,0.8686439774271142,0.27820322840159384,0.8028052748616601,-0.27113886800377207,-0.4543888121738875,0.43264424776417276
55,0.8785358267027885,0.10585036678546511,-0.5713577281036775,-0.18619405419563684,-0.7407254119924485,-0.021055017551763422,-0.6087518409338313,0.06227907442269576,-0.06389402282656054,-0.36079098035754487,-0.9846935568614448,-0.857237888085504,0.9824001276809657,-0.8566566641747855,-0.24531750294091115,-0.051071734690808945,0.5211591121468377,0.5399251888970475,0.7934827594304201,-0.10287699366149372,0.4700667466605841,0.32628178298052424,-0.00883962371949476,-0.13832371081670125,0.07381559384822278
56,-0.10313927268624767,-0.4307336275959497,0.8176894296775035,0.3792595634480911,0.9490719931740392,0.6760775945881157,-0.33397139741355475,-0.09710593513458221,0.3487151231187382,-0.41646553251052865,0.10376901155478113,0.1444726436542163,-0.7441085995334542,0.975949315493088,0.009218196011473223,-0.10934945366894233,-0.6690795964152261,0.32098255378726726,-0.9591977947842012,-0.538121983618358,0.25166009329209116,-0.5484011627480854,0.3918266982519685,-0.2025344840879275,0.08817320325616018
57,0.411984223611807,0.9049995360405019,-0.4051055923806939,0.7665746041963657,0.9986350100497436,0.202676543864299,-0.08195785727280658,0.812730649606815,-0.3477828950002544,-0.19768493461849013,0.23540028197859897,-0.17441966205251136,-0.6490268966545609,-0.3970840716132611,0.6054976459477444,0.6377868539919138,-0.7590236703801281,-0.3362508575201957,-0.6435062725417624,0.5565828098407333,0.2509345648303867,-0.9397334553909296,-0.8244743494320363,-0.4227283276157974,-0.5345456827932564
58,0.8063405202069271,0.07477115427286773,0.9705832986604288,0.5891188035747577,0.8973036517258861,-0.7596273169192265,-0.2159386003527426,-0.8052585218827064,0.2678599389764744,-0.7336871157774016,0.3722272854143771,-0.505737849623942,-0.2324853508127558,-0.5168992700323882,0.05535854458888667,0.984263256881061,0.5385551091609491,0.22483165434912822,-0.726766659634609,0.49150447096314154,0.08836927896689972,0.8153633857071756,0.02114966606577018,-0.8714167802529755,-0.6895890610687463
59,0.9870384122522371,0.250642670177321,0.39279401864565067,-0.17464582839978116,-0.9924737131077594,-0.441811008550405,-0.7500004169942194,0.8790539480386992,-0.9498353220139879,0.547711122336618,-0.18880084756685678,-0.451129824280331,0.1462717137611711,-0.3035943584332663,0.1031734229219663,0.7330352126408548,-0.09376921189737475,0.1893617910807932,0.7516346444877096,0.6259176769778119,0.5462455829715933,0.9748901101663092,-0.5104292465546734,-0.6114059471896565,0.3913757912137297
60,0.7345305782038036,0.19260639193732998,0.28822613004355,-0.8267355873210895,-0.1265329789702785,-0.6197469021493391,-0.04353653226159038,0.7337930635524934,-0.6422340388151087,-0.6545178184278193,0.42387716055377145,-0.30365978453843434,-0.3060438659117204,-0.21345384556337277,0.9965986461128742,0.30498475771971556,-0.7490261873755868,-0.41230930997864035,0.5380813169021574,-0.14344204596838517,0.28750736691797396,-0.7953053992412582,-0.4900209172178267,0.45156328995893524,-0.30837636707000415
61,0.8330168251319772,0.07922091827447764,0.9271099376991601,0.4955970144301951,0.9730189243772991,-0.7878287265317909,-0.14932378105872202,-0.7497670866359853,0.16339632847301044,-0.6321157516974409,0.3656313425523332,-0.505737849623942,-0.2324853508127558,-0.5742593243453729,0.16832030568959744,0.9712019657911803,0.6174555023894417,0.1571073115278041,-0.726766659634609,0.49150447096314154,0.10183623762601446,0.8153633857071756,0.113383567780724,-0.8073220142227868,-0.6621524134360679
62,0.7345305782038036,0.2063908146188136,0.27493687633368813,-0.8956285786790275,-0.11589578350798457,-0.6375550675784536,-0.04353653226159038,0.7719512322648865,-0.7192757111263621,-0.6545178184278193,0.016222617799699357,-0.13753785311816524,-0.33050728791782236,-0.4700117912127455,0.9965986461128742,0.40198733830123046,-0.7490261873755868,-0.590215376408602,0.5380813169021574,-0.14344204596838517,0.08493372636409102,-0.4820874242370339,-0.4900209172178267,0.45156328995893524,-0.4815088756767987
63,0.010537150677099039,-0.652354047380479,0.6178147223645962,-0.6444849534810413,0.573429046541968,-0.06967510216700479,0.2706491848861665,-0.31060024627166327,0.8907785601946532,-0.5455496287467188,-0.25723162531576027,-0.024699359226682427,0.654124379907095,-0.7249449156944956,-0.26103370492241496,0.5244033013224927,0.5391277258891045,0.6157227351121015,0.046682368795635254,0.9158230723117917,-0.01687794922608421,0.9729802318834286,0.05797640648614144,-0.8761215481961042,0.48153977265392856
64,0.8063405202069271,-0.0824621660696343,0.8366902771246614,0.4955970144301951,0.8852381914172749,-0.9789062625282328,-0.2159386003527426,-0.7415770715796217,0.12507634471086293,-0.5813494614223238,0.24509585569282133,-0.505737849623942,-0.21538902776442925,-0.489546152540562,0.18568894827677362,0.9717911178661123,0.48613946956001675,0.22483165434912822,-0.8302779414552313,0.37156204593988806,0.27929735174229187,0.8192145606248629,-0.270266530788823,-0.8030734616263588,-0.6621524134360679
65,0.8874208799593821,0.5400873431462683,0.2882107072419191,-0.2634722573041075,-0.9996598136347508,-0.9933938775146676,0.6613796913619496,-0.487301762180286,-0.6996991767442398,0.8252913964509652,0.8222739910388401,0.8686869304730158,-0.366114716573277,-0.037370644512265905,0.5542037375846187,-0.9300206408274521,0.9224877452576383,-0.5082107952003667,-0.8519933719886277,-0.19782924165017057,0.1076645359076609,0.47606195690247066,0.4832024309803902,-0.9021651084605908,-0.9860996221614773
66,0.6796341992217045,0.055699792835423256,0.21422622214868037,0.06949274925488025,0.771076673584234,-0.42065104035749235,0.7456330666045625,0.38522352787273917,0.6163519729650524,-0.9125551520356991,0.6166850192571895,0.6546268692393951,0.039852549039912866,0.5742196031138509,-0.05407328035457781,-0.9640714000344728,-0.1641560007717462,-0.7344766840572499,0.1601135862404368,0.9387890063685993,-0.2587732048418778,0.24670061804089638,-0.6699533826385904,0.6833721856086539,-0.8998590261428869
67,0.4591329043414154,0.5719904952768815,-0.4120926226560029,0.2580705904574456,-0.8755589621444737,0.12059734966539071,-0.7100248612720275,0.7369484435034341,0.304511637814987,0.26066450327798685,-0.0021475422986887427,0.8319384493294606,-0.4497446363772175,0.7579700347485803,-0.8832962358709584,-0.6631642084573852,-0.293265403363135,0.7018436561102532,-0.772468711911851,-0.7576388843969206,-0.09662351033042094,-0.5582254021796134,0.16182285024260445,0.2367786543604622,-0.0768160697207414
68,0.3737724114101897,0.6463492443868017,0.6846328438705129,-0.16668204025011812,0.07611219877838549,0.04250338539153131,-0.3035404315693102,-0.48221908874817143,-0.06629052854868256,-0.06853668921431777,-0.387687201645287,0.7143644183336448,-0.7321480749209894,-0.27633351221465197,-0.20510353588175523,0.19329942915989995,0.7772753252407802,-0.2628297180140027,0.24535198604937203,0.9622882013449698,-0.3911496580014213,0.9326935860014409,0.401799203141862,0.6362241022459645,0.6120298923234864
69,0.8330168251319772,0.07922091827447764,0.9817787409010394,0.4955970144301951,0.8956044781736114,-0.7878287265317909,-0.1243481179999586,-0.8181157560877927,0.16339632847301044,-0.6321157516974409,0.3656313425523332,-0.505737849623942,-0.2324853508127558,-0.5742593243453729,0.16832030568959744,0.4405992678998234,0.6174555023894417,0.1571073115278041,-0.726766659634609,0.49150447096314154,0.10183623762601446,0.8153633857071756,0.113383567780724,-0.8073220142227868,-0.6621524134360679
70,0.7824904490909226,-0.14229250263162063,-0.46575791861946225,-0.40951857535304526,-0.18197124557857447,-0.7508558693559557,-0.7343345507049555,0.9818597167880547,-0.5842416810772848,0.3159885343637103,-0.13337724053881472,0.1571092405207053,-0.9582234387476758,0.6081431531053387,0.31620023030970845,0.6682101966633571,0.47048773373270625,0.7605853951356947,-0.10892535362741529,0.14957671372043135,-0.14315759663404148,0.37509837285622916,0.597315812248906,-0.9545547717314995,-0.08199184476386301
71,0.707365560497736,0.5412376522147087,-0.562513464726317,0.27662152339208124,0.9909650329716111,0.6840691120040294,0.15506271236342228,-0.6461799057545972,-0.27050301865885684,-0.7948670662249584,0.017686708708849697,-0.9725789056152825,-0.37252679263324007,-0.5047268842719232,-0.625135537599715,0.22243177856769547,-0.5360303427195843,-0.2579733367415078,0.23275411050122385,0.4328111128029988,-0.2601867266223514,0.036237595233962416,-0.7179838949681041,-0.9631386163822051,0.43647993185727296
72,0.8310608734617473,0.41575323646334716,0.8645588083521594,0.5635956375453213,-0.24713006671663051,0.13253427957914932,-0.03192918831196656,-0.8411235031405973,0.9951380413282014,0.9894739664469026,0.7040963728652987,0.6236453717023547,-0.5319471529867732,0.2723569050646486,-0.26082007785538375,-0.0934766084460581,-0.9064628866597115,0.7542913202439396,-0.49185460314048,0.5564249253877696,-0.1613654598048444,-0.8579471873923556,-0.5068156387198806,0.9969177862634886,0.5801056371580837
73,0.8063405202069271,0.07477115427286773,0.9705832986604288,0.5891188035747577,0.8973036517258861,-0.7596273169192265,-0.2159386003527426,-0.7497670866359853,0.2678599389764744,-0.7336871157774016,0.3722272854143771,-0.505737849623942,-0.11231042051951334,-0.53839021384208,0.05535854458888667,0.984263256881061,0.6174555023894417,0.03185920389696739,-0.726766659634609,0.49150447096314154,0.08836927896689972,0.8153633857071756,0.02114966606577018,-0.8073220142227868,-0.6621524134360679
74,0.7221061575143681,0.09406779082165118,-0.6853477346990771,-0.28052822115872855,0.4086295702131937,0.6430994588829546,0.6208377908749634,-0.4308631963584737,-0.49631957195464205,-0.552259522263812,-0.2946984274752824,0.8482275785128441,0.18377093213910678,0.3507635709419068,0.7234604592024281,0.6178007856487875,-0.9946801220000274,0.9186830724740012,0.23701472483483932,0.09462049968164932,-0.14084261444311075,0.585463062837607,0.8355122684559317,-0.3821965467456556,-0.673337581086064
75,0.5085888360209607,0.6094118989432118,-0.4051055923806939,0.7665746041963657,0.9970750090200644,0.202676543864299,-0.08195785727280658,0.812730649606815,-0.3477828950002544,-0.1104062773497787,0.23540028197859897,-0.11679307803311478,-0.5509089507843867,-0.3970840716132611,0.6054976459477444,0.767880985372478,-0.892785044473013,-0.35507840835660986,-0.6672040175134673,0.6632047529443439,0.2509345648303867,-0.9028263078767826,-0.8244743494320363,-0.4227283276157974,-0.5345456827932564
76,0.7977904086047651,0.8180859938504133,-0.08542457186283392,-0.10588112960234053,-0.6946269070970974,0.4765893566692163,-0.13090083542834607,0.18791611665970365,0.4828176450119448,-0.5030414798074059,-0.8488526232564055,0.6046024631971088,-0.5301959475068856,-0.6253810787249452,0.6430978038025001,-0.027044399973395583,0.23497880538904004,0.8132997055368376,0.7674789944081881,0.5049923141080588,-0.3896935552015479,-0.7430645501710846,0.9204378553377714,-0.4880497326385056,0.41875692689961164
77,0.8046547947805702,0.0876350713251215,-0.24987318448163087,-0.5169404859920665,0.7982072242817704,-0.666613773150661,-0.8299328228437022,0.6585367639253239,0.10631409839833261,0.905981010882561,-0.13546728637722238,-0.13687152176947848,0.9234011375007947,-0.6154714469841454,0.714340717550316,-0.9377564393222391,0.8559779321657299,-0.9143123667398292,-0.5555497263047666,-0.6186303786959411,-0.24451734568085515,-0.15864185648771856,-0.2227451283277886,-0.41740345648772026,-0.836402772472973
78,0.585247469765998,-0.24124375988939772,0.7642325807379795,0.4769105806945615,0.7548650305606317,-0.6698687936886272,-0.17024115434815745,0.0405493188844146,0.15628487326356155,0.30088632036403373,0.9884580585178238,-0.665083967429241,-0.5233747519129837,-0.8284604932223105,0.47054492725007147,0.9228886424104876,0.22337896496508236,-0.8567216237919371,0.3411859684790022,-0.06530130382133414,0.6462264110414708,0.7119540138579015,0.07197716327594517,-0.6414983365561842,-0.22784927968470448
79,0.603270131772915,-0.2501512269303201,-0.737808334440168,-0.9391960381542601,0.4951945804287239,0.6650451913654571,-0.2507497192599617,-0.36393003967373994,-0.8792088895771031,-0.5182417591324757,-0.09316927754213888,-0.6008223805160184,-0.8800241693295612,0.7046275762777483,-0.21592071248195155,0.37350645476471,0.7417146815476663,0.5358211635632555,-0.08629991830622363,0.9062063862487295,-0.980633682961213,-0.5730184674887733,0.10378847772143374,-0.6095404858429301,-0.995355028701292
80,0.7977904086047651,0.8922354607702727,-0.08542457186283392,0.01921209613709962,-0.6803612426191628,0.4765893566692163,0.1081958184766596,0.2088658666082679,0.48714259535842985,-0.5030414798074059,-0.8488526232564055,0.6046024631971088,-0.5301959475068856,-0.3723044111527076,0.8447019272065937,0.08835922210636071,0.26852816133515645,0.6874810286110704,0.7674789944081881,0.530776367247767,-0.3045679244547068,-0.7168604499274647,0.8776485251827122,-0.4880497326385056,0.5646825378496771
81,0.883696627790374,0.5923021747667598,0.9690908915918968,0.5365765320010607,-0.2693912757758232,0.13253427957914932,0.1568066317195953,-0.8264626737260061,0.923053920308063,0.8030933972728536,0.8447051814457909,0.5256338606839157,-0.39984449940433486,-0.026793006007850728,-0.20187356689424685,0.2456184918651214,-0.7181681669127815,0.7318223186868149,-0.5738171428031309,0.4999832401818811,0.044170929537075354,-0.8592638529567262,-0.5068156387198806,0.7151239925380988,0.5787818084401044
82,0.7977904086047651,0.8922354607702727,-0.08542457186283392,0.01921209613709962,-0.6803612426191628,0.4765893566692163,0.1081958184766596,0.2088658666082679,0.61316016152805,-0.45244138901792996,-0.8488526232564055,0.6046024631971088,-0.5301959475068856,-0.498581701844484,0.8447019272065937,0.08835922210636071,0.26852816133515645,0.6874810286110704,0.7674789944081881,0.530776367247767,-0.3045679244547068,-0.7168604499274647,0.8776485251827122,-0.4880497326385056,0.5646825378496771
83,0.8336813230175864,0.310499620195003,-0.857792160219744,0.7105141904019596,0.802050884468674,0.44662819427194256,-0.6567163697927965,0.12188274776945418,0.8531800118095536,0.8017187982140526,0.9240694115127313,-0.3562730500044544,0.3493437747226691,-0.7042876953458019,0.008101147690357857,0.8268847916028188,-0.534479778421699,0.8622044481065156,0.23178687703202572,0.3781269205039237,0.8956136257859648,-0.6791781700933144,0.9252414216146467,-0.5572266481362171,-0.2321217134711533
84,0.6929183563814021,0.21964636910924273,-0.3877030639410046,0.7520637474303631,-0.3293618790742856,-0.6292290284240047,-0.07899326770968074,0.4743692473566963,-0.8386113904306249,-0.09849656833630016,-0.18836549033266703,0.6998175366552495,-0.5227055434722179,-0.8695988766093239,-0.9407608528610012,0.5582995286836354,-0.483313079680445,0.6792809938968618,-0.9451123705096027,0.18763811472564274,0.8054779042820486,0.6350753467860111,-0.5590729451484959,-0.9902185388125464,0.755844683772215
85,0.8076938099499773,0.07365961365669471,0.9705832986604288,0.5156077701116542,0.8901147794474167,-0.7596273169192265,-0.38705309781848385,-0.6815794982598156,0.16339632847301044,-0.609909585808821,0.1932279094364826,-0.5751250531052359,-0.2324853508127558,-0.47998227410694905,0.05406001211862721,0.8913027851639368,0.6174555023894417,0.4725379227004489,-0.7631716118833494,0.41181860070134646,0.08836927896689972,0.8153633857071756,0.01964016401832991,-0.7696708529275968,-0.4345478693785072
86,0.7345305782038036,0.2280102510668245,0.2534790690061579,-0.8819410379040657,-0.1265329789702785,-0.5899860060326354,-0.04353653226159038,0.7293772789254909,-0.6659633388049471,-0.6545178184278193,0.1722052264198144,-0.30365978453843434,-0.33050728791782236,-0.21345384556337277,0.9965986461128742,0.30498475771971556,-0.7490261873755868,-0.3870051338434155,0.5380813169021574,-0.14344204596838517,0.28750736691797396,-0.7953053992412582,-0.4900209172178267,0.45156328995893524,-0.30837636707000415
87,0.2830189289032119,-0.4688986581983656,0.9804731261259076,0.9221407444213632,-0.3612353783745472,-0.5021797890141733,-0.14303219572404324,0.5771385279921697,0.0571246224382016,0.7034705194887332,-0.06864618953965906,-0.24465497880225984,0.08161027829180534,-0.11126184153010787,0.9029082223556071,0.40470740810047934,-0.6572871278743793,0.3158935253163957,-0.18427072678689638,-0.32691665650145474,-0.1211685941054117,-0.3040403826742766,-0.3100045613714657,-0.9169846876389602,0.12276348545163507
88,0.7824904490909226,-0.14229250263162063,-0.8947087579430615,-0.41968285617834455,-0.09447673020549496,-0.7508558693559557,-0.7343345507049555,0.9818597167880547,-0.4951171968493797,0.20737333297683258,-0.13337724053881472,0.15610108453724414,-0.9933586929581095,0.6077995502304094,-0.05420138617173875,0.6682101966633571,0.47048773373270625,0.7605853951356947,-0.2245084616713151,0.15062156485657408,-0.14315759663404148,0.37509837285622916,0.4957178941322864,-0.9545547717314995,0.025469204434711568
89,0.8114269465430979,0.36708923846418906,-0.38425760395042863,0.33065089329970765,0.9858625227305726,0.6840691120040294,0.22019240578029597,-0.6767313287266656,0.03355337688398552,-0.7948670662249584,0.5135556887856443,-0.94379739284156,-0.37252679263324007,-0.6466354877393137,-0.40099048221337275,-0.006510601170004238,-0.5360303427195843,-0.2579733367415078,0.22527393101804694,0.4328111128029988,-0.38982169846154324,0.036237595233962416,-0.7179838949681041,-0.9631386163822051,0.43647993185727296
90,0.7624021062867541,-0.14229250263162063,-0.46575791861946225,-0.18593712892125658,-0.04358488147281325,-0.7508558693559557,-0.7343345507049555,0.9818597167880547,-0.5842416810772848,0.3159885343637103,-0.01333158523913669,0.1571092405207053,-0.9582234387476758,0.6081431531053387,0.31620023030970845,0.6845549722397664,0.47048773373270625,0.7605853951356947,-0.11569737109830003,0.14957671372043135,-0.14315759663404148,0.37509837285622916,0.597315812248906,-0.9545547717314995,-0.08199184476386301
91,0.603270131772915,-0.2501512269303201,-0.737808334440168,-0.976876649681665,0.4951945804287239,0.6650451913654571,-0.1492951045783968,-0.36393003967373994,-0.8192368449397882,-0.5182417591324757,-0.09316927754213888,-0.6008223805160184,-0.8082765597926918,0.7046275762777483,-0.21592071248195155,0.29406761796053615,0.7417146815476663,0.5358211635632555,-0.08934824610680758,0.9517286291959985,-0.980633682961213,-0.5730184674887733,0.10378847772143374,-0.6095404858429301,-0.995355028701292
92,0.38501649955117,0.7111167757217784,0.19662495556975457,0.15809402502208658,-0.5429396351856295,-0.6858843888370969,-0.7178355413310225,-0.09684677131570996,-0.464059645024963,-0.6509244739058999,-0.0702136740314514,-0.6299776210144115,0.3593355682189099,0.694960784985388,0.7972218907108244,-0.9776723982790096,-0.5179566597091263,-0.5401888846282157,-0.9023775921883905,0.6448032661744862,-0.7310840983018785,0.8668526992437888,-0.07364464968681883,0.813229957342509,0.36799049885916313
93,0.7977904086047651,0.8922354607702727,-0.08542457186283392,-0.05157843905141313,-0.6803612426191628,0.4765893566692163,0.1081958184766596,0.2088658666082679,0.61316016152805,-0.3420988848534825,-0.8488526232564055,0.6046024631971088,-0.5301959475068856,-0.498581701844484,0.8564222590357649,-0.21968242136956984,0.24030963930359395,0.6874810286110704,0.7923068791518189,0.530776367247767,-0.35137063083659115,-0.7168604499274647,0.8776485251827122,-0.4880497326385056,0.5646825378496771
94,0.8607881688699024,-0.9998809333959993,0.0779187090191722,-0.2614071307089616,0.23118815191981046,-0.8076470134819012,-0.998090382997268,0.7185167983414678,0.0730294302585941,-0.06766384771386336,0.7936909313568075,0.7795922232661214,0.7251553617458286,-0.9809207363543075,-0.1396920053945936,0.9358617576369443,0.4808773303511733,-0.09362521488135567,0.5551801372688077,0.10566839973008957,0.4656909564674898,-0.2523712620307843,-0.2101366818733088,-0.5882925347670678,-0.9744430987995361
95,0.03309791319124167,-0.4069724981816427,-0.31967484767742316,0.7463167449017147,-0.3128045250302347,-0.17442793746351737,0.20760793719837678,-0.4782105856598968,0.8018345716708732,0.4393686910889609,-0.6182674419136713,-0.9990222106183713,-0.2947300121691041,0.654298685853967,0.05036332710872249,0.6583264971200673,-0.11617168379978104,0.5095208560785005,-0.22563499987545654,0.05908929160893894,0.3525820260805046,0.07272659431633977,-0.372701941151373,0.48787851197126497,-0.3417082053618994
96,-0.2897626859219693,-0.26071973379926616,0.5131784787805072,0.9709751817928454,0.06431078125196787,-0.6121514617359929,0.8080184041029621,-0.8013099758457127,0.11459984339995555,0.5328486612139354,0.3534330240252128,0.2513728226292362,-0.6729874976756223,0.1888604243377081,-0.7041312659376182,0.9445279491408631,0.7044776088453841,0.6178839639925398,-0.6696128571434654,-0.6843895582259414,0.295171304140591,-0.9639496734199309,-0.6658823950178172,-0.37616766096020315,-0.4069187762846054
97,0.8499910444498393,-0.721663016409863,0.2905815752001,-0.6210023453316997,0.9003735611251349,0.01595631706714995,0.1397613803938702,0.30779924298073125,0.136886853193654,0.5657883081626323,-0.15008937527020305,0.9560491626306404,0.509921139195612,0.749256780379914,-0.7235980313897448,0.4463966738443763,0.02318536147337036,-0.13587058118772477,0.8918375647153693,-0.4276921633865427,-0.3739687765577482,0.20039845334840378,-0.3035960230438053,0.03213362268105491,-0.5342761416026336
98,-0.007802258871648204,-0.6481055563581761,0.7757317594887756,0.576991879714319,-0.48520228881012906,0.31174016454426634,-0.36715219499465057,0.1596326603048257,0.2825737512528472,-0.3771731313879596,0.8274703055879431,0.3275866806892893,0.8692871129423008,-0.7945256036182402,0.7417671595122339,-0.7593664063790515,0.2777412199818241,0.8895780782060594,0.8474625488780707,-0.46949839839975915,0.10192850264610209,-0.21578199526340613,0.29949787409856254,0.4988082027568419,0.25799838846494016
99,0.44644429018783516,0.06694937054063455,-0.8286482167537466,-0.6874652656131288,-0.6361203559208024,0.582455228489998,0.40827891282112194,-0.08808560861575132,0.7945909903288413,0.6550815341989962,-0.0006714473694340306,0.7940667048736216,0.7730143823850164,-0.5595747012363694,-0.037354738811699484,-0.26844335082654536,0.8408960112079744,0.09751704241327985,0.7568308715811587,0.39164019449506493,0.4053100885037273,-0.5281428512296336,-0.8291296507257266,0.17908045238799342,-0.08204197133506863
100,0.6796341992217045,0.055699792835423256,0.32035856215202174,0.06949274925488025,0.8784609559914196,-0.4007677320953198,0.7456330666045625,0.3702813922529691,0.6163519729650524,-0.5783573998771074,0.6166850192571895,0.6546268692393951,0.11648028083573592,0.5742196031138509,-0.05407328035457781,-0.9623488818517352,-0.1641560007717462,-0.7857939124172308,0.1601135862404368,0.9207715490524724,-0.2556255929597162,0.24670061804089638,-0.6699533826385904,0.5072972749582119,-0.9727322588469953
101,0.8336813230175864,0.29280647750718236,-0.857792160219744,0.7105141904019596,0.802050884468674,0.44662819427194256,-0.6567163697927965,0.12188274776945418,0.8531800118095536,0.8017187982140526,0.9240694115127313,-0.3562730500044544,0.3493437747226691,-0.7042876953458019,0.008101147690357857,0.8268847916028188,-0.491450306792526,0.8622044481065156,0.23178687703202572,0.3781269205039237,0.8956136257859648,-0.6791781700933144,0.9252414216146467,-0.5572266481362171,-0.29605704982931114
102,0.7355900479889637,0.033289438538659955,-0.4488887586363228,-0.5537794931427309,-0.6712097769523837,-0.6084377864655155,-0.9966608313600609,-0.6528781761039728,0.6810909824778468,-0.7508961782868404,-0.16766744641996456,-0.018749294033808095,0.14152134350248868,0.7500124736635809,0.8590642168292333,-0.8700069184938704,0.36479441432419124,-0.9905581728982933,-0.21536442877529027,-0.7722497502141341,-0.47517525156049745,0.10074903364175403,-0.17248497179360478,-0.9610802541348071,0.4772492584094985
103,0.7606242022956509,0.2280102510668245,0.28822613004355,-0.8833159003482369,-0.1265329789702785,-0.5899860060326354,-0.04353653226159038,0.7337930635524934,-0.6659633388049471,-0.5394364849387359,0.1722052264198144,-0.30365978453843434,-0.29387501330705224,-0.21345384556337277,0.9965986461128742,0.30498475771971556,-0.7490261873755868,-0.5016342138518184,0.5380813169021574,-0.14344204596838517,0.28750736691797396,-0.9022284355352788,-0.4296722929353136,0.45156328995893524,-0.4938498308330872
104,0.2830189289032119,-0.407328240778543,0.9587110462083355,0.9221407444213632,-0.5248874208318339,-0.37065283634389656,-0.01781952528785724,0.6094564129400846,-0.041141341665089204,0.6217005724575138,-0.08756013048979572,-0.3117891024490793,-0.07325547684153699,0.02191141227764426,0.9029082223556071,0.24196287198139044,-0.6572871278743793,0.22841112080781856,-0.10123463207707961,-0.38015299121604373,-0.1211685941054117,-0.22876928720974776,-0.3100045613714657,-0.9169846876389602,0.051792014600618774
105,0.8063405202069271,-0.04222441815551825,0.9772509929199629,0.4955970144301951,0.8852381914172749,-0.7119373133990394,-0.2159386003527426,-0.6866809056622061,0.16339632847301044,-0.7492488866279228,0.3201188068093066,-0.2841078015026768,-0.2324853508127558,-0.3122312591351748,0.1996470407900599,0.9712019657911803,0.517379780133461,0.05771317237139173,-0.726766659634609,0.6387514136414238,0.009627427482276074,0.8153633857071756,-0.07984516740323722,-0.8074992941897494,-0.8446194618019722
106,0.6796341992217045,0.03542894344589809,0.21422622214868037,0.06949274925488025,0.8784609559914196,-0.25656826748122574,0.7456330666045625,0.21162255079693026,0.6163519729650524,-0.9125551520356991,0.6166850192571895,0.6681433635999097,0.11648028083573592,0.5742196031138509,-0.05407328035457781,-0.959442418204665,-0.1641560007717462,-0.7618014218409088,0.1601135862404368,0.9498786410856177,-0.24693086271312237,0.24670061804089638,-0.6699533826385904,0.6833721856086539,-0.9727322588469953
107,0.49987090269377554,-0.9057984612392642,0.23034877406741439,-0.09736711793615727,0.5378181250556797,-0.054157813588210146,0.2660031948417503,-0.7474424178058781,0.9277031625760184,0.8951792788068089,-0.16203656824970714,0.422962349729457,0.8619912339573577,0.4155417622412456,0.17894815010783915,0.8627529491582508,-0.08505478033801395,-0.32098303609403644,-0.4042159152810616,-0.9224268568255936,-0.7985971380900203,0.612614072526833,-0.6674733751178483,-0.04860192118583506,0.6999993695197329
108,0.7833441677700343,-0.7367305947590208,0.13548921422347981,0.4139136572763287,-0.40273551675922525,0.3382251984586164,0.4138074423746039,-0.7309905649632653,-0.543857991054816,-0.7406133188129749,-0.15312610616375677,0.7566258013467915,-0.06244000697811103,-0.03072649920392556,-0.5030735030716575,0.3589066294403438,-0.917157612461089,-0.5288225957367596,0.17066399145237532,-0.33828029849788943,-0.8112993888146998,-0.5416017806477891,0.0313119497273362,-0.04255277986361872,0.08661748917973999
109,0.7582397211547596,0.2280102510668245,0.2534790690061579,-0.8819410379040657,-0.1265329789702785,-0.5899860060326354,-0.04353653226159038,0.5106062540208018,-0.692487920324675,-0.6545178184278193,-0.021980650792326584,-0.30365978453843434,-0.33050728791782236,-0.21345384556337277,0.9965986461128742,0.30498475771971556,-0.7490261873755868,-0.3870051338434155,0.5380813169021574,-0.14344204596838517,0.3578955321706927,-0.7953053992412582,-0.5294338285819229,0.45156328995893524,-0.04215997674319372
110,0.7833441677700343,-0.8754951407425768,0.13548921422347981,0.4139136572763287,-0.40273551675922525,0.3382251984586164,0.46632806486191036,-0.7309905649632653,-0.543857991054816,-0.7406133188129749,-0.2178405394997427,0.8273589694487395,-0.2254850856317363,-0.03072649920392556,-0.5030735030716575,0.5048261980250768,-0.917157612461089,-0.5288225957367596,0.17066399145237532,-0.28456959165670437,-0.8112993888146998,-0.5416017806477891,0.0313119497273362,-0.061529179076668994,0.08101883450754199
111,0.6691636496987483,0.2280102510668245,0.23548474806919062,-0.8656163612631638,-0.1265329789702785,-0.577041561565174,0.35002942499425793,0.7337930635524934,-0.6659633388049471,-0.7141568191072638,0.1722052264198144,-0.30365978453843434,-0.33050728791782236,-0.20264508682713522,0.9973215267187627,0.5577159179712736,-0.7490261873755868,-0.11712699571276097,0.5380813169021574,-0.0911807783579377,0.28750736691797396,-0.7547143282986573,-0.6865547353553774,0.45156328995893524,-0.30837636707000415
112,0.2830189289032119,-0.4688986581983656,0.9516559634555453,0.9221407444213632,-0.36563434680883145,-0.5021797890141733,-0.14303219572404324,0.557985043548131,0.0571246224382016,0.7034705194887332,-0.06864618953965906,-0.24465497880225984,0.08161027829180534,-0.11126184153010787,0.8298182139976484,0.40470740810047934,-0.6572871278743793,0.3158935253163957,-0.18427072678689638,-0.32691665650145474,-0.1211685941054117,-0.2550131986052815,-0.3100045613714657,-0.9169846876389602,0.12276348545163507
113,0.8607881688699024,-0.9998809333959993,0.0779187090191722,-0.2809769784648617,0.23118815191981046,-0.8076470134819012,-0.998090382997268,0.7185167983414678,0.0730294302585941,-0.03830978284339803,0.7936909313568075,0.7795922232661214,0.7251553617458286,-0.9792755728778577,-0.1396920053945936,0.9358617576369443,0.4808773303511733,-0.09362521488135567,0.5551801372688077,0.10566839973008957,0.4656909564674898,-0.2523712620307843,-0.2101366818733088,-0.5882925347670678,-0.9744430987995361
114,0.7243260300881971,0.03542894344589809,0.21422622214868037,0.06949274925488025,0.8784609559914196,-0.25656826748122574,0.7456330666045625,0.3702813922529691,0.6163519729650524,-0.9125551520356991,0.6166850192571895,0.6681433635999097,0.11648028083573592,0.5742196031138509,-0.05407328035457781,-0.959442418204665,-0.1641560007717462,-0.7344766840572499,0.1601135862404368,0.8975265669627237,-0.021346962019586302,0.24670061804089638,-0.8014910018327319,0.6833721856086539,-0.9727322588469953
115,0.8046547947805702,0.0876350713251215,-0.24987318448163087,-0.5169404859920665,0.677001243837765,-0.666613773150661,-0.8299328228437022,0.6585367639253239,0.10631409839833261,0.905981010882561,-0.13546728637722238,-0.13687152176947848,0.9234011375007947,-0.523834599115677,0.714340717550316,-0.9377564393222391,0.8559779321657299,-0.9143123667398292,-0.5555497263047666,-0.6186303786959411,-0.24451734568085515,-0.15864185648771856,-0.2227451283277886,-0.6716227377096873,-0.836402772472973
116,0.7291077712064984,0.396414212534828,-0.3877030639410046,0.7520637474303631,-0.3293618790742856,-0.6292290284240047,-0.06436405203074913,0.4743692473566963,-0.8689991378664501,-0.09849656833630016,-0.18836549033266703,0.6998175366552495,-0.5227055434722179,-0.8695988766093239,-0.9407608528610012,0.49064964918061493,-0.483313079680445,0.6792809938968618,-0.8096073789563054,0.18763811472564274,0.9949647687901455,0.5062610966051293,-0.5590729451484959,-0.9946603606850681,0.7781707434046063
117,0.8409005975720352,0.1748089830252184,0.9813272469752254,0.5762718532383926,0.8852381914172749,-0.8641942043863533,-0.20295108769635428,-0.7249032056386957,0.16339632847301044,-0.9131217731420072,0.36470799526559294,-0.505737849623942,-0.2324853508127558,-0.37271939653075514,0.49065417862455485,0.9712019657911803,0.5887323175273556,0.22483165434912822,-0.726766659634609,0.6441099263100689,0.009627427482276074,0.9194188122494367,0.006057261037714756,-0.7830845228253349,-0.6281905693216199
118,0.8607881688699024,-0.9998809333959993,0.0779187090191722,-0.2614071307089616,0.23118815191981046,-0.8076470134819012,-0.9985435639747866,0.7185167983414678,0.0730294302585941,-0.06766384771386336,0.7936909313568075,0.7795922232661214,0.7251553617458286,-0.9809207363543075,-0.1396920053945936,0.9358617576369443,0.4808773303511733,-0.09362521488135567,0.5388449661413992,0.10566839973008957,0.4656909564674898,-0.2523712620307843,-0.2101366818733088,-0.5882925347670678,-0.981227596850629
119,0.8330168251319772,0.07922091827447764,0.9271099376991601,0.4955970144301951,0.9730189243772991,-0.7878287265317909,-0.14932378105872202,-0.6671149160736514,0.16339632847301044,-0.7328229064258249,0.3656313425523332,-0.505737849623942,-0.18442552937613632,-0.5742593243453729,0.16832030568959744,0.9712019657911803,0.6174555023894417,0.1571073115278041,-0.726766659634609,0.49150447096314154,0.10183623762601446,0.8153633857071756,0.113383567780724,-0.8073220142227868,-0.6621524134360679
120,0.42585098160684454,0.8382372274050027,-0.5760506819305187,0.29044479446381244,0.8306118326300509,0.06905628001387698,0.292869090166604,-0.920561763503905,0.915158262716266,0.19525801148971977,0.3673231878311949,0.07810347492779623,0.666971377262223,0.9108406932128053,-0.5822222210271537,-0.021121619868101682,0.3619227186587255,0.32296914625573536,0.6208355220222959,0.7586770295707606,0.3952465085993879,0.503444996669326,-0.7696112178399428,0.15842217901648215,-0.41878394467541
121,0.13588030484083968,-0.9076701278057533,0.701734812982608,0.8024263526250526,-0.9481356386195294,0.09292346848691868,0.9260351602168817,0.9341688042133687,-0.7139594264632732,0.11675239380668434,0.8323845288785294,-0.31395282478460085,-0.2657093312234011,0.6302258269489553,0.7003429121616931,-0.6145214647535548,0.8307523994136325,0.8364872885001069,-0.04347737528620721,-0.035515197700180634,0.6944436465175101,0.1225982396689842,-0.9377743476748297,0.578190664190267,-0.06316394061009634
122,0.7221061575143681,0.09406779082165118,-0.6910149391472264,-0.28052822115872855,0.4212209950787198,0.6460790349971255,0.6208377908749634,-0.45403357415181045,-0.49631957195464205,-0.21434683721347425,-0.2946984274752824,0.7555533181677963,0.20197643599876147,0.36407361765198565,0.7888105433551558,0.6178007856487875,-0.9946801220000274,0.9186830724740012,0.335360142097763,0.09462049968164932,-0.19463992094717386,0.585463062837607,0.9693263509758407,-0.4568162686734367,-0.673337581086064
123,0.7291077712064984,0.396414212534828,-0.3877030639410046,0.8330170340330809,-0.3293618790742856,-0.6292290284240047,-0.06436405203074913,0.4743692473566963,-0.8689991378664501,-0.09849656833630016,-0.18836549033266703,0.6998175366552495,-0.5227055434722179,-0.7838087359584271,-0.9407608528610012,0.49064964918061493,-0.483313079680445,0.6138837695891133,-0.8096073789563054,0.12485103988947555,0.9949647687901455,0.5062610966051293,-0.5590729451484959,-0.9946603606850681,0.8336926835112057
124,0.7520087699573574,-0.07430368238347662,-0.6853477346990771,-0.27302965177639993,0.4212209950787198,0.645163000580083,0.6035406331010622,-0.47204669550457257,-0.5098208781740883,-0.21434683721347425,-0.2946984274752824,0.7983716334242039,0.4172219147445442,-0.04921728553011184,0.7147616668263954,0.6639418256553877,-0.7778224466593442,0.9186830724740012,0.335360142097763,0.09462049968164932,-0.19463992094717386,0.585463062837607,0.9693263509758407,-0.32077935346606856,-0.673337581086064
125,0.9770841900642768,0.10585036678546511,-0.6259342998547097,-0.18619405419563684,-0.7407254119924485,-0.021055017551763422,-0.18646989409346992,0.06227907442269576,-0.06389402282656054,-0.4279209278187479,-0.979253222819616,-0.7884583500225855,0.9694851015644017,-0.840007039349917,0.06457355312715762,0.030274440658091928,0.38880731967253035,0.4939348274272817,0.7753503434494307,-0.21968163570951038,0.4700667466605841,0.4566806634057736,-0.15229484997899356,-0.15502085305017066,0.07381559384822278
126,0.44644429018783516,0.06694937054063455,-0.88325709917274,-0.6874652656131288,-0.6361203559208024,0.582455228489998,0.40827891282112194,-0.11551215086404398,0.7945909903288413,0.630535183161864,-0.0006714473694340306,0.7940667048736216,0.7730143823850164,-0.5595747012363694,-0.17166589161739454,-0.26844335082654536,0.7323417428445407,0.21537650147883025,0.7568308715811587,0.39164019449506493,0.4053100885037273,-0.5087958912610215,-0.8291296507257266,0.17908045238799342,-0.08204197133506863
127,0.6796341992217045,0.03542894344589809,0.21422622214868037,0.06949274925488025,0.8784609559914196,-0.19140211873699253,0.7456330666045625,0.21162255079693026,0.6163519729650524,-0.9125551520356991,0.6166850192571895,0.6681433635999097,0.2848197374401984,0.5742196031138509,-0.1404256006355351,-0.959442418204665,-0.1641560007717462,-0.7618014218409088,0.1601135862404368,0.9498786410856177,-0.23333706105615404,0.22936713736110814,-0.6699533826385904,0.6833721856086539,-0.9727322588469953
128,0.7824904490909226,-0.14229250263162063,-0.31614396935472455,-0.41228466978359823,-0.09447673020549496,-0.5534859787866291,-0.5023803853014457,0.9195279463654795,-0.1881881627914337,0.13470151253456897,-0.13337724053881472,0.222129762059593,-0.9933586929581095,0.61798555726159,0.31620023030970845,0.6385352565006936,0.3906231554130477,0.49615996550350316,-0.23972054257670217,0.1219129662056686,-0.14315759663404148,0.3419026336256963,0.5693036631000781,-0.893642719266551,-0.3426703901947359
129,0.48685910492607753,-0.9142466269377638,0.37966302292858045,0.8830768566995097,0.48577068024769265,-0.15162313084048717,0.9510693001101724,-0.0721037074206674,-0.7508734419943957,0.139156079101175,0.14801838389305444,-0.19680889038727734,0.5016751305375835,-0.024388690290561454,-0.7559212612606798,0.6725576443365235,-0.28253620778497,-0.909371827586869,-0.0272099772322405,0.4617740133820003,-0.8902033580655206,0.6329443615367054,-0.28658864467572154,0.6256163481537331,0.14314321306312472
130,0.8063405202069271,0.1748089830252184,0.9772509929199629,0.4955970144301951,0.8374697027968614,-0.8641942043863533,-0.2159386003527426,-0.7497670866359853,0.16339632847301044,-0.7492488866279228,0.2432444906204223,-0.36954386005887896,-0.33767013352818176,-0.4108982112715076,0.14651979351841482,0.9940326081506647,0.517379780133461,0.22483165434912822,-0.726766659634609,0.6068527402721813,0.009627427482276074,0.8153633857071756,-0.07984516740323722,-0.7724329405483603,-0.6621524134360679
131,0.8046547947805702,-0.0560558428058997,-0.24987318448163087,-0.5169404859920665,0.677001243837765,-0.666613773150661,-0.8299328228437022,0.6585367639253239,0.10631409839833261,0.905981010882561,-0.13546728637722238,-0.13687152176947848,0.9234011375007947,-0.523834599115677,0.6874245164947803,-0.8295777632693566,0.8559779321657299,-0.8317966691588976,-0.5555497263047666,-0.6186303786959411,-0.24451734568085515,-0.15864185648771856,-0.44458706595482633,-0.6716227377096873,-0.836402772472973
132,0.8902600370866169,0.8088250944466382,-0.34083237665007604,0.5511926524522126,0.34356423235108235,0.8926657640993183,0.41734241346612944,0.8590650360674186,0.8379998988842328,-0.875192691517729,-0.13856849011366967,0.7366990696269728,-0.24674547105776745,-0.13925079496489312,0.5491071991677181,-0.6754512622393243,0.18464220637526996,0.6173645368621286,-0.5771679803817551,-0.3939808250353045,0.333058169244167,-0.9046203584476131,0.13356747277641756,-0.20230633021409283,0.48040787375110283
133,0.7578372031457008,0.2911829128045935,0.453892654165438,-0.2634722573041075,-0.999339513961444,-0.9933938775146676,0.6613796913619496,-0.426511536746516,-0.7030076044667319,0.8252913964509652,0.825026215087336,0.8686869304730158,-0.366114716573277,-0.04045015852879774,0.643473593828539,-0.8664821438191617,0.9803448141358455,-0.5082107952003667,-0.6859029198186894,-0.1450163838677836,0.1076645359076609,0.47606195690247066,0.4832024309803902,-0.8522094591292102,-0.7036721196139064
134,0.298949298184926,0.4985296187236845,0.8255261472475026,-0.6863568129061666,0.27897164459385926,-0.926051450334779,0.7066514302237026,-0.6486525135721735,-0.4728402841498631,0.008061462300414046,0.426594250674986,0.29981964681371287,0.5358250428357216,-0.3320263346824035,-0.5694669398086829,0.4157342936996842,0.7047129174053333,-0.5586644735247046,-0.435683454141794,0.29661569541506805,0.05101887320555387,0.26600700304511915,-0.7909977708423781,-0.23683639287690372,0.8649590357432502
135,0.992711605637421,-0.8811044201729843,-0.07177017411061493,-0.12819132126932842,0.554940586423339,0.8972030016884833,0.09140643128412429,0.41956551472714954,0.6106649820465566,0.2787627527605643,-0.43954450221662267,0.6081630123385713,0.9849883509981197,0.7668788753366891,-0.6507492874070733,0.2714300694225571,-0.8001429716280255,-0.09692709289950785,-0.10002324569292531,0.7011784104936889,-0.5738346531301701,-0.19819459053564792,0.3168385876203754,-0.546392072165893,0.22380678859815584
136,0.22698205746786115,-0.423292556725984,0.41390032340652505,0.1222907334845984,0.6842986257179811,0.37683201348336826,0.1582762532612365,0.3433152043038601,0.12971390141030348,-0.9995882561580098,0.045648892839753596,-0.5310160921823392,0.3118808877263328,0.5822998784058209,-0.8677715015126732,-0.2118170441224081,-0.21891419828516412,0.7888639678078939,0.4576384610166577,-0.5108871649427689,0.9492787469925648,0.8475436818421225,-0.4949310942431562,0.3619360327446972,-0.5006684519676361
137,-0.021829288869906982,-0.1315585610031087,0.9527726803737564,-0.8230802525345329,-0.6749683449657666,-0.9296086230652294,-0.703371979069132,-0.01948153262864194,0.06099309395306429,0.48215985107442405,0.5383470177529974,-0.378046479513074,0.1230829790767296,0.769527221557363,-0.07023459184031355,0.15092928608960676,0.33849494598661445,-0.09483795380460136,0.011890270844810757,0.9511618446620103,-0.5773187474466612,0.5213136209926645,0.4701205409044513,0.5206985905666193,-0.3399956190774902
138,0.7833441677700343,-0.8601449162913244,0.13548921422347981,0.4139136572763287,-0.40273551675922525,0.3382251984586164,0.46632806486191036,-0.7309905649632653,-0.543857991054816,-0.7583955165055378,-0.2178405394997427,0.8273589694487395,-0.23402448824864064,-0.03072649920392556,-0.5030735030716575,0.5048261980250768,-0.917157612461089,-0.5288225957367596,0.181415209271091,-0.28456959165670437,-0.7888005082659555,-0.5416017806477891,0.0313119497273362,-0.061529179076668994,0.04145402089205774
139,0.8607881688699024,-0.9998809333959993,0.16037639945316418,-0.2614071307089616,0.23118815191981046,-0.8076470134819012,-0.9981511901384807,0.7185167983414678,0.0730294302585941,-0.03830978284339803,0.9851232907901621,0.7795922232661214,0.5089459244521639,-0.9708418075297685,-0.1396920053945936,0.9358617576369443,0.4808773303511733,-0.09362521488135567,0.5551801372688077,-0.04431683958033528,0.4656909564674898,-0.14866816518390835,-0.2101366818733088,-0.6421028167506493,-0.9744430987995361
140,0.8000247630854151,0.8922354607702727,-0.08542457186283392,0.02202754719356448,-0.6946269070970974,0.4765893566692163,0.1081958184766596,0.2318779037879588,0.48714259535842985,-0.5030414798074059,-0.8488526232564055,0.6046024631971088,-0.5518108870793745,-0.44921758078355367,0.6085034905443207,0.08835922210636071,0.23497880538904004,0.6874810286110704,0.7674789944081881,0.530776367247767,-0.5225341752681394,-0.7498797278766514,0.9594376960883906,-0.34194996594736105,0.5646825378496771
141,0.8046547947805702,0.088519242052024,-0.24987318448163087,-0.5169404859920665,0.8038705222954132,-0.666613773150661,-0.8299328228437022,0.6585367639253239,0.10631409839833261,0.905981010882561,-0.22123236141724756,-0.13687152176947848,0.9234011375007947,-0.6154714469841454,0.714340717550316,-0.9377564393222391,0.8559779321657299,-0.9143123667398292,-0.5555497263047666,-0.5838488002719144,-0.24451734568085515,-0.15864185648771856,-0.16587469651802134,-0.41740345648772026,-0.7010351521872102
142,0.7977904086047651,0.8922354607702727,-0.0868937503547429,0.02202754719356448,-0.6946269070970974,0.4765893566692163,0.1081958184766596,0.17320740873666862,0.48714259535842985,-0.562361960209995,-0.8488526232564055,0.8167758227126378,-0.3162953698148354,-0.37725872695408813,0.8447019272065937,0.08835922210636071,0.23497880538904004,0.6874810286110704,0.7674789944081881,0.5384122105287639,-0.4026751783706819,-0.7168604499274647,0.976420398011487,-0.4880497326385056,0.5948082409587374
143,0.6796341992217045,0.055699792835423256,0.21422622214868037,0.16450842555103184,0.771076673584234,-0.24650164006911268,0.7456330666045625,0.3702813922529691,0.6163519729650524,-0.9125551520356991,0.6166850192571895,0.6546268692393951,0.36404893809346994,0.5742196031138509,0.2261315436990894,-0.9640714000344728,-0.1641560007717462,-0.7344766840572499,0.24873595061715736,0.9918354615711422,-0.2556255929597162,0.24670061804089638,-0.5499749888131615,0.6833721856086539,-0.838663287679488
144,0.7977904086047651,0.8180859938504133,-0.08542457186283392,-0.10588112960234053,-0.9092276839151352,0.4765893566692163,-0.13090083542834607,0.18791611665970365,0.4455558714253278,-0.5030414798074059,-0.8488526232564055,0.6046024631971088,-0.5301959475068856,-0.6253810787249452,0.6430978038025001,-0.02608468590667745,0.23497880538904004,0.8132997055368376,0.7674789944081881,0.5049923141080588,-0.3896935552015479,-0.5441143006783249,0.9204378553377714,-0.4880497326385056,0.41875692689961164
145,-0.872586546337784,0.36646020267706914,-0.2273106803309901,-0.9391164379980628,0.5909421664900796,0.9953516834431573,0.8489365051606166,-0.3591678525265454,0.5362312163530698,-0.9556821219869682,-0.8342132471391441,0.6996944292409017,-0.402213444293821,-0.9195870957350933,-0.6898927548528686,-0.41343200369009847,-0.7085479587778236,-0.8045677213765641,0.6795874258973564,-0.2084939410420512,0.6900524030659034,0.7339959519929378,-0.5703976066142189,-0.08597543893942983,-0.23220957374202889
146,0.9542267395927511,0.0876350713251215,-0.24987318448163087,-0.5169404859920665,0.8181224488487064,-0.666613773150661,-0.8299328228437022,0.4487886365891247,-0.17996488109546327,0.905981010882561,-0.13546728637722238,-0.2291919886052327,0.9234011375007947,-0.6154714469841454,0.688299832503936,-0.9377564393222391,0.8559779321657299,-0.9143123667398292,-0.5555497263047666,-0.6186303786959411,-0.24451734568085515,-0.15864185648771856,-0.2227451283277886,-0.3777166043060307,-0.9763765436833298
147,0.823588262840498,0.8175818491290745,-0.5144655994115959,-0.538769260840321,0.4468736455363722,0.5046702443197799,0.014421335495180099,0.27117341521313443,-0.49142171737451346,0.5199089694584431,0.48033819909243625,0.3272047776607261,0.8907797155943842,-0.45929701883761553,-0.19289105369237713,0.6101788268329178,-0.6012020274540273,0.06443192567455891,0.30560091014612967,0.8686439774271142,0.27820322840159384,0.9039361600613043,-0.42521440742355066,-0.4599370327485841,0.159990994298711
148,0.8364601114367465,-0.04222441815551825,0.9772509929199629,0.43630491441022845,0.7863961499761969,-0.8641942043863533,-0.2159386003527426,-0.7497670866359853,0.16339632847301044,-0.6818390502973639,0.3201188068093066,-0.2924704316133502,-0.30375876335679575,-0.3122312591351748,0.1996470407900599,0.9712019657911803,0.5153013166094951,0.07921358909805765,-0.726766659634609,0.6446551154946363,0.009627427482276074,0.8153633857071756,-0.07984516740323722,-0.8074992941897494,-0.8446194618019722
149,0.32052830360276197,-0.9483226532633857,0.22202576095852233,0.25407970175896355,-0.7231240040185654,-0.3960094566755459,0.9763213225275416,-0.7869640569707357,0.02904888415548945,-0.273769296038856,0.9508599571508947,-0.46651495109450947,0.6005104593005444,0.6974369454445548,-0.49431822541528025,-0.7952881018400924,-0.19758657497504695,0.013176237648870659,0.4871543175472375,0.48148930769196285,0.8739527260892832,-0.35164475821463004,0.5764772096164721,0.6108499156089275,-0.3399819316759827
150,0.7207342772373673,0.47604920626006364,0.3568112756750448,0.9332401327065158,0.40909055770620606,-0.041375237377283325,-0.6510898171213124,0.23826297974651878,-0.4359835307092994,0.13761159395539302,0.0658245429312001,-0.566353059980619,-0.07844164877319271,0.02069096089266309,0.004354876772755922,-0.5494468665581145,-0.711858506215119,-0.7846633884247629,0.4959036161243411,0.17973472636382581,-0.34693154100933965,-0.10074154927502366,-0.28762311526716267,0.9588501863142638,-0.0816168414054732
151,0.3469839707836797,-0.8344573817915084,0.701734812982608,0.8024263526250526,-0.9481356386195294,0.09292346848691868,0.9021347770860122,0.9341688042133687,-0.7139594264632732,0.1412818619852967,0.8323845288785294,-0.31395282478460085,-0.22937992986487932,0.6302258269489553,0.645138010950665,-0.6145214647535548,0.5641006977219247,0.8364872885001069,-0.04347737528620721,-0.21203517500270386,0.7407461341220807,0.2325664678592101,-0.9377743476748297,0.578190664190267,-0.041327086122556755
152,0.6929183563814021,0.396414212534828,-0.3877030639410046,0.7520637474303631,-0.3293618790742856,-0.6292290284240047,-0.06436405203074913,0.4743692473566963,-0.8386113904306249,-0.09849656833630016,-0.18836549033266703,0.6998175366552495,-0.5227055434722179,-0.8160748787796557,-0.9407608528610012,0.5582995286836354,-0.483313079680445,0.6792809938968618,-0.8096073789563054,0.18763811472564274,0.9068005339012903,0.46194273078896986,-0.5590729451484959,-0.9426184597101823,0.755844683772215
153,0.8222416918378603,-0.14229250263162063,-0.42912350171687486,-0.07161003757735873,0.05368423818230594,-0.8367640770977267,-0.7343345507049555,0.9818597167880547,-0.6686508339254502,0.3159885343637103,-0.01333158523913669,0.1571092405207053,-0.9582234387476758,0.6081431531053387,0.32456344497440814,0.6845549722397664,0.4672971592798627,0.7605853951356947,-0.11569737109830003,0.134544012371834,-0.14315759663404148,0.3788573303657903,0.597315812248906,-0.9545547717314995,0.13734355124305075
154,0.9745234389666753,0.8863146134439002,-0.5837136133697403,-0.9883463867262543,-0.2344866855329788,0.4177577555976735,0.6175067787203485,0.16846659266484187,0.3081913419671518,0.4140780815120493,-0.868970555164672,-0.9153396867712924,0.25426603738288156,-0.1935410330541507,-0.33281105571003833,0.023563465106404724,0.07090200366898869,-0.687432421534566,0.07329708527444456,-0.7169041889863108,-0.6847931910839655,-0.8413072013116962,0.6126431789536391,-0.43872142445174545,0.7576335902470783
155,0.8114269465430979,0.36708923846418906,-0.38425760395042863,0.3943281108495196,0.9858625227305726,0.6840691120040294,0.3323436444663004,-0.6768019020286822,0.03355337688398552,-0.7948670662249584,0.5135556887856443,-0.94379739284156,-0.37252679263324007,-0.6466354877393137,-0.40099048221337275,-0.006510601170004238,-0.5360303427195843,-0.2579733367415078,0.22527393101804694,0.4328111128029988,-0.38982169846154324,0.036237595233962416,-0.7179838949681041,-0.9631386163822051,0.4417018833207367
156,0.8362581350899825,0.07477115427286773,0.9705832986604288,0.5891188035747577,0.8973036517258861,-0.861173216297282,-0.2159386003527426,-0.642205593504759,0.2678599389764744,-0.6418339517906586,0.3722272854143771,-0.505737849623942,-0.2324853508127558,-0.4971668412653023,0.05535854458888667,0.984263256881061,0.5385551091609491,0.22483165434912822,-0.726766659634609,0.49150447096314154,0.08836927896689972,0.8153633857071756,0.02114966606577018,-0.9959758153410994,-0.2732251777589014
157,0.7164118465720337,-0.7445453575418117,0.10315747895232064,0.3159493135156253,-0.40273551675922525,0.24700040005630952,0.5653537379688787,-0.7309905649632653,-0.6747209048889313,-0.7474130490659159,-0.13719774584691957,0.9779558638551933,-0.06244000697811103,-0.11975701543102124,-0.5954846109491281,0.6396852675770126,-0.917157612461089,-0.6339165059019951,0.21323282696224566,-0.2969290384311145,-0.628327049594406,-0.5781746443125511,0.021207324210867462,-0.04768401077810869,-0.03025779407155782
158,0.8607881688699024,-0.9998829746632194,0.0779187090191722,-0.2614071307089616,0.20201143750244266,-0.8076470134819012,-0.9981511901384807,0.7185167983414678,0.0730294302585941,-0.03830978284339803,0.8788332492348301,0.7451052243589007,0.5089459244521639,-0.9614044359816372,-0.1396920053945936,0.9358617576369443,0.4808773303511733,-0.09362521488135567,0.5466876439822099,-0.04431683958033528,0.4656909564674898,-0.14866816518390835,-0.2101366818733088,-0.6421028167506493,-0.9744430987995361
159,0.9307328309343581,0.8863146134439002,-0.5837136133697403,-0.9883463867262543,-0.3467711780180811,0.4177577555976735,0.6297849136595828,0.06738678842307522,0.32840732837739184,0.45216200092692294,-0.6065753206504023,-0.833434672811368,0.25426603738288156,-0.27362923915707804,-0.11802756756662602,0.08455503942761777,0.15416516882152775,-0.6371790098513648,0.17415467166856136,-0.9007703588759057,-0.7017863779743703,-0.9111243071336739,0.642676295034132,-0.41941217783901097,0.7576335902470783
160,0.7833441677700343,-0.8412053349376749,0.10315747895232064,0.4139136572763287,-0.40273551675922525,0.3382251984586164,0.5011258873510227,-0.7309905649632653,-0.5967264093647646,-0.8143316355347734,-0.2442708398352671,0.8273589694487395,-0.06244000697811103,0.017452645950868373,-0.528578524649076,0.7198061918646428,-0.917157612461089,-0.5288225957367596,0.21323282696224566,-0.35852136895413955,-0.8112993888146998,-0.5416017806477891,0.021207324210867462,-0.01444122407666315,0.08661748917973999
161,0.7833441677700343,-0.8754951407425768,0.13548921422347981,0.521730456428166,-0.40273551675922525,0.3382251984586164,0.3571022412837823,-0.7309905649632653,-0.543857991054816,-0.7406133188129749,-0.2178405394997427,0.8273589694487395,-0.2254850856317363,-0.03072649920392556,-0.5030735030716575,0.7073001647068913,-0.917157612461089,-0.5288225957367596,0.17066399145237532,-0.28456959165670437,-0.7341217248393961,-0.5416017806477891,0.0313119497273362,-0.061529179076668994,0.08101883450754199
162,0.7291077712064984,0.4864297204790968,-0.3877030639410046,0.7520637474303631,-0.3293618790742856,-0.6292290284240047,-0.06436405203074913,0.4743692473566963,-0.9030479072310627,-0.12289961182022413,-0.18836549033266703,0.6998175366552495,-0.5227055434722179,-0.8695988766093239,-0.9407608528610012,0.49064964918061493,-0.483313079680445,0.6792809938968618,-0.8096073789563054,0.18763811472564274,0.9949647687901455,0.5870651908289637,-0.5590729451484959,-0.9946603606850681,0.7781707434046063
163,0.8973705325289734,-0.8592847543552979,0.13548921422347981,0.4139136572763287,-0.40273551675922525,0.3382251984586164,0.46632806486191036,-0.7309905649632653,-0.543857991054816,-0.7573176765626752,-0.2178405394997427,0.8273589694487395,-0.2216149461297725,0.017361638753009112,-0.5030735030716575,0.5254057067461844,-0.7648579445008847,-0.5288225957367596,0.17066399145237532,-0.30255359128404735,-0.660466268389567,-0.5416017806477891,0.0313119497273362,-0.061529179076668994,0.08101883450754199
164,0.42585098160684454,0.8382372274050027,-0.5182186289506154,0.29044479446381244,0.8306118326300509,0.06905628001387698,0.292869090166604,-0.920561763503905,0.915158262716266,0.19525801148971977,0.3652209907850803,0.07810347492779623,0.666971377262223,0.9648718978246529,-0.5822222210271537,-0.021121619868101682,0.3619227186587255,0.32296914625573536,0.6208355220222959,0.7586770295707606,0.3952465085993879,0.503444996669326,-0.7696112178399428,0.15842217901648215,-0.41878394467541
165,0.1016903813834169,-0.8944901760154063,0.21983213659980616,0.29503389154750415,-0.5997246394214422,-0.29456639168501186,-0.883647850839558,0.6725571914079176,-0.21211763767586933,0.8433547961252259,-0.8275612495828335,-0.9447980928882613,-0.34489501130058,0.9314985231010751,-0.8726959076539451,0.8436094113979726,-0.2962344824919432,-0.5814719164502258,0.4722720774594731,-0.7680354187823308,-0.42279452500326764,0.22543264611679303,0.8185349080928985,-0.8359426886270935,0.5166232052479509
166,0.5946662484495155,0.055699792835423256,0.32035856215202174,0.06949274925488025,0.8784609559914196,-0.4007677320953198,0.7456330666045625,0.3702813922529691,0.6163519729650524,-0.5783573998771074,0.6166850192571895,0.6348306056900335,0.11648028083573592,0.5742196031138509,-0.05407328035457781,-0.9623488818517352,-0.1641560007717462,-0.673656319993676,0.1601135862404368,0.8941631768203913,-0.2556255929597162,0.24670061804089638,-0.6699533826385904,0.5072972749582119,-0.9727322588469953
167,0.8063405202069271,0.05696337834685372,0.9705832986604288,0.5891188035747577,0.7521758739934246,-0.7596273169192265,-0.2159386003527426,-0.8052585218827064,0.09555203508375287,-0.7336871157774016,0.3722272854143771,-0.5510911735295667,-0.15018461329748023,-0.5068167055659387,0.05535854458888667,0.984263256881061,0.47885374416850945,0.22483165434912822,-0.726766659634609,0.40563356127396766,0.08836927896689972,0.7641239944219862,0.02114966606577018,-0.9547784272060207,-0.796985861203795
168,0.8046547947805702,0.0876350713251215,-0.24987318448163087,-0.5169404859920665,0.7982072242817704,-0.666613773150661,-0.8299328228437022,0.6030424911176075,0.10631409839833261,0.905981010882561,-0.13546728637722238,-0.13687152176947848,0.9234011375007947,-0.6154714469841454,0.6746722371697147,-0.9377564393222391,0.9024361083380368,-0.9143123667398292,-0.5939224294420717,-0.979324328872629,-0.24451734568085515,-0.15864185648771856,-0.2227451283277886,-0.41740345648772026,-0.836402772472973
169,0.23162063065076666,-0.43903650405898653,0.9516559634555453,0.9752314828559077,-0.35206455547505144,-0.5021797890141733,-0.14303219572404324,0.557985043548131,0.06061459419115578,0.7034705194887332,-0.06864618953965906,-0.24465497880225984,0.08161027829180534,-0.014124177415560712,0.7948659613803359,0.22821550467430174,-0.6835178399799504,0.3158935253163957,-0.18427072678689638,-0.32691665650145474,-0.1211685941054117,-0.2550131986052815,-0.3100045613714657,-0.9169846876389602,0.07889081563868539
170,0.8528560433514869,0.02260452584310202,-0.6057676260972908,-0.5761930472562171,-0.20001726049592827,-0.4727798485486512,0.7350303608802196,0.44244759252518273,0.6565063609415969,0.6454015660656458,-0.4443715589226751,-0.3247325186834922,0.06791884446454755,0.8775394390929332,-0.5415697555539647,0.2669042231495069,0.8649625712665447,0.4381146012703152,0.30526389424302836,0.1142807911861381,-0.011320024596115141,-0.4940538480051162,0.14103754026967374,-0.6026395735600154,-0.9867945460308116
171,0.8547016452059688,-0.9998809333959993,0.0779187090191722,-0.24982287272341197,0.23118815191981046,-0.8076470134819012,-0.9985530072252589,0.7185167983414678,0.36646496296030984,-0.03830978284339803,0.8784396666714085,0.7795922232661214,0.5089459244521639,-0.9949276473926776,-0.1396920053945936,0.9358617576369443,0.4808773303511733,-0.09362521488135567,0.5551801372688077,-0.04431683958033528,0.645055210245072,-0.14866816518390835,-0.2101366818733088,-0.6421028167506493,-0.9744430987995361
172,0.8874208799593821,0.3762414375191614,0.6177651912279096,-0.2634722573041075,-0.9057689393959552,-0.9864988774775729,0.6613796913619496,-0.6072194197215253,-0.5018714202044179,0.627668359178744,0.6413851878115624,0.7924763298542177,-0.366114716573277,-0.10374888910299074,0.716654382403092,-0.7862491620209859,0.6675343196181251,-0.7147198344132757,-0.9485660516593546,0.21224534761138591,0.21657169021031364,0.47606195690247066,0.7110893689646833,-0.8130998476739484,-0.9860996221614773
173,0.6929183563814021,0.3037192473633834,-0.3877030639410046,0.7945489572063313,-0.3293618790742856,-0.6292290284240047,-0.07899326770968074,0.4743692473566963,-0.8386113904306249,-0.09849656833630016,-0.18836549033266703,0.6998175366552495,-0.5227055434722179,-0.8695988766093239,-0.943080172523723,0.5582995286836354,-0.483313079680445,0.6792809938968618,-0.8821056685603095,0.18763811472564274,0.7907873958753511,0.6350753467860111,-0.42685657959442946,-0.9902185388125464,0.755844683772215
174,0.6796341992217045,0.06361491790280627,0.22190452252791038,0.06949274925488025,0.8784609559914196,-0.4007677320953198,0.7456330666045625,0.3702813922529691,0.6163519729650524,-0.9125551520356991,0.6166850192571895,0.6546268692393951,0.1339732532199147,0.484127062907024,-0.05407328035457781,-0.959442418204665,-0.17630703356067046,-0.7344766840572499,0.22748721666853755,0.9387890063685993,-0.2556255929597162,0.24670061804089638,-0.6699533826385904,0.6833721856086539,-0.9727322588469953
175,-0.10313927268624767,-0.38848672393355677,0.8098976818198713,0.3792595634480911,0.9354089779669068,0.518994064735322,-0.470766103687807,-0.03526019212314346,0.3487151231187382,-0.47302799422720243,0.10376901155478113,0.09187902141053583,-0.7571114828887993,0.8526686392125902,-0.08211424721783289,-0.1017631163995536,-0.20400541461101573,0.30804496651827895,-0.8730694286111413,-0.538121983618358,0.6882334648484598,-0.5484011627480854,0.41164049825309945,-0.2025344840879275,0.08817320325616018
176,0.8046547947805702,0.0876350713251215,-0.24987318448163087,-0.5169404859920665,0.9495340985876934,-0.6765527573062151,-0.8299328228437022,0.6585367639253239,0.11479762841843622,0.905981010882561,-0.1895696726436209,-0.13687152176947848,0.8258835487852194,-0.6154714469841454,0.714340717550316,-0.9599383589061841,0.8131426369916452,-0.9143123667398292,-0.5555497263047666,-0.6186303786959411,-0.7014052664367398,-0.10662939977206776,-0.11733142010508457,-0.41740345648772026,-0.836402772472973
177,0.7624021062867541,-0.14229250263162063,-0.4147197156921387,-0.18593712892125658,-0.04358488147281325,-0.7508558693559557,-0.7069073574056224,0.9818597167880547,-0.5842416810772848,0.3159885343637103,-0.01333158523913669,0.1571092405207053,-0.9722555135131896,0.6081431531053387,0.31620023030970845,0.6845549722397664,0.47048773373270625,0.7605853951356947,0.09943844926624612,0.14957671372043135,-0.14315759663404148,0.37509837285622916,0.597315812248906,-0.9545547717314995,-0.08199184476386301
178,0.8063405202069271,0.07477115427286773,0.9705832986604288,0.4955970144301951,0.8852381914172749,-0.7596273169192265,-0.2159386003527426,-0.987435617916274,0.16339632847301044,-0.9872416522240237,0.3201188068093066,-0.505737849623942,-0.2324853508127558,-0.49807339681274554,0.16832030568959744,0.9712019657911803,0.6174555023894417,0.22483165434912822,-0.5277504982771124,0.6878150476117382,0.08836927896689972,0.8153633857071756,0.02114966606577018,-0.8073220142227868,-0.6799890126554464
179,0.8557763661905184,0.8175818491290745,-0.5144655994115959,-0.538769260840321,0.4468736455363722,0.5046702443197799,-0.06287614226647098,0.32671301533578645,-0.49142171737451346,0.5199089694584431,0.45871108168947616,0.3678200606838158,0.9572681298849481,-0.45929701883761553,-0.19289105369237713,0.6105570929132336,-0.5085000179156787,0.06443192567455891,0.30560091014612967,0.8157241279024687,-0.045426253114873694,0.9039361600613043,-0.42521440742355066,-0.4599370327485841,0.159990994298711
180,0.2830189289032119,-0.407328240778543,0.9587110462083355,0.9221407444213632,-0.5248874208318339,-0.37065283634389656,-0.01781952528785724,0.6094564129400846,-0.041141341665089204,0.6217005724575138,-0.08756013048979572,-0.3117891024490793,-0.07325547684153699,0.09317334073342298,0.9029082223556071,0.24196287198139044,-0.6572871278743793,0.22841112080781856,-0.10123463207707961,-0.3372591045635145,-0.1211685941054117,-0.10615875031301614,-0.3100045613714657,-0.9169846876389602,0.051792014600618774
181,0.9770841900642768,0.10585036678546511,-0.6259342998547097,-0.18619405419563684,-0.7407254119924485,-0.021055017551763422,-0.15557947577213338,0.06227907442269576,-0.06389402282656054,-0.4260351865633627,-0.979253222819616,-0.7884583500225855,0.9989440123149707,-0.840007039349917,-0.05324590557256603,0.006901290596305731,0.38880731967253035,0.4939348274272817,0.7753503434494307,-0.21968163570951038,0.1951949923957843,0.4566806634057736,-0.15229484997899356,-0.15502085305017066,0.07381559384822278
182,-0.021829288869906982,-0.1315585610031087,0.9527726803737564,-0.8230802525345329,-0.44651351618304336,-0.8457077657371346,-0.7274360503232915,-0.07808077670382141,-0.04632289731049699,0.48215985107442405,0.5017563088051287,-0.378046479513074,0.1230829790767296,0.6441648506281403,-0.07963312796996935,0.15092928608960676,0.33849494598661445,-0.09483795380460136,-0.0034306535631272173,0.9511618446620103,-0.5136624841453525,0.5213136209926645,0.49263256681357004,0.5206985905666193,-0.22541792418843176
183,0.7345305782038036,0.2063908146188136,0.27493687633368813,-0.8956285786790275,-0.11589578350798457,-0.6375550675784536,-0.04353653226159038,0.7719512322648865,-0.7192757111263621,-0.6545178184278193,0.016222617799699357,-0.13753785311816524,-0.33050728791782236,-0.4827325811295953,0.9965986461128742,0.40198733830123046,-0.7490261873755868,-0.590215376408602,0.5380813169021574,-0.14344204596838517,0.08493372636409102,-0.4820874242370339,-0.4900209172178267,0.45156328995893524,-0.4815088756767987
184,0.010537150677099039,-0.652354047380479,0.6178147223645962,-0.6444849534810413,0.3715309489680627,-0.06967510216700479,0.2706491848861665,-0.31060024627166327,0.8907785601946532,-0.5455496287467188,-0.25723162531576027,-0.024699359226682427,0.654124379907095,-0.7249449156944956,-0.26103370492241496,0.5244033013224927,0.5391277258891045,0.5998900139391132,0.046682368795635254,0.9158230723117917,-0.01687794922608421,0.7918119787846538,0.05797640648614144,-0.8766537320093797,0.48153977265392856
185,0.9307328309343581,0.8938414281378415,-0.5837136133697403,-0.8594558064111872,-0.35369125337185037,0.4322487790616232,0.7005666259656655,0.06738678842307522,0.3081913419671518,0.45216200092692294,-0.7404304965019048,-0.9191250807676254,0.25426603738288156,-0.296471447848611,-0.33281105571003833,0.008491560804398057,0.052092043186356296,-0.687432421534566,0.3163763122094372,-0.6372893433399598,-0.5371544736473359,-0.8413072013116962,0.7390282743996743,-0.3966600278417882,0.7576335902470783
186,0.9745234389666753,0.8863146134439002,-0.6353783270468245,-0.9883463867262543,-0.3467711780180811,0.4177577555976735,0.6175067787203485,0.06738678842307522,0.3081913419671518,0.4140780815120493,-0.6720716169112391,-0.9191250807676254,0.25426603738288156,-0.541405049049202,-0.33281105571003833,0.08455503942761777,0.07090200366898869,-0.687432421534566,0.17415467166856136,-0.8619615200081372,-0.6847931910839655,-0.8759996576507594,0.5345967071660305,-0.43872142445174545,0.7576335902470783
187,0.7833441677700343,-0.7367305947590208,0.10315747895232064,0.4139136572763287,-0.40273551675922525,0.3382251984586164,0.46632806486191036,-0.7543939960293793,-0.6467638066533796,-0.8143316355347734,-0.24660027556185526,0.8273589694487395,-0.06244000697811103,-0.031046404235303138,-0.528578524649076,0.6561429334191946,-0.917157612461089,-0.5288225957367596,0.21323282696224566,-0.2969290384311145,-0.8112993888146998,-0.5416017806477891,-0.0005109371414597774,-0.04255277986361872,0.08662696505015499
188,-0.5826456133539073,-0.9662420629913306,-0.17180966917234386,0.7353017873500007,-0.1437269059618096,-0.7941943289631983,0.6497599061373982,0.09632442133367891,0.5949554457669728,-0.38072481185881246,-0.03528782697608723,0.2549089244462348,0.5489998224471071,-0.6313969520065161,-0.29686481033778844,-0.9077919571055142,0.6031757068247618,0.7388217374341415,0.7755377409616764,-0.7052887940834389,-0.8659891221493596,0.809137371639721,-0.11983765420326686,-0.03289883190379195,0.1960788263932205
189,0.8128628230059032,0.7850456703314002,-0.20409991164309704,-0.538769260840321,0.5732328238153586,0.49423311025475125,0.04337682163755474,0.27117341521313443,-0.49142171737451346,0.47218674821929274,0.4000675725586029,0.3272047776607261,0.8888912329363297,-0.45929701883761553,-0.19289105369237713,0.5304306920120403,-0.5971083451143959,0.30007578895121356,0.44760021021273366,0.8686439774271142,0.27820322840159384,0.9186420742003516,-0.27113886800377207,-0.4863654271313378,0.43264424776417276
190,0.823588262840498,0.8175818491290745,-0.46516624427718356,-0.538769260840321,0.5732328238153586,0.6006528214074698,0.04337682163755474,0.27117341521313443,-0.49142171737451346,0.5147267635754993,0.4234512951892604,0.3272047776607261,0.8888912329363297,-0.447512489035947,-0.33142164159813237,0.6101788268329178,-0.5971083451143959,0.18154001055175728,0.45985486605100023,0.8686439774271142,0.27820322840159384,0.8028052748616601,-0.34619213885747047,-0.4543888121738875,0.43264424776417276
191,0.8607881688699024,-0.9998809333959993,0.2213099641103895,-0.2614071307089616,0.20872143539685295,-0.8076470134819012,-0.998090382997268,0.7185167983414678,0.0730294302585941,-0.0034982555528642045,0.7936909313568075,0.7795922232661214,0.7251553617458286,-0.9809207363543075,-0.1396920053945936,0.9358617576369443,0.4808773303511733,-0.09581056083321027,0.5551801372688077,0.10566839973008957,0.44512079791888937,-0.2523712620307843,-0.1910600871881234,-0.5882925347670678,-0.9744430987995361
192,0.8607881688699024,-0.9998809333959993,0.0779187090191722,-0.2614071307089616,0.18057382954370604,-0.8462321559038448,-0.9981511901384807,0.7185167983414678,0.06853060165491498,-0.03830978284339803,0.7004364907301075,0.7632850866590295,0.5089459244521639,-0.9614044359816372,-0.00826388491418073,0.9358617576369443,0.4808773303511733,-0.09362521488135567,0.5551801372688077,-0.04431683958033528,0.3578477619348279,-0.14866816518390835,-0.4570968453217519,-0.6421028167506493,-0.9739252063614454
193,0.6929183563814021,0.224271888608788,-0.3352913831401807,0.7520637474303631,-0.3293618790742856,-0.6292290284240047,-0.06436405203074913,0.4743692473566963,-0.8682098280859096,-0.09849656833630016,-0.29029133846140476,0.6998175366552495,-0.5227055434722179,-0.8695988766093239,-0.9407608528610012,0.5582995286836354,-0.5119719293601384,0.6792809938968618,-0.8096073789563054,0.18763811472564274,0.8843731689516205,0.6590581255138013,-0.5590729451484959,-0.9993813071837587,0.47703005709378443
194,0.7345305782038036,0.2063908146188136,0.27493687633368813,-0.8956285786790275,-0.11589578350798457,-0.6375550675784536,-0.04353653226159038,0.7719512322648865,-0.5957707181971708,-0.6545178184278193,0.016222617799699357,-0.13753785311816524,-0.33050728791782236,-0.4700117912127455,0.9965986461128742,0.40198733830123046,-0.7490261873755868,-0.9961372611214663,0.5380813169021574,-0.14344204596838517,0.05415787090850954,-0.47839252138292965,-0.4900209172178267,0.41832963613687757,-0.4815088756767987
195,0.8560583640634847,-0.8754951407425768,0.13548921422347981,0.521730456428166,-0.40273551675922525,0.3382251984586164,0.3571022412837823,-0.7309905649632653,-0.543857991054816,-0.7406133188129749,-0.2178405394997427,0.8273589694487395,-0.31643156675345163,-0.03072649920392556,-0.5030735030716575,0.7073001647068913,-0.917157612461089,-0.5288225957367596,0.17066399145237532,-0.28456959165670437,-0.7341217248393961,-0.5416017806477891,0.0313119497273362,-0.14883880382752457,0.08101883450754199
196,0.7393380412774049,0.3762414375191614,0.6177651912279096,-0.40370333962031313,-0.9220508897429416,-0.9864988774775729,0.6613796913619496,-0.6072194197215253,-0.5018714202044179,0.627668359178744,0.6413851878115624,0.7924763298542177,-0.366114716573277,-0.224398511470993,0.716654382403092,-0.7862491620209859,0.6453141583000441,-0.7147198344132757,-0.9485660516593546,0.21224534761138591,0.21657169021031364,0.47606195690247066,0.7110893689646833,-0.8130998476739484,-0.9860996221614773
197,0.9882927466415508,-0.14738214616475753,-0.2745484900063553,-0.605498228321089,-0.8542875195507158,0.15638539705007282,-0.7189155173230457,0.0844222017088545,-0.4791696849876721,-0.20555986447793706,-0.45497318061962044,0.12618301871741533,0.4522815671470737,0.02174924263899758,0.4773666946928219,-0.38401909159258585,-0.7982878202997601,0.7676594753690824,0.5898934859956282,-0.2267886655687743,-0.6492979206892602,0.5797972433369123,0.4888873344116025,-0.054467004890800697,-0.15767541358006154
198,0.7453516835766749,0.32314331585713196,0.28822613004355,-0.8833159003482369,-0.1265329789702785,-0.6100759257672395,-0.04353653226159038,0.40093737935702967,-0.6659633388049471,-0.783256298181509,0.1722052264198144,-0.2813228461905459,-0.33050728791782236,-0.21345384556337277,0.9986437400144406,0.30498475771971556,-0.7490261873755868,-0.41230930997864035,0.5380813169021574,-0.14344204596838517,0.28750736691797396,-0.7953053992412582,-0.4608306521083345,0.5699587306961758,-0.393068248143853
199,0.7833441677700343,-0.7367305947590208,0.13548921422347981,0.3300682496796481,-0.40273551675922525,0.2078113199719296,0.4138074423746039,-0.7309905649632653,-0.543857991054816,-0.7406133188129749,-0.16000744956972213,0.7566258013467915,-0.06244000697811103,-0.03072649920392556,-0.5030735030716575,0.3589066294403438,-0.917157612461089,-0.5288225957367596,0.17066399145237532,-0.33828029849788943,-0.8112993888146998,-0.5416017806477891,0.0313119497273362,-0.04255277986361872,0.08661748917973999
200,0.9745234389666753,0.8863146134439002,-0.5837136133697403,-0.9461950257981875,-0.3063242185317778,0.4177577555976735,0.6175067787203485,0.06738678842307522,0.3081913419671518,0.4140780815120493,-0.7404304965019048,-0.9191250807676254,0.25426603738288156,-0.296471447848611,-0.33281105571003833,0.08455503942761777,0.261583707617534,-0.687432421534566,0.17415467166856136,-0.7169041889863108,-0.6847931910839655,-0.8413072013116962,0.8942643139030715,-0.43872142445174545,0.7576335902470783
201,0.2830189289032119,-0.407328240778543,0.9587110462083355,0.9221407444213632,-0.5248874208318339,-0.37065283634389656,-0.01781952528785724,0.5842813065524695,-0.041141341665089204,0.6217005724575138,-0.08756013048979572,-0.3117891024490793,-0.15514972301410102,0.02191141227764426,0.9029082223556071,0.24196287198139044,-0.6572871278743793,0.22841112080781856,-0.08805741387128485,-0.38015299121604373,-0.1211685941054117,-0.22876928720974776,-0.2575160240851615,-0.9169846876389602,0.051792014600618774
202,0.8902600370866169,0.5798290274719393,-0.34083237665007604,0.590933588365445,0.34356423235108235,0.8926657640993183,0.41734241346612944,0.8590650360674186,0.8379998988842328,-0.875192691517729,-0.13856849011366967,0.7528259876384771,-0.24674547105776745,-0.13925079496489312,0.5474013996053104,-0.6754512622393243,0.18464220637526996,0.5843909809289294,-0.5017724427715426,-0.3939808250353045,0.26094194390550385,-0.9487256418670154,0.13356747277641756,-0.20230633021409283,0.5799864802418377
203,0.9312384856717411,0.8863146134439002,-0.5837136133697403,-0.9883463867262543,-0.19817031857746148,0.37520326596472997,0.7005666259656655,0.13406344915667412,0.30196506055881,0.45216200092692294,-0.7333821975547377,-0.9191250807676254,-0.24846302391434372,-0.28019052320956606,-0.1762936945014586,0.008491560804398057,0.15416516882152775,-0.7894332895340652,0.3163763122094372,-0.8279376827088387,-0.8435334847839253,-0.6850252940543262,0.7390282743996743,-0.623295976362078,0.9494833951325592
204,0.2830189289032119,-0.407328240778543,0.9587110462083355,0.9221407444213632,-0.32028934899269745,-0.3634763670610741,-0.2370028612890338,0.5771385279921697,-0.041141341665089204,0.6465985261629543,-0.06864618953965906,-0.3089936928396888,0.20965793365791563,0.02191141227764426,0.9029082223556071,0.40470740810047934,-0.6805737377289809,0.3158935253163957,-0.10123463207707961,-0.3793119141857473,-0.1211685941054117,-0.22876928720974776,-0.3100045613714657,-0.9169846876389602,0.12276348545163507
205,0.8703498085018764,0.06263609757225641,0.6443211684594492,0.7437101982652141,-0.30378375252902945,-0.6383058593173139,0.2890983280785162,-0.5035736499529102,-0.020374628668424544,-0.8057778666747171,-0.392715429908008,-0.5456802159165761,0.6286764391185071,-0.5319233618947774,0.776717273000306,0.7484042193005773,-0.9634925043807661,0.16622592467257657,-0.16097511033527967,0.5797376717438543,-0.858311315679531,0.7394283657530409,0.06333035043567925,-0.9192615664456087,-0.8845969783852754
206,0.7291077712064984,0.22494191935063457,-0.3877030639410046,0.7520637474303631,-0.3293618790742856,-0.6292290284240047,0.05602443349041031,0.44892019842929964,-0.8689991378664501,-0.09745434333521996,-0.18836549033266703,0.6565463283229325,-0.5227055434722179,-0.8695988766093239,-0.9407608528610012,0.49064964918061493,-0.483313079680445,0.6792809938968618,-0.8096073789563054,0.18763811472564274,0.9970813498289417,0.5062610966051293,-0.5590729451484959,-0.9946603606850681,0.7781707434046063
207,-0.06394066792114272,0.5033653324729841,-0.8974389821410251,-0.31990833837059895,-0.11595192714956237,0.19802431902884332,0.29839417416943226,0.7334111739004987,-0.7225036755386454,0.9069266730430752,0.4087210039981275,0.08867671772346686,0.9390522325215818,0.11591481063831632,-0.06045919674109834,0.39643452229097154,-0.18462060201865427,-0.7551099984589891,0.7189810034464639,0.17219690261457066,-0.2645610910601186,-0.55885921844873,0.5942079668200373,0.9800138710744277,-0.8631369500333286
208,0.8902600370866169,0.8088250944466382,-0.29057209234232984,0.5597889027679057,0.34356423235108235,0.8926657640993183,0.41734241346612944,0.8590650360674186,0.7985680340686485,-0.875192691517729,-0.13856849011366967,0.7672629850594381,-0.24674547105776745,-0.09380533358608534,0.5491071991677181,-0.6754512622393243,0.1156648690595099,0.6173645368621286,-0.5771679803817551,-0.3939808250353045,0.333058169244167,-0.9046203584476131,0.13356747277641756,-0.20230633021409283,0.48040787375110283
209,0.8607881688699024,-0.9998809333959993,0.0779187090191722,-0.1802257178606761,0.2984846090353277,-0.4149696677455692,-0.9999106629508074,0.7185167983414678,0.031058324929543968,-0.06766384771386336,0.7936909313568075,0.7795922232661214,0.7251553617458286,-0.9809207363543075,-0.1396920053945936,0.9358617576369443,0.4749350123224989,-0.09362521488135567,0.5551801372688077,0.10566839973008957,0.4656909564674898,-0.2523712620307843,-0.2101366818733088,-0.5882925347670678,-0.9744430987995361
210,0.7624021062867541,-0.14229250263162063,-0.4147197156921387,-0.18593712892125658,-0.04358488147281325,-0.7508558693559557,-0.7069073574056224,0.9818597167880547,-0.5842416810772848,0.3159885343637103,-0.01333158523913669,0.1571092405207053,-0.9722555135131896,0.6081431531053387,0.31620023030970845,0.6845549722397664,0.47048773373270625,0.6736483033918466,0.09943844926624612,0.14957671372043135,-0.14315759663404148,0.37509837285622916,0.597315812248906,-0.9545547717314995,-0.05083520303562983
211,0.8128628230059032,0.7850456703314002,-0.20409991164309704,-0.538769260840321,0.5732328238153586,0.49423311025475125,0.04337682163755474,0.27117341521313443,-0.49142171737451346,0.47218674821929274,0.4000675725586029,0.3272047776607261,0.8889570855719369,-0.45929701883761553,-0.19289105369237713,0.5551753147906497,-0.5971083451143959,0.30007578895121356,0.4899449666455442,0.8686439774271142,0.27820322840159384,0.9186420742003516,-0.27113886800377207,-0.4863654271313378,0.43877519686534194
212,0.8499910444498393,-0.7655388857500227,0.2905815752001,-0.6210023453316997,0.9137811312488691,-0.1835740523850249,0.1397613803938702,0.6138771585373459,0.136886853193654,0.5872082017240552,-0.05734573742585081,0.858466780067328,0.4784712809002625,0.6204619389962094,-0.7235980313897448,0.4463966738443763,-0.35776252398204456,-0.13587058118772477,0.9630253913831202,-0.4276921633865427,-0.3739687765577482,0.16194068366377912,-0.3035960230438053,0.03213362268105491,-0.40821977483301053
213,0.9072470816279938,0.08584744483082996,-0.1315133220163749,-0.5169404859920665,0.9495340985876934,-0.869202953264897,-0.8299328228437022,0.4729387873453801,0.11479762841843622,0.957889088490887,-0.1895696726436209,-0.13687152176947848,0.9794590104171763,-0.6154714469841454,0.663281210645901,-0.9599383589061841,0.8131426369916452,-0.9143123667398292,-0.5555497263047666,-0.6186303786959411,-0.7014052664367398,-0.10662939977206776,-0.09907990247715914,-0.10177164136124195,-0.8577345159159508
214,0.8310608734617473,0.41575323646334716,0.8645588083521594,0.5635956375453213,-0.27662809310626524,-0.00622144053957574,-0.03192918831196656,-0.8411235031405973,0.9972346685834845,0.9894739664469026,0.7040963728652987,0.6236453717023547,-0.5319471529867732,0.2723569050646486,-0.26082007785538375,-0.0934766084460581,-0.6776054461110559,0.7542913202439396,-0.49185460314048,0.5564249253877696,-0.1613654598048444,-0.8579471873923556,-0.5068156387198806,0.9969177862634886,0.5801056371580837
215,0.9072470816279938,0.08584744483082996,-0.22663817351974114,-0.5169404859920665,0.9663833956033889,-0.869202953264897,-0.8299328228437022,0.4729387873453801,-0.604044580104284,0.905981010882561,-0.3285065881692273,-0.13687152176947848,0.8157407850450344,-0.6154714469841454,0.663281210645901,-0.9599383589061841,0.8131426369916452,-0.38949078062305453,-0.5555497263047666,-0.6186303786959411,-0.7014052664367398,-0.10662939977206776,-0.10048939338125362,-0.381431940790405,-0.8984630890691143
216,0.9745234389666753,0.8863146134439002,-0.5055749381366033,-0.9461950257981875,-0.3063242185317778,0.4177577555976735,0.8545335273308436,0.06738678842307522,0.3081913419671518,0.4140780815120493,-0.7404304965019048,-0.9191250807676254,0.2623735951902675,-0.296471447848611,-0.29256885825641366,-0.2121499231834647,0.261583707617534,-0.687432421534566,0.17415467166856136,-0.7169041889863108,-0.6847931910839655,-0.8413072013116962,0.8610252213320677,-0.43872142445174545,0.7576335902470783
217,0.9217497271385708,-0.5378985712569846,0.4852477295343227,-0.6280837056899862,0.274244334397602,0.10055320112464772,-0.36642506551714393,-0.21776679085701356,0.06674041754569959,0.4947194390255909,-0.34228165601829197,0.4472862458895597,-0.7072103286551152,0.5670172586081634,0.48640307878024447,0.4162449468953957,0.4712653270062537,-0.058817374105260445,-0.1319036164539964,-0.6657096500970012,-0.6845028459320945,-0.27511530447125976,-0.612553844492286,0.49690943463457904,-0.5066806913552562
218,0.7221061575143681,0.09406779082165118,-0.6910149391472264,-0.28052822115872855,0.4212209950787198,0.6460790349971255,0.641711477644229,-0.5397686686552248,-0.49631957195464205,-0.21434683721347425,-0.2946984274752824,0.8558662016382939,0.20197643599876147,0.3024289194725176,0.7888105433551558,0.6178007856487875,-0.9946801220000274,0.9186830724740012,0.335360142097763,0.09462049968164932,-0.19463992094717386,0.585463062837607,0.9693263509758407,-0.4568162686734367,-0.673337581086064
219,0.7977904086047651,0.8922354607702727,-0.08542457186283392,0.01921209613709962,-0.6803612426191628,0.4765893566692163,0.1081958184766596,0.2088658666082679,0.48714259535842985,-0.5030414798074059,-0.8488526232564055,0.6372181653384839,-0.5301959475068856,-0.3723044111527076,0.8447019272065937,0.08835922210636071,0.26852816133515645,0.6874810286110704,0.7674789944081881,0.530776367247767,-0.3045679244547068,-0.7168604499274647,0.8776485251827122,-0.4880497326385056,0.668752503564912
220,0.7838229783611068,-0.8754951407425768,0.13548921422347981,0.4437084360885728,-0.40273551675922525,0.3382251984586164,0.3571022412837823,-0.7309905649632653,-0.6095918589440916,-0.7406133188129749,-0.2178405394997427,0.8273589694487395,-0.2254850856317363,-0.03072649920392556,-0.5030735030716575,0.7073001647068913,-0.917157612461089,-0.5288225957367596,0.17066399145237532,-0.28456959165670437,-0.7341217248393961,-0.5416017806477891,0.0313119497273362,-0.061529179076668994,0.08101883450754199
221,0.6796341992217045,0.03542894344589809,0.21422622214868037,-0.06686084627339994,0.8784609559914196,-0.25656826748122574,0.7456330666045625,0.3702813922529691,0.6163519729650524,-0.9125551520356991,0.6166850192571895,0.6681433635999097,0.09578940268286673,0.5742196031138509,-0.05407328035457781,-0.959442418204665,-0.1641560007717462,-0.7344766840572499,0.1601135862404368,0.925227487278961,-0.2556255929597162,0.24670061804089638,-0.6763137275138884,0.5662559224465544,-0.9727322588469953
222,0.7462707407953886,0.055699792835423256,0.32035856215202174,0.06949274925488025,0.8784609559914196,-0.40077076439550896,0.7456330666045625,0.3702813922529691,0.6163519729650524,-0.46218020396378123,0.6166850192571895,0.6546268692393951,0.11648028083573592,0.6950567075465306,-0.05407328035457781,-0.9623488818517352,-0.1641560007717462,-0.7335125389343191,0.1588896064356522,0.9629069179654397,-0.40403343133834535,0.24526850100992426,-0.6863507167502914,0.5072972749582119,-0.98896092383766
223,0.6929183563814021,0.396414212534828,-0.5735566271378436,0.7520637474303631,-0.3293618790742856,-0.6292290284240047,-0.06436405203074913,0.4743692473566963,-0.8682098280859096,-0.09849656833630016,-0.1591941853125367,0.6998175366552495,-0.526970605274816,-0.8695988766093239,-0.9407608528610012,0.5582995286836354,-0.36515413630210336,0.6792809938968618,-0.8096073789563054,0.18763811472564274,0.8843731689516205,0.4738515675837389,-0.5590729451484959,-0.9993813071837587,0.755844683772215
224,0.9268831764061358,0.10585036678546511,-0.2420537960013165,-0.18619405419563684,-0.7407254119924485,-0.021055017551763422,-0.6087518409338313,0.08174359654705121,-0.06389402282656054,-0.36079098035754487,-0.979253222819616,-0.857237888085504,0.9824001276809657,-0.8566566641747855,-0.24531750294091115,-0.05094595256158563,0.5211591121468377,0.5570337057200925,0.8188754776692344,-0.21968163570951038,0.5670042388312331,0.32628178298052424,-0.00883962371949476,-0.15502085305017066,0.07381559384822278
225,0.6796341992217045,0.07101317168231058,0.3844183474928473,0.12161344761748727,0.771076673584234,-0.37819456844760446,0.7456330666045625,0.3702813922529691,0.6163519729650524,-0.7842425289611494,0.7415119160958215,0.702310385347122,0.11648028083573592,0.5742196031138509,-0.04429822457452981,-0.9640714000344728,-0.12953684768950935,-0.44886458816439,0.14675846686489558,0.9274737928208756,-0.2556255929597162,0.24670061804089638,-0.6699533826385904,0.6642876456829336,-0.9727322588469953
226,0.8046547947805702,-0.0560558428058997,-0.24987318448163087,-0.5169404859920665,0.677001243837765,-0.666613773150661,-0.8299328228437022,0.6585367639253239,0.10631409839833261,0.905981010882561,-0.13546728637722238,-0.13687152176947848,0.9234011375007947,-0.523834599115677,0.6874245164947803,-0.9680244389166639,0.8559779321657299,-0.8317966691588976,-0.5555497263047666,-0.6186303786959411,-0.24451734568085515,-0.15864185648771856,-0.44458706595482633,-0.6716227377096873,-0.836402772472973
227,-0.10313927268624767,-0.4831926101134896,0.8084092581016291,0.37051785372452795,0.9123865889846943,0.6760775945881157,-0.7702041574960587,-0.1317059105538929,0.3487151231187382,-0.47302799422720243,0.14178257642163095,0.09187902141053583,-0.7571114828887993,0.9466713928383799,-0.08211424721783289,-0.09487125347026404,-0.19247234715882677,0.31640947635178773,-0.9974175093980695,-0.538121983618358,0.5779456845469231,-0.5827866038536211,0.41164049825309945,-0.18112206553339205,0.08817320325616018
228,0.9770841900642768,0.10585036678546511,-0.6259342998547097,-0.18619405419563684,-0.7407254119924485,0.0462649079964319,-0.29315793511485944,0.4589610777341544,-0.06389402282656054,-0.6159477095470898,-0.979253222819616,-0.7434281236434628,0.9694851015644017,-0.840007039349917,0.06457355312715762,0.030274440658091928,0.38880731967253035,0.4939348274272817,0.7753503434494307,-0.21968163570951038,0.4700667466605841,0.4566806634057736,-0.05053506211549763,-0.09494815827897551,0.07381559384822278
229,0.9542267395927511,0.0876350713251215,-0.2239721239065513,-0.5169404859920665,0.8181224488487064,-0.6634157822398674,-0.8299328228437022,0.4487886365891247,-0.17996488109546327,0.905981010882561,-0.13546728637722238,-0.2291919886052327,0.9234011375007947,-0.6154714469841454,0.6593491109628025,-0.9377564393222391,0.8559779321657299,-0.9143123667398292,-0.5555497263047666,-0.591089697112011,-0.24451734568085515,-0.15864185648771856,-0.2227451283277886,-0.4314954723945459,-0.9763765436833298
230,0.823588262840498,0.8175818491290745,-0.46516624427718356,-0.538769260840321,0.5732328238153586,0.5046702443197799,0.04337682163755474,0.1160574793544118,-0.49142171737451346,0.5147267635754993,0.4234512951892604,0.3272047776607261,0.8888912329363297,-0.45929701883761553,-0.19289105369237713,0.6101788268329178,-0.5971083451143959,0.18154001055175728,0.45985486605100023,0.8686439774271142,0.27820322840159384,0.4465548405840396,-0.28283135138748117,-0.4543888121738875,0.4849333440643604
231,0.6929183563814021,0.18437089282485375,-0.45826249435349853,0.7520637474303631,-0.3293618790742856,-0.6292290284240047,-0.07899326770968074,0.3761005798407764,-0.9030309211020138,-0.09849656833630016,-0.18836549033266703,0.6998175366552495,-0.5227055434722179,-0.8695988766093239,-0.9407608528610012,0.5582995286836354,-0.483313079680445,0.7207613853434724,-0.9451123705096027,0.18763811472564274,0.8054779042820486,0.6350753467860111,-0.5590729451484959,-0.923365107768988,0.755844683772215
232,0.823588262840498,0.8175818491290745,-0.49501021696671366,-0.538769260840321,0.4881343922802881,0.5046702443197799,0.014421335495180099,0.27117341521313443,-0.4333685438674242,0.5199089694584431,0.48033819909243625,0.3272047776607261,0.8907797155943842,-0.45929701883761553,-0.19289105369237713,0.6101788268329178,-0.6012020274540273,0.06443192567455891,0.30560091014612967,0.8686439774271142,0.27820322840159384,0.9039361600613043,-0.46214163421035925,-0.4599370327485841,0.159990994298711
233,0.8094021922802437,0.7850456703314002,-0.20409991164309704,-0.538769260840321,0.5732328238153586,0.49423311025475125,0.04337682163755474,0.27117341521313443,-0.49142171737451346,0.47218674821929274,0.4000675725586029,0.3272047776607261,0.8888912329363297,-0.45929701883761553,-0.19289105369237713,0.5304306920120403,-0.6361102353076133,0.30007578895121356,0.4113450978230071,0.8536985472114658,0.27820322840159384,0.9186420742003516,-0.27113886800377207,-0.5035200677291398,0.43264424776417276
234,0.603270131772915,-0.2501512269303201,-0.737808334440168,-0.976876649681665,0.4951945804287239,0.6650451913654571,-0.1492951045783968,-0.46925948338165324,-0.7723466756350676,-0.5182417591324757,0.09545786359135944,-0.6008223805160184,-0.8082765597926918,0.7046275762777483,-0.21592071248195155,0.29406761796053615,0.7417146815476663,0.5358211635632555,-0.08934824610680758,0.9517286291959985,-0.980633682961213,-0.5730184674887733,0.10378847772143374,-0.5249364814790884,-0.995355028701292
235,0.7345305782038036,0.2280102510668245,0.23548474806919062,-0.8833159003482369,-0.1265329789702785,-0.577041561565174,-0.04030037412111276,0.7337930635524934,-0.6659633388049471,-0.7141568191072638,0.1722052264198144,-0.3267356229696943,-0.33050728791782236,-0.20264508682713522,0.9965986461128742,0.30498475771971556,-0.7490261873755868,-0.3242110275556507,0.5380813169021574,-0.14344204596838517,0.28750736691797396,-0.6775627179630961,-0.6865547353553774,0.45156328995893524,-0.30837636707000415
236,0.8752420617363152,-0.9998829746632194,0.0779187090191722,-0.2614071307089616,0.20201143750244266,-0.8076470134819012,-0.9981511901384807,0.7185167983414678,0.0730294302585941,-0.04906653959236462,0.8079280792998369,0.7451052243589007,0.3656220671654533,-0.9614044359816372,-0.1396920053945936,0.9358617576369443,0.5305472527387918,-0.09362521488135567,0.49620613819406567,-0.04431683958033528,0.4656909564674898,-0.2086660983931783,-0.2101366818733088,-0.6421028167506493,-0.9744430987995361
237,0.5085888360209607,0.8483610092481837,-0.4051055923806939,0.7665746041963657,0.9986350100497436,0.202676543864299,-0.08195785727280658,0.812730649606815,-0.3477828950002544,-0.1104062773497787,0.23540028197859897,-0.17441966205251136,-0.6490268966545609,-0.3970840716132611,0.6054976459477444,0.6377868539919138,-0.6176010945183814,-0.3362508575201957,-0.6672040175134673,0.6632047529443439,0.2509345648303867,-0.9036980010322966,-0.8244743494320363,-0.3329631518292273,-0.5345456827932564
238,0.6929183563814021,0.21964636910924273,-0.493276670386515,0.9424431160470019,-0.34653400477751983,-0.6292290284240047,-0.4262273636147831,0.4743692473566963,-0.8024715131556914,-0.09944055221732584,-0.14259463708305664,0.7209206276999212,-0.5227055434722179,-0.8695988766093239,-0.9407608528610012,0.5637118121941669,-0.483313079680445,0.6792809938968618,-0.8454794904548955,0.18763811472564274,0.8158120395411208,0.6350753467860111,-0.5590729451484959,-0.9902185388125464,0.7136164255770849
239,0.9089839254592667,0.5923021747667598,0.6866290205618675,0.4805605256035592,-0.2794201006954582,0.13253427957914932,-0.03192918831196656,-0.8663887809642665,0.7494790469172297,0.7584485477472702,0.7040963728652987,0.5069374182512938,-0.5319471529867732,0.3250168992347422,-0.18076785962063235,0.2501275075790841,-0.9667624608350354,0.8266930670405115,-0.5077085725598864,0.5299053673618326,0.09703467848984593,-0.8592638529567262,-0.5068156387198806,0.9985366502896493,0.1901725519619919
240,0.9126523164236258,0.29280647750718236,-0.857792160219744,0.7873056321983258,0.7501072926208485,0.44662819427194256,-0.6567163697927965,0.12188274776945418,0.8531800118095536,0.8017187982140526,0.9240694115127313,-0.3562730500044544,0.3493437747226691,-0.7042876953458019,0.008101147690357857,0.7749642903013163,-0.4222631959700811,0.8622044481065156,0.23178687703202572,0.3781269205039237,0.8956136257859648,-0.6791781700933144,0.8861907974595569,-0.3388154294927621,-0.29605704982931114
241,0.9268831764061358,0.10585036678546511,-0.3164927956602894,-0.18619405419563684,-0.7407254119924485,-0.021055017551763422,-0.6087518409338313,0.06227907442269576,-0.06389402282656054,-0.36079098035754487,-0.979253222819616,-0.857237888085504,0.9811005436990339,-0.8566566641747855,-0.24531750294091115,-0.12954553175783468,0.5211591121468377,0.5570337057200925,0.8188754776692344,-0.21968163570951038,0.40929763577058864,0.32628178298052424,-0.00883962371949476,-0.15502085305017066,0.07381559384822278
242,0.8063405202069271,0.1748089830252184,0.9772509929199629,0.4955970144301951,0.8374697027968614,-0.8641942043863533,-0.20770048182593803,-0.7497670866359853,0.16339632847301044,-0.7492488866279228,0.2713208871052002,-0.36954386005887896,-0.33767013352818176,-0.4108982112715076,0.14651979351841482,0.9940326081506647,0.517379780133461,0.22483165434912822,-0.726766659634609,0.6068527402721813,0.009627427482276074,0.8153633857071756,-0.07984516740323722,-0.7724329405483603,-0.6621524134360679
243,0.896172362331173,-0.0560558428058997,-0.24987318448163087,-0.5169404859920665,0.677001243837765,-0.666613773150661,-0.8299328228437022,0.6585367639253239,0.10631409839833261,0.905981010882561,-0.2577473573822924,-0.13687152176947848,0.9234011375007947,-0.523834599115677,0.6874245164947803,-0.9680244389166639,0.8719530319578761,-0.8558991583102107,-0.5555497263047666,-0.6186303786959411,-0.2504556312925226,-0.15864185648771856,-0.44458706595482633,-0.6642377437855238,-0.836402772472973
244,0.8982270042867169,-0.9625783816193543,0.13548921422347981,0.4139136572763287,-0.4651575201780149,0.22609072269640973,0.46632806486191036,-0.5717092222427547,-0.543857991054816,-0.9685506519200866,-0.21682104980376904,0.8273589694487395,-0.28423215459372875,0.017361638753009112,-0.5030735030716575,0.4858105189315671,-0.7648579445008847,-0.6023029306030212,0.17066399145237532,-0.09683771938159258,-0.7136078507023857,-0.5140759205756338,0.0313119497273362,-0.061529179076668994,-0.06890848758287937
245,0.7833441677700343,-0.7367305947590208,0.13548921422347981,0.4139136572763287,-0.40273551675922525,0.3382251984586164,0.4138074423746039,-0.7309905649632653,-0.34903744662920455,-0.7406133188129749,-0.3152894119849645,0.7566258013467915,-0.2264923186128609,-0.03072649920392556,-0.5030735030716575,0.3589066294403438,-0.917157612461089,-0.5288225957367596,0.17066399145237532,-0.33828029849788943,-0.6946158613580296,-0.5416017806477891,0.0313119497273362,-0.04255277986361872,0.08661748917973999
246,0.5815098124667557,0.5719904952768815,-0.4120926226560029,0.2580705904574456,-0.8755589621444737,0.12059734966539071,-0.7100248612720275,0.7369484435034341,0.304511637814987,0.26066450327798685,0.007923122608790578,0.8319384493294606,-0.4497446363772175,0.8618137446675826,-0.8832962358709584,-0.6631642084573852,-0.2881879122770552,0.7018436561102532,-0.772468711911851,-0.7576388843969206,-0.09662351033042094,-0.6265780724097543,0.16182285024260445,0.2367786543604622,-0.038186792599287145
247,0.23946889478944922,-0.4210470314384851,0.43780858533178635,0.8654594127381408,0.5576687887885625,-0.7960104918835955,0.5345031597141536,0.9479624033476923,-0.6617345538531323,-0.04818812479264922,0.46881216948858473,0.371375134643088,-0.5244541813035732,-0.47364959359615866,-0.3546351947470008,0.19826419597351008,-0.19164111737641099,-0.5927171775700497,-0.5588940632627302,0.08338233781961324,0.8368493367716887,-0.25486102334600247,-0.7835195095703842,-0.1353252275432193,-0.7276636091606021
248,0.8330168251319772,0.07922091827447764,0.8641330048413571,0.4955970144301951,0.9730189243772991,-0.7878287265317909,-0.21786377962343684,-0.7775073528804863,0.16339632847301044,-0.6348966377637142,0.3656313425523332,-0.505737849623942,-0.2324853508127558,-0.5742593243453729,0.16832030568959744,0.9712019657911803,0.5836185301053161,0.1571073115278041,-0.726766659634609,0.49150447096314154,0.10183623762601446,0.8153633857071756,0.113383567780724,-0.8073220142227868,-0.6621524134360679
249,0.7582397211547596,0.2280102510668245,0.2534790690061579,-0.8819410379040657,-0.16350168112046637,-0.46901015188488215,-0.04353653226159038,0.5106062540208018,-0.692487920324675,-0.6545178184278193,-0.021980650792326584,-0.30365978453843434,-0.33050728791782236,-0.34699025952036533,0.9965986461128742,0.30498475771971556,-0.7490261873755868,-0.3870051338434155,0.5380813169021574,-0.14344204596838517,0.3578955321706927,-0.7953053992412582,-0.5294338285819229,0.45156328995893524,-0.04215997674319372
250,-0.11374184676231391,-0.3766395546066643,-0.8774844049612274,0.10134914640404524,0.7318697806525343,-0.4766726127000962,-0.3627835359275364,0.11116761740611802,0.9304822205761716,0.2862427525048459,0.44826888167888135,-0.2938852228442468,0.7340051125135687,0.29152126409608514,0.9811277313572095,-0.6969542577540295,-0.9154176222426962,0.3219381511876307,0.018520319263985563,-0.25571783429961203,-0.32842472577281034,0.18803209273863963,-0.333534255049728,0.8973418030836828,-0.6168917418886517
251,0.8063405202069271,0.023590553517915724,0.8366902771246614,0.4955970144301951,0.8932573058290343,-0.9789062625282328,0.19460215715124485,-0.7497670866359853,0.12507634471086293,-0.5813494614223238,0.2676168266147758,-0.505737849623942,-0.10236683204911912,-0.5971038594074727,0.18568894827677362,0.9717911178661123,0.48613946956001675,0.22483165434912822,-0.8112568025207294,0.37156204593988806,0.2448023119946896,0.8192145606248629,-0.36246584675214955,-0.8383857806904784,-0.6621524134360679
252,0.830222003379891,-0.24748885582047575,0.9130900110944273,0.03898809660285285,0.5728662300233149,0.4683861397075635,0.9207630563987637,-0.38551362834117286,-0.6319894902320222,0.0574035839489897,-0.26214289766224774,0.3749565710094087,-0.5198691248107048,-0.2081287840753847,-0.13551442401074643,0.05409474039932172,0.04616609208320055,-0.37803376547447654,-0.7689865530131808,0.6958257856915613,0.9213790844162015,-0.9624069318222772,-0.6096310530504065,-0.46095774753824936,0.10259875490001735
253,0.6354612370023378,-0.08666802672659912,-0.8155113123981945,-0.6509808302724602,-0.8943370387439291,0.7981517231226889,0.5338444755900622,0.7667980419639897,-0.5957217618680453,-0.9486167669700964,-0.26952183930941986,-0.9703082055228811,-0.8187288716496637,-0.010977054986557988,-0.9357933310487396,-0.6111944969867689,0.6014376801831438,-0.8045994892749329,0.37669964191882377,0.41098571390085614,-0.9550956237355128,-0.43607724571812434,-0.8260877125172503,0.28126726571969063,0.8181844630632207
254,0.8607881688699024,-0.9998809333959993,0.2213099641103895,-0.2614071307089616,0.20872143539685295,-0.8506421669742157,-0.998090382997268,0.7185167983414678,0.042186762933973165,-0.0034982555528642045,0.7936909313568075,0.7795922232661214,0.7251553617458286,-0.9809207363543075,-0.1396920053945936,0.9358617576369443,0.4808773303511733,-0.15163526901420243,0.5551801372688077,0.10566839973008957,0.44512079791888937,-0.2523712620307843,-0.1910600871881234,-0.5882925347670678,-0.9744430987995361
255,0.7221061575143681,0.11402225243614406,-0.6853477346990771,-0.2721068029892002,0.4086295702131937,0.746014113037706,0.6208377908749634,-0.4308631963584737,-0.49631957195464205,-0.552259522263812,-0.2946984274752824,0.8482275785128441,0.18377093213910678,0.3507635709419068,0.7234604592024281,0.6178007856487875,-0.9946801220000274,0.9186830724740012,0.23701472483483932,0.09462049968164932,-0.01197781836076195,0.585463062837607,0.8227310395838643,-0.3821965467456556,-0.673337581086064
256,0.8703498085018764,0.0874879622065321,0.6443211684594492,0.6041823965744477,-0.30378375252902945,-0.44239329175871345,-0.41334496752605476,-0.31176273947871236,-0.020374628668424544,-0.8057778666747171,-0.392715429908008,-0.5456802159165761,0.6286764391185071,-0.34769056036864976,0.776717273000306,0.7484042193005773,-0.9634925043807661,0.16622592467257657,-0.16097511033527967,0.5781511725575299,-0.858311315679531,0.7394283657530409,0.06333035043567925,-0.9192615664456087,-0.8771046053369376
257,0.0050787459094281395,-0.4067279367550982,0.5476452944504833,-0.557160496354544,-0.5147667186962002,-0.06465582590346286,-0.6159404302626585,0.4745188035005288,0.853951729606198,0.3761260231736483,-0.8701906476385373,0.11124611808760099,-0.775620686546211,-0.7031719776101657,-0.7337548383808958,-0.4712517498603157,-0.39007004693719316,-0.6150620139588854,0.7161350542734954,0.6285703051395177,0.829142468829839,0.13452210468893977,0.19311988007045056,0.47076343085962047,-0.5469724844536263
258,0.8874208799593821,0.3762414375191614,0.6177651912279096,-0.014818263106120222,-0.9057689393959552,-0.9864988774775729,0.6613796913619496,-0.6072194197215253,-0.5018714202044179,0.627668359178744,0.6413851878115624,0.7924763298542177,-0.366114716573277,-0.10374888910299074,0.716654382403092,-0.7862491620209859,0.6967614851719535,-0.7147198344132757,-0.9485660516593546,0.21224534761138591,0.22206922840111254,0.47606195690247066,0.5034542584774988,-0.8130998476739484,-0.9860996221614773
259,0.28595001359299665,0.4985296187236845,0.8082013892948718,-0.6155711376707216,0.18200912424534543,-0.9884318626830255,0.606956606969608,-0.5909815107401395,-0.4725482848347351,0.21582874431336774,0.426594250674986,0.29981964681371287,0.48395722263467,-0.41342473633361276,-0.3403979327166884,0.34736220459575295,0.7047129174053333,-0.3894959484227962,-0.9358207565099699,0.3266580100763048,0.05101887320555387,0.26600700304511915,-0.7909977708423781,-0.11332290809056822,0.812963852808984
260,0.09795096108649681,0.9950092303379316,-0.7690378716582791,0.38487134128277645,0.5978017822921635,0.12204316695748085,-0.7055983052498032,0.9696148138368001,0.21347231253400234,-0.4462273088989275,-0.79127307850525,-0.683211969825076,-0.46161980157325755,-0.556111594533163,-0.15449667665869193,0.2833192993773086,0.4817067920927005,-0.7633139078950228,0.6863041380438151,-0.25868495169989547,-0.11281090910834557,-0.2607243519761866,0.4801081044656579,0.19003645884711418,-0.09781171522998844
261,0.2304966981124763,-0.423292556725984,0.4409128430255822,0.10242251918104528,0.6842986257179811,0.17830437084134076,0.1582762532612365,0.3433152043038601,0.12971390141030348,-0.996545842773956,0.045648892839753596,-0.5393471055513215,0.3118808877263328,0.5822998784058209,-0.8677715015126732,-0.31270202419993254,-0.21891419828516412,0.6718234484723429,0.4576384610166577,-0.5108871649427689,0.7702985237421092,0.8475436818421225,-0.4949310942431562,0.3399590672242574,-0.5006684519676361
262,0.7833441677700343,-0.7132293367813698,0.13548921422347981,0.4139136572763287,-0.40273551675922525,0.3382251984586164,0.46632806486191036,-0.7309905649632653,-0.543857991054816,-0.7406133188129749,-0.2178405394997427,0.8273589694487395,-0.2254850856317363,-0.03072649920392556,-0.5030735030716575,0.5048261980250768,-0.944254169551126,-0.5288225957367596,0.16361641348561817,-0.28456959165670437,-0.8112993888146998,-0.5416017806477891,0.0313119497273362,-0.061529179076668994,0.08101883450754199
263,0.7977904086047651,0.8180859938504133,-0.08542457186283392,-0.10588112960234053,-0.6946269070970974,0.4765893566692163,-0.0728380855829116,0.18791611665970365,0.4828176450119448,-0.5030414798074059,-0.8488526232564055,0.6046024631971088,-0.5301959475068856,-0.6253810787249452,0.6430978038025001,-0.027044399973395583,0.23497880538904004,0.8132997055368376,0.7674789944081881,0.5049923141080588,-0.3896935552015479,-0.7430645501710846,0.9145118929282423,-0.4880497326385056,0.42578826241201706
264,0.9173568641084724,-0.8525682243421844,-0.4590423963940826,0.0010016067020919284,-0.35333824746633336,-0.3237493844360926,-0.7677989536403336,-0.31601523408519916,0.3798880391002144,-0.5306644899345005,-0.6582579116972453,-0.9791343257564837,-0.5075193173865054,0.2394159012867949,-0.5651570846363525,0.9731707301368182,-0.2570665666918224,-0.7820843758573419,-0.6069159659895322,-0.22227260910576208,0.1397192079674019,0.6345297223151578,0.8876273582382384,0.8602550542748126,0.9103243694493817
265,0.7977904086047651,0.8922354607702727,-0.08542457186283392,0.01921209613709962,-0.6803612426191628,0.4765893566692163,0.1081958184766596,0.2088658666082679,0.48714259535842985,-0.5030414798074059,-0.8488526232564055,0.6372181653384839,-0.43092271141628014,-0.3723044111527076,0.8137918880456658,0.08835922210636071,0.26852816133515645,0.6874810286110704,0.7674789944081881,0.39326159208827316,-0.3045679244547068,-0.7168604499274647,0.6491886544357468,-0.4880497326385056,0.668752503564912
266,0.896172362331173,-0.0560558428058997,-0.24987318448163087,-0.48267877437938345,0.677001243837765,-0.666613773150661,-0.8299328228437022,0.6585367639253239,0.10631409839833261,0.905981010882561,-0.2577473573822924,-0.13687152176947848,0.9234011375007947,-0.6923363112707941,0.6874245164947803,-0.985411750775542,0.8719530319578761,-0.8558991583102107,-0.5847664687295346,-0.6186303786959411,0.12862936059153207,-0.1570186459237124,-0.44458706595482633,-0.6642377437855238,-0.7919059386484546
267,0.9542267395927511,0.14731823716034587,-0.24987318448163087,-0.5169404859920665,0.8181224488487064,-0.666613773150661,-0.8299328228437022,0.47032281347041915,-0.17996488109546327,0.905981010882561,-0.13546728637722238,-0.2251927337536328,0.9234011375007947,-0.5620556273615251,0.688299832503936,-0.9377564393222391,0.8559779321657299,-0.9143123667398292,-0.5161199281714062,-0.6186303786959411,-0.24451734568085515,-0.15864185648771856,-0.2227451283277886,-0.3777166043060307,-0.9763765436833298
268,0.8982270042867169,-0.9625783816193543,0.13548921422347981,0.4139136572763287,-0.4651575201780149,0.22609072269640973,0.46632806486191036,-0.6150351909259946,-0.629437717720875,-0.9685506519200866,-0.21682104980376904,0.8273589694487395,-0.28423215459372875,0.017361638753009112,-0.5030735030716575,0.4858105189315671,-0.7648579445008847,-0.6023029306030212,0.17066399145237532,-0.09683771938159258,-0.7136078507023857,-0.5140759205756338,0.0313119497273362,-0.061529179076668994,-0.06890848758287937
269,0.7484935715905809,0.04276813368871801,0.6443211684594492,0.7437101982652141,-0.3523262505076774,-0.6383058593173139,0.2654662530294074,-0.5035736499529102,-0.020374628668424544,-0.8057778666747171,-0.392715429908008,-0.7318729985958303,0.3302662067293427,-0.5319233618947774,0.776717273000306,0.7484042193005773,-0.9634925043807661,0.18663117128516227,-0.16097511033527967,0.5797376717438543,-0.858311315679531,0.7030667855775325,0.06333035043567925,-0.9192615664456087,-0.8845969783852754
270,0.7977904086047651,0.8180859938504133,-0.14408752271792924,-0.10588112960234053,-0.6946269070970974,0.4035680625371869,-0.13090083542834607,0.18791611665970365,0.4828176450119448,-0.5030414798074059,-0.8488526232564055,0.6046024631971088,-0.5301959475068856,-0.6253810787249452,0.6430978038025001,-0.027044399973395583,0.23497880538904004,0.8378073328754752,0.7674789944081881,0.5049923141080588,-0.3896935552015479,-0.7430645501710846,0.9204378553377714,-0.4880497326385056,0.5287226195101484
271,0.9770841900642768,0.10585036678546511,-0.6259342998547097,-0.18619405419563684,-0.7407254119924485,-0.021055017551763422,-0.13547618424226338,0.0624742980305959,-0.14835668461846918,-0.4279209278187479,-0.979253222819616,-0.5449505514474904,0.9647595596916758,-0.840007039349917,0.06457355312715762,-0.051071734690808945,0.38880731967253035,0.48370083874269265,0.7753503434494307,-0.3484880404040027,0.3096258523872002,0.4566806634057736,-0.15229484997899356,-0.15502085305017066,0.07381559384822278
272,0.7520087699573574,-0.07430368238347662,-0.6853477346990771,-0.27302965177639993,0.4212209950787198,0.7236595341302436,0.6035406331010622,-0.47204669550457257,-0.5098208781740883,-0.26993958420864717,-0.2946984274752824,0.7983716334242039,0.4172219147445442,-0.04921728553011184,0.7147616668263954,0.6639418256553877,-0.7778224466593442,0.9186830724740012,0.335360142097763,0.09462049968164932,-0.19463992094717386,0.585463062837607,0.9693263509758407,-0.32077935346606856,-0.7029543488302992
273,0.7833441677700343,-0.8412053349376749,0.10315747895232064,0.4139136572763287,-0.40273551675922525,0.3382251984586164,0.5011258873510227,-0.7309905649632653,-0.5967264093647646,-0.8143316355347734,-0.2655689381250643,0.8273589694487395,-0.06244000697811103,0.017452645950868373,-0.5934439970796377,0.7198061918646428,-0.917157612461089,-0.5013203962569617,0.21323282696224566,-0.13962291329159293,-0.8112993888146998,-0.5416017806477891,0.021207324210867462,0.01747758057995341,0.08661748917973999
274,0.9307328309343581,0.8938414281378415,-0.5837136133697403,-0.8743992119277091,-0.35369125337185037,0.3501774179024235,0.7123177870837347,0.06738678842307522,0.3081913419671518,0.45216200092692294,-0.7706226343226485,-0.9191250807676254,0.25426603738288156,-0.296471447848611,-0.33281105571003833,0.016575021400977663,0.052092043186356296,-0.687432421534566,0.3163763122094372,-0.5319863496945143,-0.5371544736473359,-0.8413072013116962,0.7390282743996743,-0.3966600278417882,0.7576335902470783
275,0.7222675299076027,0.7850456703314002,-0.20409991164309704,-0.538769260840321,0.5732328238153586,0.49423311025475125,0.04337682163755474,0.27117341521313443,-0.49142171737451346,0.4305041973169421,0.4000675725586029,0.3272047776607261,0.8888912329363297,-0.45929701883761553,-0.19289105369237713,0.5304306920120403,-0.5971083451143959,0.30007578895121356,0.44760021021273366,0.8686439774271142,0.27820322840159384,0.9186420742003516,-0.3422043194490141,-0.4863654271313378,0.43264424776417276
276,0.9268831764061358,0.10585036678546511,-0.5713577281036775,-0.18619405419563684,-0.5350100348473463,-0.021055017551763422,-0.6087518409338313,0.14099251579538263,-0.06389402282656054,-0.36079098035754487,-0.979253222819616,-0.857237888085504,0.9824001276809657,-0.8566566641747855,-0.24531750294091115,-0.051071734690808945,0.5211591121468377,0.5399251888970475,0.7934827594304201,-0.19834261315468815,0.4700667466605841,0.4971854713048205,-0.00883962371949476,-0.15502085305017066,0.037395004894146044
277,0.8063405202069271,0.07477115427286773,0.9236023125966186,0.5891188035747577,0.8703004543496193,-0.7596273169192265,-0.2159386003527426,-0.8052585218827064,0.09555203508375287,-0.7336871157774016,0.3722272854143771,-0.5510911735295667,-0.24065712816783957,-0.5050904386083432,0.05535854458888667,0.984263256881061,0.6733540733982029,0.22483165434912822,-0.7593945964551179,0.5016410038147952,0.08836927896689972,0.7641239944219862,0.09875949940671114,-0.9720082067975233,-0.796985861203795
278,0.5870922688133711,0.310499620195003,-0.9259325633419591,0.6729015606941793,0.6216841424916222,0.5663305645393306,-0.7871234432049914,0.12188274776945418,0.8533723947795755,0.8017187982140526,0.9240694115127313,-0.2749128928737039,0.3493437747226691,-0.7042876953458019,-0.16670894578312279,0.8268847916028188,-0.534479778421699,0.8622044481065156,0.23178687703202572,0.3781269205039237,0.8956136257859648,-0.6791781700933144,0.7138521338145067,-0.4412351834810462,-0.2622350078632594
279,0.9307328309343581,0.8863146134439002,-0.5837136133697403,-0.9883463867262543,-0.3941640042475367,0.4177577555976735,0.7005666259656655,0.06738678842307522,0.3081913419671518,0.45216200092692294,-0.7404304965019048,-0.9191250807676254,0.25426603738288156,-0.296471447848611,-0.33281105571003833,0.008491560804398057,0.15416516882152775,-0.6959786518490048,0.3163763122094372,-0.6372893433399598,-0.6847931910839655,-0.8413072013116962,0.7390282743996743,-0.43872142445174545,0.827667462006078
280,0.9770841900642768,0.10585036678546511,-0.8001969053324385,-0.18619405419563684,-0.7407254119924485,-0.021055017551763422,-0.2893435035640888,0.024694400206327405,-0.06389402282656054,-0.5869730973983982,-0.979253222819616,-0.7884583500225855,0.9694851015644017,-0.8371996042727936,-0.053089867580252914,-0.24199455899675626,0.38880731967253035,0.4939348274272817,0.7753503434494307,-0.21968163570951038,0.4561497135859989,0.4566806634057736,-0.15229484997899356,-0.0011910090492472936,0.09381374816384058
281,0.7824904490909226,-0.14229250263162063,-0.46575791861946225,-0.40951857535304526,-0.18197124557857447,-0.7508558693559557,-0.7343345507049555,0.9818597167880547,-0.5842416810772848,0.3159885343637103,-0.13337724053881472,0.08640189267990017,-0.9582234387476758,0.6081431531053387,0.1885179839838107,0.6682101966633571,0.47048773373270625,0.7605853951356947,-0.10892535362741529,0.14957671372043135,-0.14315759663404148,0.37509837285622916,0.597315812248906,-0.9545547717314995,-0.0760605503986056
282,0.823588262840498,0.8175818491290745,-0.46516624427718356,-0.538769260840321,0.5732328238153586,0.6006528214074698,0.04337682163755474,0.29014088833186613,-0.49142171737451346,0.5147267635754993,0.4234512951892604,0.3272047776607261,0.8888912329363297,-0.447512489035947,-0.33142164159813237,0.6101788268329178,-0.5971083451143959,0.18154001055175728,0.45985486605100023,0.8686439774271142,0.15603016609438103,0.7052843004811922,-0.34619213885747047,-0.4543888121738875,0.43264424776417276
283,0.707365560497736,0.5412376522147087,-0.562513464726317,0.27662152339208124,0.9722946805439749,0.6840691120040294,0.15506271236342228,-0.6491683743870866,-0.27050301865885684,-0.9897703314067461,0.017686708708849697,-0.9725789056152825,-0.37252679263324007,-0.49041656143290724,-0.625135537599715,0.22243177856769547,-0.5360303427195843,-0.2579733367415078,0.23275411050122385,0.4328111128029988,-0.16228652703670488,0.036237595233962416,-0.7179838949681041,-0.9631386163822051,0.17267536958856855
284,0.7345305782038036,0.2280102510668245,0.28943043164709126,-0.8819410379040657,-0.1265329789702785,-0.5868255598321035,-0.04353653226159038,0.7293772789254909,-0.6659633388049471,-0.6545178184278193,0.1722052264198144,-0.30365978453843434,-0.33050728791782236,-0.28310417710728375,0.9965986461128742,0.30498475771971556,-0.7490261873755868,-0.31374752066769807,0.5380813169021574,-0.14344204596838517,0.28750736691797396,-0.8404590304465889,-0.4900209172178267,0.45156328995893524,-0.30837636707000415
285,0.8607881688699024,-0.9998809333959993,0.2213099641103895,-0.2614071307089616,0.20872143539685295,-0.8506421669742157,-0.998090382997268,0.7185167983414678,0.042186762933973165,-0.0034982555528642045,0.7936909313568075,0.7795922232661214,0.7251553617458286,-0.9809207363543075,0.15104156944733882,0.9358617576369443,0.4808773303511733,-0.07531065640575907,0.5551801372688077,0.10566839973008957,0.44512079791888937,-0.2523712620307843,-0.1910600871881234,-0.5882925347670678,-0.9880136677341615
286,0.8046547947805702,0.088519242052024,-0.24987318448163087,-0.5169404859920665,0.8038705222954132,-0.5566716820042998,-0.8299328228437022,0.6585367639253239,0.10631409839833261,0.905981010882561,-0.22123236141724756,-0.13687152176947848,0.9234011375007947,-0.6154714469841454,0.8584478233898813,-0.9755181764184411,0.8559779321657299,-0.9143123667398292,-0.5555497263047666,-0.5838488002719144,-0.0888025627061153,-0.15864185648771856,-0.16587469651802134,-0.41740345648772026,-0.7010351521872102
287,-0.7262986015698429,-0.8760548517956748,0.7632208505069442,0.5498325900014269,-0.4645381534162758,-0.587234320187304,-0.9201003964926491,-0.45834540461373074,0.3021026126930171,-0.4057945329926318,-0.30769776509181357,0.4728563097488061,0.786777202307062,0.9071102334863674,-0.28700845786193985,-0.05035431566976922,-0.33014614316265956,0.3207658229745858,0.9152977903044721,0.01743153247872331,0.402275497010808,-0.9638069660542217,-0.19912636675558892,0.1098902481731423,0.8649411477234139
288,0.8902600370866169,0.8088250944466382,-0.29057209234232984,0.5597889027679057,0.34356423235108235,0.8926657640993183,0.41734241346612944,0.8590650360674186,0.7985680340686485,-0.875192691517729,-0.13306998358995759,0.7672629850594381,-0.24674547105776745,-0.1801617936032942,0.5491071991677181,-0.6754512622393243,0.1156648690595099,0.6173645368621286,-0.6308115959563609,-0.3939808250353045,0.333058169244167,-0.9046203584476131,0.13356747277641756,-0.20230633021409283,0.48040787375110283
289,0.9770841900642768,0.25204217854257993,-0.6259342998547097,-0.18619405419563684,-0.7407254119924485,-0.021055017551763422,-0.15557947577213338,0.022663107934940863,-0.06389402282656054,-0.4260351865633627,-0.9825042177833392,-0.7884583500225855,0.9989440123149707,-0.8570056266658752,-0.05324590557256603,0.006901290596305731,0.38880731967253035,0.473957904434404,0.7753503434494307,-0.21968163570951038,0.1951949923957843,0.5312472590820174,-0.18586341235179993,-0.15502085305017066,-0.084832988926687
290,0.2830189289032119,-0.407328240778543,0.9587110462083355,0.827984866183592,-0.6582494010763962,-0.37065283634389656,-0.01781952528785724,0.5842813065524695,-0.050576892541210894,0.6217005724575138,-0.11751926304667815,-0.3117891024490793,-0.15514972301410102,0.02191141227764426,0.9588988641798917,0.24196287198139044,-0.6572871278743793,0.5440830348970318,-0.08805741387128485,-0.38015299121604373,-0.1185065943734609,-0.22876928720974776,-0.2575160240851615,-0.9169846876389602,0.051792014600618774
291,0.4587768425951855,0.4985296187236845,0.8082013892948718,-0.6863568129061666,0.27897164459385926,-0.8303566319872147,0.7633395840831152,-0.6486525135721735,-0.4728402841498631,0.21582874431336774,0.426594250674986,0.29981964681371287,0.48395722263467,-0.24654841165634123,-0.5694669398086829,0.4157342936996842,0.7133005169614857,-0.5586644735247046,-0.435683454141794,0.29661569541506805,0.05101887320555387,0.26600700304511915,-0.7909977708423781,-0.16593676690754755,0.8760004651904632
292,0.8782785741058232,0.07922091827447764,0.8641330048413571,0.4955970144301951,0.9730189243772991,-0.7878287265317909,-0.21786377962343684,-0.7775073528804863,0.16339632847301044,-0.6348966377637142,0.3656313425523332,-0.505737849623942,-0.2770745564495469,-0.5742593243453729,0.08350293708715739,0.9712019657911803,0.5836185301053161,0.1571073115278041,-0.726766659634609,0.49150447096314154,0.0825860555852651,0.763619479784104,0.2409571601605729,-0.681305370765795,-0.6621524134360679
293,0.712969155227237,-0.23407460557101434,0.047388434469713525,0.28315057043764025,0.7176496905103544,0.25958009370902,-0.10654816021102298,0.11946344299876555,-0.7215050281404931,-0.21903767360820292,-0.5046365286650119,0.738636250572333,0.49154490798531336,0.046787786429918654,-0.8686355265842804,-0.13008952106854443,-0.6509744720473303,0.7644442355294794,0.8708419078138421,-0.05927948349760781,-0.5311318254215822,0.060440119288378114,0.7916257441986829,-0.3622973293861169,-0.16071551620246893
294,0.9100922131332498,0.8922354607702727,-0.08542457186283392,0.01921209613709962,-0.9565856396859682,0.5976143767730799,0.6484778051227087,0.2088658666082679,0.48714259535842985,-0.40132355590918456,-0.8488526232564055,0.6388645760777711,-0.5301959475068856,-0.3723044111527076,0.8447019272065937,0.08835922210636071,0.31053863232209,0.6874810286110704,0.7674789944081881,0.530776367247767,-0.13108856943762093,-0.7168604499274647,0.8776485251827122,-0.4880497326385056,0.668752503564912
295,0.9072470816279938,0.05538302853224919,0.2038065550995216,-0.5169404859920665,0.9495340985876934,-0.869202953264897,-0.8299328228437022,0.4645844546003628,0.11479762841843622,0.905981010882561,-0.4919864196333261,-0.13687152176947848,0.8258835487852194,-0.5911950762142852,0.6706903614188691,-0.9599383589061841,0.8131426369916452,-0.9143123667398292,-0.5555497263047666,-0.6186303786959411,-0.7014052664367398,-0.10662939977206776,-0.09907990247715914,-0.41740345648772026,-0.8577345159159508
296,0.7520087699573574,-0.06517387723705492,-0.6853477346990771,-0.27302965177639993,0.4212209950787198,0.645163000580083,0.6035406331010622,-0.5189155668046141,-0.5098208781740883,-0.21434683721347425,-0.41206127178933927,0.7983716334242039,0.40170539332425137,-0.04921728553011184,0.7147616668263954,0.6639418256553877,-0.7778224466593442,0.9186830724740012,0.335360142097763,0.09462049968164932,-0.19463992094717386,0.585463062837607,0.9693263509758407,-0.32077935346606856,-0.673337581086064
297,0.6929183563814021,0.21964636910924273,-0.3877030639410046,0.7809013397630982,-0.3293618790742856,-0.6292290284240047,-0.07899326770968074,0.4743692473566963,-0.7560281635302506,-0.09849656833630016,-0.1633567997659704,0.6998175366552495,-0.5227055434722179,-0.8695988766093239,-0.9407608528610012,0.5582995286836354,-0.483313079680445,0.6792809938968618,-0.9451123705096027,0.18763811472564274,0.8054779042820486,0.6350753467860111,-0.5590729451484959,-0.9902185388125464,0.7670078377698915
298,0.9870384122522371,0.250642670177321,0.39279401864565067,-0.17464582839978116,-0.9668234878518382,-0.441811008550405,-0.7500004169942194,0.8790539480386992,-0.9498353220139879,0.5828414260369368,-0.18880084756685678,-0.5586368341142376,0.03507116519255016,-0.3035943584332663,0.1031734229219663,0.7330352126408548,-0.09376921189737475,0.4235771725000357,0.7516346444877096,0.6259176769778119,0.5462455829715933,0.9919416404418622,-0.5104292465546734,-0.9057186525891685,0.3913757912137297
299,0.010537150677099039,-0.36527712488688513,0.6817758936286076,-0.6444849534810413,0.573429046541968,-0.06967510216700479,0.2706491848861665,-0.31060024627166327,0.8176832328012489,-0.5455496287467188,-0.25723162531576027,-0.024699359226682427,0.654124379907095,-0.7249449156944956,-0.26103370492241496,0.5232247160554457,0.5391277258891045,0.6323688429834213,0.046682368795635254,0.9158230723117917,-0.01687794922608421,0.9729802318834286,0.05797640648614144,-0.8761215481961042,0.48153977265392856
300,0.8063405202069271,0.07477115427286773,0.9705832986604288,0.5891188035747577,0.7521758739934246,-0.8103316462996912,-0.2159386003527426,-0.5672076479064743,0.11940197095372085,-0.7336871157774016,0.3722272854143771,-0.5510911735295667,-0.24065712816783957,-0.5068167055659387,0.05535854458888667,0.984263256881061,0.4863880050250764,0.22483165434912822,-0.726766659634609,0.49150447096314154,0.08836927896689972,0.7641239944219862,0.02114966606577018,-0.9399340060933372,-0.796985861203795
301,0.5066746934782971,-0.08666802672659912,-0.8155113123981945,-0.6509808302724602,-0.8943370387439291,0.7981517231226889,0.5338444755900622,0.6562795352329034,-0.8093002669865501,-0.9945867078184774,-0.29680373823617123,-0.9891960065638117,-0.8187288716496637,-0.022386649470562237,-0.9694576555733525,-0.6111944969867689,0.5695876209198545,-0.8045994892749329,0.37669964191882377,0.41098571390085614,-0.9550956237355128,-0.43607724571812434,-0.8260877125172503,0.28126726571969063,0.9935366721468706
302,0.9745234389666753,0.8863146134439002,-0.5837136133697403,-0.9461950257981875,-0.3063242185317778,0.4177577555976735,0.6175067787203485,0.06738678842307522,0.30835000676140956,0.4140780815120493,-0.7404304965019048,-0.9191250807676254,0.25426603738288156,-0.296471447848611,-0.33281105571003833,0.08455503942761777,0.261583707617534,-0.687432421534566,0.17415467166856136,-0.7169041889863108,-0.6847931910839655,-0.8413072013116962,0.8942643139030715,-0.43872142445174545,0.7576335902470783
303,0.7833441677700343,-0.7367305947590208,0.10315747895232064,0.35641631949093155,-0.563158655275563,0.3382251984586164,0.46632806486191036,-0.7309905649632653,-0.5967264093647646,-0.9012185457327666,-0.1453866023225574,0.8273589694487395,-0.06244000697811103,-0.031046404235303138,-0.556972108186004,0.7198061918646428,-0.917157612461089,-0.5288225957367596,0.21323282696224566,-0.35852136895413955,-0.8112993888146998,-0.7388728179125077,0.021207324210867462,-0.049855665935270244,0.08661748917973999
304,0.8046547947805702,0.088519242052024,-0.28773418623194913,-0.5169404859920665,0.8038705222954132,-0.6167023481012308,-0.7705270507559143,0.6585367639253239,0.10631409839833261,0.905981010882561,-0.22123236141724756,-0.13687152176947848,0.9234011375007947,-0.6154714469841454,0.8584478233898813,-0.7352718325692993,0.8559779321657299,-0.8735212076854553,-0.5555497263047666,-0.5838488002719144,-0.0888025627061153,-0.15864185648771856,-0.16587469651802134,-0.4581441581243917,-0.7010351521872102
305,0.7824904490909226,-0.09986793146245221,-0.46575791861946225,-0.41968285617834455,-0.09447673020549496,-0.7246427679957332,-0.752401361978779,0.9818597167880547,-0.3004343216646983,0.21682530863863891,-0.13337724053881472,0.222129762059593,-0.9933586929581095,0.61798555726159,0.31246634659740113,0.6682101966633571,0.47048773373270625,0.7605853951356947,-0.10892535362741529,0.15062156485657408,-0.14315759663404148,0.3419026336256963,0.5693036631000781,-0.9545547717314995,-0.36073145397007766
306,0.22698205746786115,-0.423292556725984,0.4409128430255822,0.1222907334845984,0.6842986257179811,0.22673294088036777,0.1582762532612365,0.3433152043038601,0.12971390141030348,-0.9956603978197529,0.045648892839753596,-0.5393471055513215,0.2139740815761526,0.5822998784058209,-0.8677715015126732,-0.31270202419993254,-0.21891419828516412,0.7888639678078939,0.4576384610166577,-0.5108871649427689,0.7702985237421092,0.8394205031619084,-0.4949310942431562,0.3624917574487938,-0.6577362785293459
307,0.16762618699860554,-0.9717231234625132,0.19277776411503678,0.08123264218576809,-0.5454174792275501,-0.6394147970129658,0.0610181688587752,0.9816581232799508,-0.9252333204683594,-0.820790738517029,0.69958215185813,-0.644330147885791,-0.48996312735912273,0.6702699824627238,-0.950736006031784,-0.7320304246867637,0.2820981085206433,-0.052183667533099776,-0.4387760656668189,0.5172469718783619,0.8828530680735578,-0.16209743452440106,-0.8708481245701596,-0.3662151024621929,-0.5839223565777782
308,0.7291077712064984,0.4864297204790968,-0.34669099314009433,0.7520637474303631,-0.3293618790742856,-0.5871783645118744,-0.1080259039013105,0.4809843615888836,-0.949523278128557,-0.12289961182022413,-0.22617652596850402,0.6998175366552495,-0.5227055434722179,-0.9343153139989022,-0.9407608528610012,0.49064964918061493,-0.483313079680445,0.6792809938968618,-0.8096073789563054,0.18763811472564274,0.9949647687901455,0.5870651908289637,-0.5590729451484959,-0.9946603606850681,0.7781707434046063
309,0.7489929638713984,0.31752571111200845,0.9705832986604288,0.5156077701116542,0.8901147794474167,-0.7596273169192265,-0.38705309781848385,-0.4811585897405708,0.16339632847301044,-0.609909585808821,0.1932279094364826,-0.5751250531052359,-0.2324853508127558,-0.47998227410694905,0.05406001211862721,0.8913027851639368,0.6174555023894417,0.4725379227004489,-0.7631716118833494,0.41181860070134646,0.08836927896689972,0.8153633857071756,0.01964016401832991,-0.7696708529275968,-0.4940526378927719
310,0.9397317430974488,0.05538302853224919,0.2519096158657139,-0.5169404859920665,0.9495340985876934,-0.869202953264897,-0.8299328228437022,0.4645844546003628,0.11479762841843622,0.905981010882561,-0.4919864196333261,-0.13687152176947848,0.8258835487852194,-0.5911950762142852,0.35874804102559255,-0.9599383589061841,0.8034241888613698,-0.9143123667398292,-0.8104049263567965,-0.6186303786959411,-0.7014052664367398,-0.13505118276071637,-0.09907990247715914,-0.45008761492460114,-0.8577345159159508
311,0.8889410459643532,0.8922354607702727,-0.08542457186283392,0.01921209613709962,-0.6803612426191628,0.4765893566692163,0.1081958184766596,0.2088658666082679,0.4389677427025893,-0.5896650476012579,-0.8488526232564055,0.6372181653384839,-0.5301959475068856,-0.3504959837107626,0.6527278214129599,0.06894304451436906,0.26852816133515645,0.6874810286110704,0.7674789944081881,0.3537621691872366,-0.3045679244547068,-0.7168604499274647,0.8776485251827122,-0.4880497326385056,0.668752503564912
312,0.7582397211547596,0.27513280563979325,0.2534790690061579,-0.8827971526991871,-0.1265329789702785,-0.631483085915977,-0.04353653226159038,0.5106062540208018,-0.5739550881792044,-0.6545178184278193,-0.021980650792326584,-0.30365978453843434,-0.33050728791782236,-0.21345384556337277,0.9965986461128742,0.25498228709968296,-0.7490261873755868,-0.3870051338434155,0.4450357690335103,-0.14344204596838517,0.3578955321706927,-0.7953053992412582,-0.5294338285819229,0.45156328995893524,-0.04215997674319372
313,0.8930227570721716,0.06263609757225641,0.6443211684594492,0.9043606594001055,-0.30378375252902945,-0.5438924248493642,0.2890983280785162,-0.5035736499529102,-0.020374628668424544,-0.8057778666747171,-0.38970246787424845,-0.5456802159165761,0.573880778285456,-0.5319233618947774,0.8044863033083434,0.7484042193005773,-0.9791092026596886,0.17306646345249055,-0.2389951764510292,0.5797376717438543,-0.858311315679531,0.7394283657530409,0.016039471208178835,-0.9192615664456087,-0.8845969783852754
314,0.6796341992217045,0.06361491790280627,0.21422622214868037,0.033470808291785836,0.8784609559914196,-0.4007677320953198,0.635973875519759,0.3702813922529691,0.6163519729650524,-0.9125551520356991,0.6166850192571895,0.6752762237920873,0.11648028083573592,0.5742196031138509,-0.05407328035457781,-0.959442418204665,-0.1641560007717462,-0.7344766840572499,0.1601135862404368,0.9387890063685993,-0.08043459356495886,0.24670061804089638,-0.6699533826385904,0.6833721856086539,-0.9727322588469953
315,0.8330168251319772,0.07922091827447764,0.9984123445213025,0.4955970144301951,0.8956044781736114,-0.7878287265317909,-0.1243481179999586,-0.7349771435579047,0.16339632847301044,-0.6321157516974409,0.3656313425523332,-0.505737849623942,-0.2324853508127558,-0.5742593243453729,0.16832030568959744,0.4405992678998234,0.6174555023894417,0.1571073115278041,-0.726766659634609,0.49150447096314154,0.10183623762601446,0.7587413650149826,0.113383567780724,-0.8073220142227868,-0.6661784263514883
316,0.21876511431184475,0.5033653324729841,-0.8974389821410251,-0.31990833837059895,-0.11595192714956237,0.19802431902884332,0.29839417416943226,0.7334111739004987,-0.7225036755386454,0.9069266730430752,0.4087210039981275,0.08867671772346686,0.9390522325215818,0.11591481063831632,-0.06045919674109834,0.39643452229097154,-0.18462060201865427,-0.7551099984589891,0.7189810034464639,0.17219690261457066,-0.2645610910601186,-0.5128837949058567,0.5942079668200373,0.9800138710744277,-0.8631369500333286
317,0.326416655886026,-0.7398030332389987,-0.36635205357378786,-0.0006025318682547631,0.025772434611158523,0.8361764486080521,-0.757329636731005,0.7131852969085839,0.33942141733960773,-0.50591158722915,0.9125233835205664,-0.7703906852967748,-0.5071837019137566,0.24719005670445826,0.2142571666298454,0.8266037314956616,0.4730688102557834,-0.07008019942772026,-0.9681254760540117,0.30581805619227365,0.6556602164793319,-0.5060581182651949,-0.30998421621059924,0.19408571619902548,-0.9885206553892414
318,0.8362581350899825,0.07477115427286773,0.9705832986604288,0.5891188035747577,0.8973036517258861,-0.861173216297282,-0.2159386003527426,-0.642205593504759,0.2678599389764744,-0.6498530342331579,0.3722272854143771,-0.505737849623942,-0.2324853508127558,-0.4971668412653023,0.05535854458888667,0.984263256881061,0.5385551091609491,0.22483165434912822,-0.726766659634609,0.5018123687993461,-0.06933441431545506,0.8153633857071756,0.00150607110590939,-0.9959758153410994,-0.2732251777589014
319,0.7439876256615687,0.33712788645788994,0.9705832986604288,0.5156077701116542,0.8901147794474167,-0.7596273169192265,-0.38705309781848385,-0.4811585897405708,0.16339632847301044,-0.609909585808821,0.13804246199185255,-0.5751250531052359,-0.2324853508127558,-0.47998227410694905,0.0004479246529041081,0.8913027851639368,0.6174555023894417,0.4725379227004489,-0.7631716118833494,0.41181860070134646,0.08836927896689972,0.8153633857071756,0.01964016401832991,-0.7696708529275968,-0.4940526378927719
320,-0.10313927268624767,-0.4831926101134896,0.8084092581016291,0.3573565593273835,0.9123865889846943,0.6760775945881157,-0.7702041574960587,-0.1317059105538929,0.31456334923432183,-0.47302799422720243,0.14178257642163095,0.09187902141053583,-0.7571114828887993,0.9466713928383799,-0.08211424721783289,-0.09487125347026404,-0.19247234715882677,0.31640947635178773,-0.8821786956269031,-0.5757223884756042,0.5779456845469231,-0.5827866038536211,0.5438454974828377,-0.18112206553339205,0.08817320325616018
321,0.7164118465720337,-0.7445453575418117,0.10315747895232064,0.3159493135156253,-0.40273551675922525,0.24700040005630952,0.5653537379688787,-0.7309905649632653,-0.6747209048889313,-0.7474130490659159,-0.16567154687747854,0.9616398022198152,-0.06244000697811103,-0.11975701543102124,-0.5954846109491281,0.6396852675770126,-0.917157612461089,-0.6339165059019951,0.3328524359699505,-0.2969290384311145,-0.628327049594406,-0.5781746443125511,0.021207324210867462,0.09819982242758463,-0.10177320709582682
322,0.7291077712064984,0.4864297204790968,-0.3877030639410046,0.7520637474303631,-0.3293618790742856,-0.6292290284240047,-0.06436405203074913,0.4743692473566963,-0.9030479072310627,-0.16369916372609317,-0.18836549033266703,0.6998175366552495,-0.5227055434722179,-0.8695988766093239,-0.9407608528610012,0.49064964918061493,-0.483313079680445,0.6792809938968618,-0.8096073789563054,0.18763811472564274,0.9949647687901455,0.5280665152272705,-0.5590729451484959,-0.9946603606850681,0.7781707434046063
323,0.18708817730339855,-0.407328240778543,0.9587110462083355,0.9221407444213632,-0.5248874208318339,-0.37065283634389656,-0.01781952528785724,0.6094564129400846,-0.041141341665089204,0.6217005724575138,-0.29820332866160926,-0.3117891024490793,-0.07325547684153699,-0.0037058796839215535,0.8953016951375403,0.24196287198139044,-0.6572871278743793,0.22841112080781856,-0.10123463207707961,-0.3372591045635145,-0.1614145777048781,0.008816857530430822,-0.3100045613714657,-0.9169846876389602,0.051792014600618774
324,-0.3835529334025092,-0.7913377656863547,-0.20415583581978458,-0.8793813734367291,-0.4490258233248887,0.7974955413688207,0.691595178070376,-0.6222948494629315,-0.70861306365766,0.5048610966692573,0.24424301473053767,0.7098943561151825,-0.2901528983758881,0.9948104227471097,0.8454452537320105,0.8375200811425727,0.5121099694079021,-0.2993328013915735,-0.6739276652322534,-0.9805647545461247,-0.5846243799179751,0.14269818545083757,0.7985036401898018,0.7124588562302907,-0.8495503965253361
325,0.8362581350899825,0.07477115427286773,0.9705832986604288,0.5891188035747577,0.8973036517258861,-0.9892545126167136,-0.2159386003527426,-0.642205593504759,0.010692547860329471,-0.6418339517906586,0.3722272854143771,-0.505737849623942,-0.2324853508127558,-0.4971668412653023,0.05535854458888667,0.984263256881061,0.5385551091609491,0.29288232801871983,-0.726766659634609,0.49150447096314154,0.08836927896689972,0.8153633857071756,0.02114966606577018,-0.9959758153410994,-0.2732251777589014
326,0.8046547947805702,0.0876350713251215,-0.24987318448163087,-0.5169404859920665,0.9495340985876934,-0.6765527573062151,-0.7316978920975765,0.6585367639253239,0.11479762841843622,0.905981010882561,-0.12572472631888054,-0.13687152176947848,0.8258835487852194,-0.6154714469841454,0.714340717550316,-0.9599383589061841,0.8131426369916452,-0.9143123667398292,-0.5555497263047666,-0.6186303786959411,-0.808886751861116,-0.10662939977206776,-0.16543911196532646,-0.41740345648772026,-0.836402772472973
327,0.7345305782038036,0.2063908146188136,0.27493687633368813,-0.8956285786790275,-0.11589578350798457,-0.6375550675784536,-0.04353653226159038,0.7719512322648865,-0.5957707181971708,-0.7286559772624897,0.016222617799699357,-0.13753785311816524,-0.33050728791782236,-0.4700117912127455,0.9978554124278247,0.40198733830123046,-0.7490261873755868,-0.9961372611214663,0.5380813169021574,-0.2235296482007867,0.05415787090850954,-0.47839252138292965,-0.47871379335857833,0.41832963613687757,-0.4005978857399397
328,0.7624021062867541,-0.14229250263162063,-0.4147197156921387,-0.18593712892125658,-0.04358488147281325,-0.7508558693559557,-0.7069073574056224,0.9818597167880547,-0.5842416810772848,0.3159885343637103,-0.01333158523913669,0.13077140862880543,-0.9722555135131896,0.457694805754995,0.31620023030970845,0.6845549722397664,0.47048773373270625,0.6736483033918466,0.09943844926624612,0.14957671372043135,-0.14315759663404148,0.4780157763105308,0.5485055767474245,-0.9545547717314995,-0.05083520303562983
329,0.22698205746786115,-0.423292556725984,0.45188563527147885,0.1222907334845984,0.573286961793954,0.22673294088036777,0.1582762532612365,0.3433152043038601,0.12971390141030348,-0.9956603978197529,0.045648892839753596,-0.5393471055513215,0.3118808877263328,0.6203840139345063,-0.8677715015126732,-0.39178289757184714,-0.21891419828516412,0.7888639678078939,0.4576384610166577,-0.5108871649427689,0.7702985237421092,0.8475436818421225,-0.4949310942431562,0.3619360327446972,-0.5006684519676361
330,-0.08703748325903149,-0.9800550784603541,-0.29519332832763534,0.4065559845872202,0.7478569318923858,-0.469348889420659,0.08833964242592618,-0.7943453372449778,-0.013156691758617667,0.2695990129145833,-0.8441648353707969,0.6293987199648228,-0.4013918626394348,0.5756275587199919,-0.932301016129873,-0.9162791704156807,-0.5453219257237361,0.4368916053821481,-0.3610319843015388,-0.11202772028113128,0.4272811941682977,0.6132222360110031,0.9219019798929236,0.11501952931663162,-0.3313245305539312
331,0.8063405202069271,-0.0526493211297403,0.9705832986604288,0.5891188035747577,0.7521758739934246,-0.8103316462996912,-0.2159386003527426,-0.5672076479064743,0.11940197095372085,-0.6843351463156737,0.3722272854143771,-0.5895357587009196,-0.24065712816783957,-0.5068167055659387,0.05535854458888667,0.984263256881061,0.5601418770409712,0.22483165434912822,-0.726766659634609,0.49150447096314154,0.08836927896689972,0.7641239944219862,0.05205687841250639,-0.9399340060933372,-0.796985861203795
332,-0.05619145357486466,-0.4420099647924809,-0.705504269734728,-0.1374532822648662,0.7524426679221392,0.19028107784767,-0.5087016752929006,0.25621768657289734,0.8558688756873021,0.9472123988105345,0.19576984384817853,-0.7269449948118103,-0.16996146539239265,0.6392019595893372,0.7389665814226092,0.7334772556794329,-0.8501739106418862,0.3460150208098254,-0.8963305435890674,0.23182174597382477,0.02041325232473512,-0.8528792991185048,-0.8363046000120258,0.943999284224524,0.831839230686392
333,0.9617810905103661,-0.8617817326861399,-0.5760054337062055,-0.12401417631740674,-0.35333824746633336,-0.3717664936841256,-0.7677989536403336,-0.28430105933253125,0.37913519925928174,-0.5872865218196464,-0.5971044766614615,-0.9791343257564837,-0.46837840128833563,0.16975003172079095,-0.7301369097695041,0.7699022544396699,-0.2570665666918224,-0.7820843758573419,-0.6069159659895322,-0.11905529249485114,0.10078944416212088,0.6345297223151578,0.9993532025037171,0.772165813810276,0.9242756924824216
334,0.7345305782038036,0.19260639193732998,0.16658850945058257,-0.8267355873210895,-0.0942225597861468,-0.6614661494144092,-0.04353653226159038,0.7337930635524934,-0.6536548349403888,-0.6545178184278193,0.42387716055377145,-0.31144182041244517,-0.3060438659117204,-0.21345384556337277,0.9965986461128742,0.30498475771971556,-0.7490261873755868,-0.41230930997864035,0.5380813169021574,-0.14344204596838517,0.28750736691797396,-0.7953053992412582,-0.4900209172178267,0.45156328995893524,-0.30837636707000415
335,0.44644429018783516,0.06694937054063455,-0.88325709917274,-0.6874652656131288,-0.6361203559208024,0.7053645043148775,0.40827891282112194,-0.11551215086404398,0.7945909903288413,0.6169846089320958,-0.0006714473694340306,0.7940667048736216,0.9447129390754181,-0.5595747012363694,-0.17166589161739454,-0.26844335082654536,0.7323417428445407,0.21537650147883025,0.6218555816202644,0.39164019449506493,0.4053100885037273,-0.5087958912610215,-0.8291296507257266,0.17908045238799342,-0.04614509690430357
336,0.44644429018783516,0.06694937054063455,-0.8286482167537466,-0.6874652656131288,-0.5606768001603495,0.582455228489998,0.40827891282112194,-0.08808560861575132,0.7945909903288413,0.5586496068513978,-0.0006714473694340306,0.7940667048736216,0.7730143823850164,-0.6864848715730294,-0.07278242675965219,-0.26844335082654536,0.8408960112079744,0.09751704241327985,0.7568308715811587,0.39164019449506493,0.4053100885037273,-0.5281428512296336,-0.8291296507257266,0.17908045238799342,0.2080084818223913
337,0.6223543223545078,0.07477115427286773,0.9705832986604288,0.4955970144301951,0.8852381914172749,-0.7596273169192265,-0.2159386003527426,-0.987435617916274,0.16339632847301044,-0.9872416522240237,0.3201188068093066,-0.505737849623942,-0.2324853508127558,-0.49807339681274554,0.03807653666424393,0.9712019657911803,0.6174555023894417,0.4080199140639471,-0.5277504982771124,0.6878150476117382,0.08836927896689972,0.8153633857071756,0.02114966606577018,-0.8073220142227868,-0.6799890126554464
338,0.9397317430974488,0.05538302853224919,0.2519096158657139,-0.5169404859920665,0.9495340985876934,-0.869202953264897,-0.8188512782964437,0.4645844546003628,0.11479762841843622,0.905981010882561,-0.4919864196333261,-0.13687152176947848,0.8258835487852194,-0.6684211674030403,0.35874804102559255,-0.9599383589061841,0.8034241888613698,-0.9143123667398292,-0.8104049263567965,-0.6437456406507918,-0.7014052664367398,-0.13430424802091578,-0.09907990247715914,-0.45008761492460114,-0.8577345159159508
339,0.326416655886026,-0.7398030332389987,-0.36635205357378786,-0.0006025318682547631,0.025772434611158523,0.8361764486080521,-0.7894328098801284,0.7632997088299063,0.33942141733960773,-0.50591158722915,0.9125233835205664,-0.7703906852967748,-0.5071837019137566,0.24719005670445826,0.2142571666298454,0.774571214937664,0.4730688102557834,-0.09351977076679185,-0.9681254760540117,0.30581805619227365,0.6556602164793319,-0.6156360986046985,-0.3192980387893456,0.19408571619902548,-0.9885206553892414
340,0.8889410459643532,0.8922354607702727,-0.08542457186283392,0.01921209613709962,-0.6803612426191628,0.3414803695745736,0.1081958184766596,0.2088658666082679,0.5962616709506532,-0.5896650476012579,-0.8488526232564055,0.6698001056715392,-0.5301959475068856,-0.33213646413464315,0.6527278214129599,0.06894304451436906,0.3115390781160843,0.6874810286110704,0.7674789944081881,0.2549082738727715,-0.3045679244547068,-0.7168604499274647,0.8776485251827122,-0.4880497326385056,0.668752503564912
341,0.896172362331173,-0.0560558428058997,-0.24987318448163087,-0.48267877437938345,0.677001243837765,-0.666613773150661,-0.8299328228437022,0.6585367639253239,0.14859424391321308,0.905981010882561,-0.2577473573822924,-0.13687152176947848,0.8834646881850998,-0.6923363112707941,0.6874245164947803,-0.985411750775542,0.9606800087724303,-0.8717931934716137,-0.5847664687295346,-0.6186303786959411,0.12862936059153207,-0.1570186459237124,-0.44458706595482633,-0.6642377437855238,-0.7919059386484546
342,0.7345305782038036,0.5609253774999146,0.27493687633368813,-0.8956285786790275,-0.11589578350798457,-0.6375550675784536,-0.04353653226159038,0.7719512322648865,-0.7192757111263621,-0.6545178184278193,0.016222617799699357,-0.13753785311816524,-0.33050728791782236,-0.4700117912127455,0.9965986461128742,0.40198733830123046,-0.7490261873755868,-0.590215376408602,0.5380813169021574,-0.14344204596838517,0.08493372636409102,-0.4820874242370339,-0.4900209172178267,0.45156328995893524,-0.4815088756767987
343,0.7548359852075883,0.09406779082165118,-0.6853477346990771,-0.28052822115872855,0.4212209950787198,0.5205610398519966,0.6100958268965888,-0.43763678754564084,-0.49631957195464205,-0.5503015685961083,-0.20413233309859047,0.5537830213963022,0.18379155754954923,0.3507635709419068,0.7888105433551558,0.6178007856487875,-0.9946801220000274,0.9186830724740012,0.23701472483483932,-0.4365085795957331,-0.19463992094717386,0.6612957230075214,0.9693263509758407,-0.32844919726613897,-0.673337581086064
344,0.8661013275704919,-0.7655388857500227,0.2905815752001,-0.5402482618211519,0.9137811312488691,-0.1835740523850249,0.1397613803938702,0.6138771585373459,0.136886853193654,0.5872082017240552,-0.05734573742585081,0.858466780067328,0.4784712809002625,0.6204619389962094,-0.7235980313897448,0.4463966738443763,-0.35776252398204456,-0.13587058118772477,0.9630253913831202,-0.4276921633865427,-0.3739687765577482,0.16194068366377912,-0.3035960230438053,0.03213362268105491,-0.40821977483301053
345,0.2830189289032119,-0.4688986581983656,0.9516559634555453,0.9221407444213632,-0.36563434680883145,-0.5021797890141733,-0.14303219572404324,0.557985043548131,-0.024130139155952968,0.7636168845541014,-0.06864618953965906,-0.24465497880225984,0.08161027829180534,-0.11126184153010787,0.8486512662143719,0.40470740810047934,-0.6572871278743793,0.14130320519826167,-0.18427072678689638,-0.32691665650145474,-0.1211685941054117,-0.09417411742132997,-0.3100045613714657,-0.8994665165293123,0.12276348545163507
346,0.9745234389666753,0.7150019220723847,-0.5837136133697403,-0.785684239620067,-0.5018403009482459,0.4177577555976735,0.6175067787203485,0.16846659266484187,0.3081913419671518,0.4140780815120493,-0.868970555164672,-0.9153396867712924,0.25426603738288156,-0.1935410330541507,-0.261283381540909,-0.06859078404879893,0.07090200366898869,-0.687432421534566,0.07329708527444456,-0.7169041889863108,-0.6847931910839655,-0.8413072013116962,0.7062717930238944,-0.43872142445174545,0.629911660504926
347,0.8902600370866169,0.5798290274719393,-0.34083237665007604,0.590933588365445,0.34356423235108235,0.8926657640993183,0.41734241346612944,0.8590650360674186,0.8379998988842328,-0.8868669638564857,-0.13856849011366967,0.7528259876384771,-0.24674547105776745,-0.13925079496489312,0.5474013996053104,-0.6903275721215758,0.18464220637526996,0.5843909809289294,-0.39896505327818366,-0.3939808250353045,0.26094194390550385,-0.9487256418670154,0.13356747277641756,-0.20230633021409283,0.5799864802418377
348,0.8930227570721716,0.06263609757225641,0.6443211684594492,0.9043606594001055,-0.30378375252902945,-0.5438924248493642,0.18964343989847277,-0.5035736499529102,-0.020374628668424544,-0.8057778666747171,-0.38970246787424845,-0.5456802159165761,0.3541743157913775,-0.5319233618947774,0.8044863033083434,0.7484042193005773,-0.9791092026596886,0.17306646345249055,-0.2389951764510292,0.750590398440661,-0.941807662266192,0.7394283657530409,0.08422055099256065,-0.9192615664456087,-0.8845969783852754
349,0.7488810437779496,-0.14229250263162063,-0.46575791861946225,-0.18593712892125658,-0.038230788573010877,-0.7508558693559557,-0.6921032911478062,0.9818597167880547,-0.5842416810772848,0.3159885343637103,-0.01333158523913669,0.1571092405207053,-0.9582234387476758,0.6081431531053387,0.31620023030970845,0.6845549722397664,0.47048773373270625,0.7605853951356947,-0.11569737109830003,0.05754406875466045,-0.14315759663404148,0.37509837285622916,0.597315812248906,-0.9545547717314995,0.04166434357100712
350,0.7345305782038036,0.2280102510668245,0.28822613004355,-0.8833159003482369,-0.1265329789702785,-0.5899860060326354,-0.04353653226159038,0.7337930635524934,-0.6112812330237682,-0.6545178184278193,0.2721258037944341,-0.30365978453843434,-0.15662037926609185,-0.13001080059086334,0.9965986461128742,0.30498475771971556,-0.7490261873755868,-0.41230930997864035,0.5380813169021574,-0.14344204596838517,0.28750736691797396,-0.7978503625647781,-0.4900209172178267,0.3121959987213607,-0.39443158811758483
351,0.8046547947805702,0.0876350713251215,-0.24987318448163087,-0.5169404859920665,0.677001243837765,-0.536682585408709,-0.8299328228437022,0.6585367639253239,0.022307584648327605,0.905981010882561,-0.13546728637722238,-0.13687152176947848,0.9234011375007947,-0.523834599115677,0.7824790833027682,-0.9377564393222391,0.9131283851704552,-0.9143123667398292,-0.565492032439654,-0.6186303786959411,-0.24451734568085515,-0.17903518842413635,-0.2227451283277886,-0.6716227377096873,-0.836402772472973
352,0.7345305782038036,0.19260639193732998,0.28822613004355,-0.8267355873210895,-0.1265329789702785,-0.6197469021493391,-0.04353653226159038,0.6836973814675229,-0.6422340388151087,-0.6545178184278193,0.42387716055377145,-0.16660345256054154,-0.3060438659117204,-0.21345384556337277,0.9965986461128742,0.30498475771971556,-0.7490261873755868,-0.41230930997864035,0.5380813169021574,-0.040461724528466414,0.28750736691797396,-0.7953053992412582,-0.4900209172178267,0.45156328995893524,-0.30837636707000415
353,0.8752420617363152,-0.9998829746632194,0.0779187090191722,-0.2201162917129229,0.20201143750244266,-0.8076470134819012,-0.9981511901384807,0.8490494314564914,0.0730294302585941,-0.04906653959236462,0.8079280792998369,0.7451052243589007,0.3656220671654533,-0.9614044359816372,-0.1396920053945936,0.9358617576369443,0.5305472527387918,-0.09362521488135567,0.6920136382212267,-0.04431683958033528,0.6323526759017981,-0.2086660983931783,-0.2101366818733088,-0.6421028167506493,-0.9744430987995361
354,0.5085888360209607,0.9049995360405019,-0.4051055923806939,0.7665746041963657,0.9986350100497436,0.202676543864299,-0.08195785727280658,0.812730649606815,-0.3477828950002544,-0.1104062773497787,0.23540028197859897,-0.17441966205251136,-0.6490268966545609,-0.3307798086233258,0.6054976459477444,0.6784860749086083,-0.7590236703801281,-0.3362508575201957,-0.6672040175134673,0.6632047529443439,0.2509345648303867,-0.9036980010322966,-0.8244743494320363,-0.4227283276157974,-0.5581015304782297
355,0.823588262840498,0.8175818491290745,-0.49501021696671366,-0.538769260840321,0.41105152214609886,0.5046702443197799,0.014421335495180099,0.27117341521313443,-0.4333685438674242,0.5199089694584431,0.42806159873465277,0.3240849205863079,0.8907797155943842,-0.45929701883761553,-0.19289105369237713,0.6101788268329178,-0.5399216967835756,0.10378025921672718,0.30560091014612967,0.8686439774271142,0.3276385569710636,0.9039361600613043,-0.46214163421035925,-0.4599370327485841,0.16199499023853248
356,0.6796341992217045,0.10566582977080086,0.21422622214868037,-0.09271600322503537,0.8784609559914196,-0.4007677320953198,0.6440490146651157,0.3702813922529691,0.6163519729650524,-0.9125551520356991,0.8286024817143034,0.6546268692393951,0.11648028083573592,0.5742196031138509,-0.13779814034740356,-0.959442418204665,-0.1641560007717462,-0.7344766840572499,0.1601135862404368,0.9387890063685993,-0.2556255929597162,0.24670061804089638,-0.6699533826385904,0.6499408605115564,-0.9801303681248201
357,0.9770841900642768,0.10585036678546511,-0.6259342998547097,-0.18619405419563684,-0.7407254119924485,-0.021055017551763422,-0.18646989409346992,0.06227907442269576,-0.06389402282656054,-0.33286926704663733,-0.9241283608637769,-0.7834444231629993,0.9694851015644017,-0.840007039349917,0.06457355312715762,0.030274440658091928,0.38880731967253035,0.5276937598096274,0.7753503434494307,-0.21968163570951038,0.4700667466605841,0.4566806634057736,-0.15229484997899356,-0.15502085305017066,0.07381559384822278
358,0.7833441677700343,-0.7367305947590208,0.13548921422347981,0.4139136572763287,-0.4560211204403566,0.3382251984586164,0.4138074423746039,-0.7951509681886102,-0.543857991054816,-0.7406133188129749,-0.15312610616375677,0.7566258013467915,-0.06244000697811103,0.05949671750843977,-0.5030735030716575,0.3589066294403438,-0.917157612461089,-0.49109265878330044,0.2607871135904978,-0.33828029849788943,-0.8112993888146998,-0.5416017806477891,0.0313119497273362,-0.04255277986361872,0.042061052741666494
359,0.09795096108649681,0.9912330275246015,-0.8166116174391946,0.38487134128277645,0.5978017822921635,0.16290859965842897,-0.7055983052498032,0.9696148138368001,0.21347231253400234,-0.6088631200002799,-0.79127307850525,-0.683211969825076,-0.46161980157325755,-0.4739581822613319,-0.12158946898056833,0.3103851265900788,0.4817067920927005,-0.8189689584035027,0.7837619434079153,-0.25868495169989547,-0.11281090910834557,-0.31616429485801656,0.4801081044656579,0.19003645884711418,-0.09781171522998844
360,0.5870922688133711,0.1611792735090718,-0.9259325633419591,0.6729015606941793,0.6216841424916222,0.5663305645393306,-0.7871234432049914,0.12188274776945418,0.8533723947795755,0.8017187982140526,0.9240694115127313,-0.2749128928737039,0.3493437747226691,-0.765768133933421,-0.16670894578312279,0.8245033693874999,-0.534479778421699,0.8622044481065156,0.159307982872245,0.3781269205039237,0.8956136257859648,-0.6791781700933144,0.7138521338145067,-0.556447316313869,-0.2622350078632594
361,0.9770841900642768,0.08742758422105745,-0.6259342998547097,-0.18619405419563684,-0.7407254119924485,-0.021055017551763422,-0.18646989409346992,0.06227907442269576,-0.06389402282656054,-0.4279209278187479,-0.979253222819616,-0.9963494088219416,0.9694851015644017,-0.840007039349917,0.18887808958442087,0.030274440658091928,0.38880731967253035,0.4939348274272817,0.7753503434494307,-0.21968163570951038,0.4700667466605841,0.4566806634057736,-0.15229484997899356,-0.15502085305017066,0.07381559384822278
362,0.8607881688699024,-0.9998809333959993,0.16037639945316418,-0.2614071307089616,0.23118815191981046,-0.8076470134819012,-0.9991635746793426,0.7185167983414678,0.1603602537199489,-0.03830978284339803,0.9851232907901621,0.7795922232661214,0.688080544997957,-0.9708418075297685,-0.1396920053945936,0.9558356812332087,0.22309714616913223,-0.09362521488135567,0.5551801372688077,-0.04431683958033528,0.4656909564674898,-0.22517829318892368,-0.2101366818733088,-0.7068987926458024,-0.9835392108548506
363,0.2304966981124763,-0.423292556725984,0.45448176845750665,0.10242251918104528,0.6842986257179811,0.17830437084134076,0.1582762532612365,0.3433152043038601,0.12971390141030348,-0.996545842773956,0.13825911079473285,-0.43602900192538674,0.3118808877263328,0.5986007460110507,-0.8811247952559302,-0.31270202419993254,-0.21891419828516412,0.6718234484723429,0.4576384610166577,-0.5108871649427689,0.7702985237421092,0.7908302382901755,-0.4949310942431562,0.3399590672242574,-0.5169245032381642
364,0.8752420617363152,-0.9998829746632194,0.0779187090191722,-0.2614071307089616,-0.21618570439799445,-0.8076470134819012,-0.9981511901384807,0.7185167983414678,0.0730294302585941,-0.04906653959236462,0.8079280792998369,0.7451052243589007,0.3656220671654533,-0.9614044359816372,-0.1396920053945936,0.9358617576369443,0.5305472527387918,-0.09362521488135567,0.5030475407377404,-0.046681234842643526,0.4656909564674898,-0.2789462357788919,-0.25657902063245985,-0.6421028167506493,-0.9744430987995361
365,0.8752420617363152,-0.9998829746632194,0.12487145653193754,-0.2614071307089616,0.1854089493225004,-0.8076470134819012,-0.9981511901384807,0.7185167983414678,0.0730294302585941,-0.017922219741256296,0.8079280792998369,0.7451052243589007,0.3656220671654533,-0.9880096115592416,-0.1396920053945936,0.9499581189378894,0.5305472527387918,-0.07785960953760629,0.49620613819406567,-0.04431683958033528,0.4656909564674898,-0.2086660983931783,-0.2101366818733088,-0.6421028167506493,-0.9744430987995361
366,0.8499910444498393,-0.721663016409863,0.2905815752001,-0.6381586898522904,0.8208371915376207,0.01595631706714995,0.1397613803938702,0.30779924298073125,0.136886853193654,0.5657883081626323,-0.15008937527020305,0.9560491626306404,0.509921139195612,0.749256780379914,-0.7235980313897448,0.4463966738443763,0.0732398169870474,-0.24718595002823585,0.8918375647153693,-0.4276921633865427,-0.3739687765577482,0.20039845334840378,-0.3035960230438053,0.03213362268105491,-0.5342761416026336
367,-0.10313927268624767,-0.4831926101134896,0.8084092581016291,0.3573565593273835,0.9123865889846943,0.6760775945881157,-0.7702041574960587,-0.1317059105538929,0.31456334923432183,-0.47302799422720243,0.09976323436050927,0.09187902141053583,-0.7571114828887993,0.9466713928383799,-0.08211424721783289,-0.09487125347026404,-0.19247234715882677,0.31640947635178773,-0.8892481056763479,-0.5757223884756042,0.5779456845469231,-0.5827866038536211,0.5438454974828377,-0.18112206553339205,0.08817320325616018
368,0.3737724114101897,0.7877405426041042,0.6846328438705129,-0.16668204025011812,0.07611219877838549,0.04250338539153131,-0.3035404315693102,-0.48221908874817143,-0.060892263396515656,0.2910749875326437,-0.25120566886929785,0.7143644183336448,-0.7321480749209894,-0.27633351221465197,-0.20510353588175523,0.19329942915989995,0.7772753252407802,-0.2628297180140027,0.24535198604937203,0.9622882013449698,-0.3911496580014213,0.9326935860014409,0.401799203141862,0.6362241022459645,0.953038830728195
369,0.7824904490909226,-0.09986793146245221,-0.46575791861946225,-0.41968285617834455,-0.09447673020549496,-0.7246427679957332,-0.7498888123592709,0.9818597167880547,-0.3004343216646983,0.21682530863863891,-0.13337724053881472,0.222129762059593,-0.9933586929581095,0.61798555726159,0.31246634659740113,0.710429911857188,0.47048773373270625,0.7605853951356947,-0.10892535362741529,0.15062156485657408,-0.14315759663404148,0.3419026336256963,0.5693036631000781,-0.9545547717314995,-0.6121433478090164
370,0.8330168251319772,0.07922091827447764,0.9984123445213025,0.4955970144301951,0.8956044781736114,-0.7878287265317909,-0.1243481179999586,-0.7349771435579047,0.18386522933235905,-0.6321157516974409,0.3656313425523332,-0.505737849623942,-0.2324853508127558,-0.5742593243453729,0.16832030568959744,0.4405992678998234,0.6174555023894417,0.1571073115278041,-0.726766659634609,0.49150447096314154,0.10183623762601446,0.7587413650149826,0.113383567780724,-0.8073220142227868,-0.6661784263514883
371,0.29399471564684987,0.7021763047814367,-0.2798174337294068,-0.9314904807179201,-0.6671255051263643,-0.2588184952425219,0.7963522323541412,0.36635829057580493,-0.2652856407557196,0.03755574467510314,0.487227718182379,0.09242569249902188,0.6303417266773843,-0.1639280370381082,-0.2616805149456505,0.8029556119609984,-0.17202822666180095,0.3476553629002015,0.8692629279646458,-0.502004770905087,-0.6143964372943245,-0.3432416120466557,-0.9494422856861615,-0.011330962617228435,0.14970795087332656
372,-0.10313927268624767,-0.4831926101134896,0.8084092581016291,0.3573565593273835,0.9123865889846943,0.6760775945881157,-0.7702041574960587,-0.1317059105538929,0.31456334923432183,-0.47302799422720243,0.14178257642163095,-0.025774359417235715,-0.7571114828887993,0.9466713928383799,-0.08211424721783289,-0.09487125347026404,-0.19247234715882677,0.31640947635178773,-0.9196242542964705,-0.5757223884756042,0.5779456845469231,-0.5827866038536211,0.44484326129999396,-0.18112206553339205,0.08817320325616018
373,0.8558667523068335,0.07365961365669471,0.9705832986604288,0.5156077701116542,0.8901147794474167,-0.7596273169192265,-0.38705309781848385,-0.6815794982598156,0.16339632847301044,-0.673140016110978,0.1932279094364826,-0.6093404078986657,-0.2324853508127558,-0.4023950060059236,-0.0558915758440659,0.9712019657911803,0.6174555023894417,0.4725379227004489,-0.48485678994818837,0.49150447096314154,0.08836927896689972,0.8153633857071756,0.01964016401832991,-0.7696708529275968,-0.4345478693785072
374,0.9770841900642768,0.10585036678546511,-0.6259342998547097,-0.18619405419563684,-0.7407254119924485,0.017802720837251984,-0.18646989409346992,0.06227907442269576,-0.06389402282656054,-0.33286926704663733,-0.9241283608637769,-0.7834444231629993,0.9694851015644017,-0.840007039349917,0.06457355312715762,0.030274440658091928,0.38880731967253035,0.5276937598096274,0.7831322880287834,-0.21968163570951038,0.4700667466605841,0.4413007866117866,-0.15229484997899356,-0.15502085305017066,0.07381559384822278
375,0.9268831764061358,0.10585036678546511,-0.3407427181704086,-0.18619405419563684,-0.7407254119924485,-0.1565032367376995,-0.6087518409338313,0.12155263391494708,-0.06389402282656054,-0.36079098035754487,-0.9686908875369105,-0.857237888085504,0.9811005436990339,-0.8006214920033867,-0.24531750294091115,-0.1312185338093208,0.4861401653727717,0.5570337057200925,0.8188754776692344,-0.28833057783645355,0.40929763577058864,0.32628178298052424,-0.00883962371949476,-0.15502085305017066,0.07381559384822278
376,0.6929183563814021,0.21964636910924273,-0.5456731823107728,0.9424431160470019,-0.34653400477751983,-0.49408151903635855,-0.35374454480603945,0.4743692473566963,-0.8024715131556914,-0.09944055221732584,-0.14259463708305664,0.7446877031935437,-0.5227055434722179,-0.8695988766093239,-0.9407608528610012,0.5637118121941669,-0.483313079680445,0.6965713243026301,-0.8454794904548955,0.20439026971105445,0.8158120395411208,0.6350753467860111,-0.5590729451484959,-0.9902185388125464,0.7136164255770849
377,0.7532012064065288,0.2280102510668245,0.28943043164709126,-0.8819410379040657,-0.1265329789702785,-0.5868255598321035,-0.04353653226159038,0.7293772789254909,-0.7316411574908139,-0.6545178184278193,0.1722052264198144,-0.2098426654322716,-0.33050728791782236,-0.31473347036815724,0.9965986461128742,0.30498475771971556,-0.7490261873755868,-0.31374752066769807,0.5380813169021574,-0.14344204596838517,0.28750736691797396,-0.8404590304465889,-0.4900209172178267,0.45156328995893524,-0.30837636707000415
378,0.8528560433514869,-0.21928192659483914,-0.6057676260972908,-0.5761930472562171,-0.20001726049592827,-0.4727798485486512,0.7350303608802196,0.44244759252518273,0.6565063609415969,0.7304602461458551,-0.4443715589226751,-0.3247325186834922,0.06791884446454755,0.8775394390929332,-0.7320843337576535,0.2669042231495069,0.8649625712665447,0.4381146012703152,0.30526389424302836,0.1142807911861381,-0.011320024596115141,-0.4940538480051162,0.14103754026967374,-0.6026395735600154,-0.9867945460308116
379,0.9718208149545815,0.8922354607702727,-0.08542457186283392,0.01921209613709962,-0.6803612426191628,0.4765893566692163,0.1081958184766596,0.2088658666082679,0.4389677427025893,-0.5896650476012579,-0.8488526232564055,0.6366698029292639,-0.5301959475068856,-0.3504959837107626,0.6527278214129599,0.06894304451436906,0.26852816133515645,0.6874810286110704,0.620257163116871,0.3537621691872366,-0.37609193469607893,-0.7168604499274647,0.8776485251827122,-0.4880497326385056,0.668752503564912
