,0,1,2,3,4,5,6,7,8,9,10,11,12
0,0.28282627779125047,-0.5349640523759926,0.41200052868232095,0.4917475570890366,-0.36455335119961463,-0.6564581325664394,0.6770211273630491,-0.22006765430261188,-0.8308319635575903,0.9267783444587578,0.37702423454289447,0.4870981388377065,-0.11280270309937479
1,-0.059484232656877856,-0.8894102577091643,-0.24520916402854165,-0.31470836456737605,0.93030720077524,0.0761310912562656,-0.9827627133605572,0.18474665044760563,0.11481654610212533,-0.08062922345346268,0.2522398058106481,-0.736167083686037,0.8605756928867847
2,-0.46300034301200155,0.9066417272389744,-0.8685204284457022,-0.3786727099389402,0.19096455244231048,0.7704800340919644,0.7762275756207826,0.7342376163228692,0.3819972938034413,0.6876573514277553,0.6986082864252832,0.8039246754979195,-0.09964105619766861
3,0.5256089182902812,-0.665153266920739,0.5580634581890953,-0.003966416043921894,-0.5183763261133294,-0.2509937946270988,0.3112101671193028,0.21976600576761118,0.17451597255132412,0.09287711029723567,-0.17062994906705176,-0.30538447002976143,0.7311458703576519
4,0.9669745588082632,-0.535937974037584,-0.95345971685953,-0.9278171332696663,-0.43134546695948384,-0.4605481288701838,-0.5836032200060508,-0.25396654421979226,-0.7670514746966823,0.8867808561097148,0.9234918052132943,-0.4024922002148803,-0.9401832500301663
5,0.44059855560785444,0.6543373444742704,-0.9357368389309211,0.3253273889848476,0.31696944304720986,0.8654542010280319,0.6798011197798999,-0.938285530213741,-0.43988296892072265,-0.7767544257670824,0.8554463587521857,0.42326848422073016,-0.5710415228011154
6,0.5096852162089638,-0.0198279131165211,-0.8243877995669142,0.498059442959111,0.19303010889827243,-0.8828302533923116,-0.07842734554069541,0.26078919440976467,0.5803155137824536,-0.049523453299246345,-0.553592406760361,-0.01282872046246486,-0.5334687963026876
7,0.4175636376998728,0.7762434843058827,-0.4571912275556653,0.448777050055315,-0.8694611050830572,0.3380496186979547,0.967368300618265,-0.34526323084968236,0.5042934433843134,-0.4674222469026177,0.2712206009628908,0.1823104062813552,0.13908971944511017
8,0.46011716268966696,0.3326794348243258,-0.6731847048283368,-0.9497828147523439,0.129845616371133,0.3891422135038649,-0.8876517315271573,-0.5739396011286724,-0.3818186000020356,0.7925987457419692,-0.24100141094688632,0.829883699016271,-0.9459475265857518
9,0.6469273310749442,0.14672341346885376,-0.5965885283617423,-0.8248163773461068,-0.30438913745414076,-0.7828274720670907,0.9590765574863853,-0.3248248060396943,-0.9027068725834066,0.7599641437331388,-0.247826129260867,-0.25002726190288094,0.5951441005558928
10,0.7557871898274975,-0.445059081647744,0.37529247388516995,0.3232786254266664,-0.9318046371932536,0.6044474197359437,0.6805116408867311,0.6122099013423665,0.9809251942932684,-0.6900333401578813,0.6500588415470478,-0.8755680709094233,0.9348441481978329
11,0.16273854366880913,0.7762434843058827,-0.4571912275556653,0.448777050055315,-0.8694611050830572,0.23094919356352994,0.967368300618265,-0.3620172002472841,0.5015425434823653,-0.4674222469026177,0.2712206009628908,0.1823104062813552,0.13908971944511017
12,0.40501200183895447,-0.5349640523759926,0.41200052868232095,0.5239763299780478,-0.36455335119961463,-0.6564581325664394,0.6770211273630491,-0.22006765430261188,-0.8308319635575903,0.9267783444587578,0.4134945586715586,0.4870981388377065,-0.14433519373629244
13,0.15477596014571393,0.09243839758895378,0.6331930107821473,0.908647513312933,0.5714223894748476,-0.25245014945879296,0.39454844834686575,0.6570364412637324,0.9177576835935239,-0.8653208061511619,-0.4214614613503964,0.42480229717549745,0.5968308160314257
14,-0.39848950026678187,-0.8300561639988773,-0.44292668365895804,-0.6493516618663362,0.09225834372376873,-0.2143792344696449,0.6920425912394603,0.23952440972268585,0.45320351666278547,0.3158909292528629,-0.12498619290711588,0.38480443784426477,-0.5886277482085356
15,0.7402177672217571,0.014681032347640732,0.6503080172711029,-0.8018401948823197,-0.716137867599772,0.2253308439567494,0.40867042387115915,0.7200430697115356,-0.32961166218045235,-0.5459155680779342,0.45949946397967967,0.09227926862200375,-0.872289188635665
16,-0.13820330745389398,-0.18268827183697,0.5685825804154261,0.28374711098379923,-0.6485606979797036,-0.3345244312982907,-0.12343777890333807,0.33345022933353263,0.7061154769147768,-0.6561382648565071,0.22631296469032058,0.8079134167688655,-0.21297600668860595
17,0.44059855560785444,0.6049113589047952,-0.9357368389309211,0.3253273889848476,0.35046319809230053,0.8654542010280319,0.8186810338486625,-0.938285530213741,-0.42615717724783897,-0.7767544257670824,0.9190724586124637,0.42326848422073016,-0.5710415228011154
18,0.5997383004448806,-0.11149220793579184,-0.04523820968082504,-0.5607893569266471,0.5002387272545707,-0.18450164206948894,0.46816900694854313,0.9842219987923813,0.3808886757079408,-0.8545507392905456,-0.45017742526038473,0.3607151174658041,-0.26582191446373593
19,0.23211257004612307,-0.7782148127471764,0.8942663023018436,-0.0078679850011667,0.7378797659488567,-0.40471825793190486,0.5173852621764687,-0.040250906561978494,0.4874079509473921,0.45593907528207445,0.13515275795653525,-0.578502469741955,-0.8824698272957698
20,0.6648148338449527,0.6543373444742704,-0.9357368389309211,0.3253273889848476,0.12493133705507953,0.8654542010280319,0.6798011197798999,-0.973153288948418,-0.5447154386646149,-0.7767544257670824,0.9190724586124637,0.42326848422073016,-0.5710415228011154
21,0.7963300632116128,-0.020478224269511625,-0.22420042469656076,-0.0868194485802245,-0.47878807578732374,-0.3246345190616682,0.5023110674453422,0.9306659472602037,-0.15880318164138973,-0.43967049164525007,0.8339991228831898,0.441021075637235,-0.04644156919133158
22,0.1477686945060528,-0.26271845298747376,0.8658303235364493,-0.7735354695998815,-0.023927801845581964,-0.6359381443656253,-0.4954989180691065,0.15618144671393686,-0.009546905470673384,0.3464580039299876,-0.14273547131429543,0.1535597382214835,0.0009856185375509696
23,-0.11130111259578168,0.5837160018260179,0.2471335082273598,-0.6501624825334924,-0.8713805240946044,-0.5117549219977624,0.779405345026285,-0.7555351003678168,-0.33207870026439035,0.27918614708224254,0.20794734025720274,-0.8741996127170364,0.35134751144339904
24,0.9895154516279674,-0.4837480242818888,0.7733384611410994,0.023183473307374358,0.5976150310424879,-0.7463230427742042,0.45468899176678024,0.8953257047250569,-0.5644522705490012,-0.653691778348342,-0.9507056315564897,0.42752681625552613,0.06976439383887634
25,0.31809036251035705,0.24261674186148818,-0.2668096699667579,0.49539572365636353,0.2932151587173173,-0.6039932274220354,-0.8938588876475286,0.2762669439516139,-0.17119365521904184,0.26292189599527993,0.3596510592624651,-0.3777369854856907,0.48778154507401106
26,-0.10340437779259681,0.40822153435099184,0.4647914351771927,0.890482984781507,0.2681404429138601,-0.23560561624095433,-0.7491108865048823,-0.8689417360653067,0.37235269842159857,0.8789293573807802,0.8209489814250426,0.7390204293015059,-0.7302859230719352
27,0.8802201603136339,-0.5038429261894983,-0.8295170621331136,-0.36309207392692855,0.38560413754275324,0.03031966790302998,0.8983018742236315,0.9268164514031938,0.23874087180511405,-0.46391633244857267,0.6803490632168596,0.6415742405265288,0.09446528932064457
28,0.5192726639899381,0.5663251896982084,0.2928919710373501,0.5490499577417167,0.9303659063709719,0.702380758411808,-0.8007747414846638,0.8898778625460355,0.15297759268397004,0.5872201768495044,-0.07295517957199849,0.1351130510048324,-0.18956226533239762
29,0.8802201603136339,-0.5038429261894983,-0.8315775835998247,-0.5350149976449978,0.4081887633609853,-0.16569228013500736,0.8983018742236315,0.9268164514031938,0.23874087180511405,-0.5037019446106876,0.7600200467185054,0.6918854911549968,0.09446528932064457
30,0.13528279932791065,0.09243839758895378,0.6331930107821473,0.908647513312933,0.5769385253455193,-0.25245014945879296,0.39454844834686575,0.6570364412637324,0.9457110440489533,-0.8653208061511619,-0.4214614613503964,0.42480229717549745,0.5968308160314257
31,0.40501200183895447,-0.5556277018815234,0.41200052868232095,0.5239763299780478,-0.36455335119961463,-0.6564581325664394,0.6770211273630491,-0.22006765430261188,-0.8308319635575903,0.9267783444587578,0.30972953860836916,0.5306833945432319,-0.14433519373629244
32,0.1137569978441777,-0.7129618081374094,0.5217880403994064,-0.5866119980122966,-0.7237470773084522,0.1547613949604265,-0.2800696535775675,0.36683650276246293,0.3575539026688974,0.464277278940449,-0.06793632237067992,0.33881028009542824,0.7596007059958703
33,0.9871556535670911,-0.18246196596298758,-0.036231912421460066,-0.5533197233242837,0.3502617969502788,0.7301396476992048,0.16636077793677373,0.48101668535328357,0.3230134378639482,-0.7337342611511728,-0.32276045481576077,0.3030284043380953,-0.9340303734798707
34,0.8802201603136339,-0.5038429261894983,-0.8315775835998247,-0.5350149976449978,0.4081887633609853,-0.16569228013500736,0.8983018742236315,0.9268164514031938,0.23874087180511405,-0.5037019446106876,0.7600200467185054,0.8070579487938616,0.09446528932064457
35,-0.3292675856591394,-0.35723893594008005,0.9829276953445647,-0.8019297357686404,0.7985126609767925,-0.5775335213599544,0.8724848776586802,0.7324694932689622,0.48124713078410086,0.4238017624729513,-0.4219768353630535,-0.5346581528995085,0.2241707766694776
36,0.3879531573195376,0.7651251985384495,-0.2439519822024634,0.7129486892084542,-0.37801624428732916,-0.11767029598843681,0.7736885434277536,-0.46161440074073834,0.22985596521880391,0.27962381557374827,0.4567770781879399,-0.25264505222693656,-0.06465879828595078
37,0.7732595518025651,-0.81923272597121,-0.33656805932912537,-0.24882627096291765,0.19398296178914975,-0.05848559106887463,-0.13068037214103412,0.033459758471901635,-0.9735240511343255,-0.14768719379402673,-0.8212563327734532,-0.7965225928973598,-0.18928442311416327
38,0.6469273310749442,0.14672341346885376,-0.4421272894300081,-0.8427539976585701,-0.3819055168868837,-0.7828274720670907,0.9779039584892326,-0.6047816910950212,-0.9800426517186938,0.7599641437331388,-0.339204213512448,-0.25002726190288094,0.3957114250009921
39,0.6517558473542411,-0.4391449344815921,-0.9056390779761196,-0.9103310143258301,-0.7099570024599975,-0.7902423035900694,0.9565960143029344,-0.9665343046642461,0.03408387110663491,-0.05692936833953044,-0.9883076052117274,-0.1450212109824287,0.4596243062303371
40,0.23211257004612307,-0.7782148127471764,0.8942663023018436,-0.0078679850011667,0.7378797659488567,-0.40471825793190486,0.5173852621764687,-0.040250906561978494,0.6445598922863709,0.38785563381249966,0.13515275795653525,-0.578502469741955,-0.8824698272957698
41,0.9871556535670911,-0.18573928606340662,-0.036231912421460066,-0.2570300125465066,0.3502617969502788,0.7301396476992048,0.23838521926717582,0.48101668535328357,0.3230134378639482,-0.9898915298801227,-0.32276045481576077,0.3030284043380953,-0.993454317375073
42,0.5663538141783722,0.30576988650060777,0.5428535382076463,-0.9241893184965875,0.3996928637960946,0.1522232336147591,0.6401411189878541,0.07518450463404824,-0.38266725195913986,-0.0009103419860585493,0.32214203938268393,-0.3144634857029609,-0.8174186632138503
43,0.7219298597337707,0.7460992142190355,-0.42187064718342415,-0.2569997743250354,0.7670437540894945,-0.9321153434773617,0.9177881513171393,-0.13115286106374446,-0.5243944293581324,-0.27538359239393184,0.655935441455938,0.27283418924375646,-0.0618027059655728
44,0.8691776263764655,-0.13941587820022705,0.49236151790300586,-0.2679384966655647,0.7739704572772257,0.5367591892768524,-0.48557646760948914,0.6987827779913427,-0.09915141160985086,0.9947578910004555,0.7441026688543788,-0.9291793433103706,-0.9208667489654936
45,0.5192726639899381,0.4980885399464947,0.37773965012228383,0.5490499577417167,0.9547713973068745,0.702380758411808,-0.7926877204306659,0.9083265555416931,0.15297759268397004,0.5872201768495044,-0.07295517957199849,0.1351130510048324,-0.18956226533239762
46,0.1948689966623396,-0.3042784191435255,0.5525492271429775,0.7307803243904796,0.06093330940188002,-0.4207097286791752,0.21351399448139619,0.9707667152634551,-0.4877571034331645,0.3907711671737766,0.6466237851992478,-0.8711025452058074,0.9698706364659719
47,0.564714061342461,0.9285102498328295,-0.15460688683581258,0.33291604635489036,0.4796202701095489,0.23279935508063265,0.25540897266085016,0.5704638544150313,-0.9642392226146719,0.42628404689390864,0.3291076777387998,0.37457845853790706,0.6974001512394361
48,0.6982082608104758,0.5255633796983588,-0.7774156521354874,0.30436840645114693,-0.9409364136096103,0.40606490714318144,0.39057396302057845,-0.5811702581065903,-0.1189293005677079,0.7276138977350333,-0.05034511502457062,-0.791060018389429,0.19445821623668436
49,0.9992063400904905,0.9431593348792038,-0.9004896233577373,-0.37044997884561437,0.13380449843885844,-0.5485935271198932,-0.6900809969922792,-0.880320769800292,-0.8643172121959415,0.5000829407221257,0.3870756906237445,0.33983057859219823,0.8352357034543627
50,0.7474515758742128,0.4217126294698559,0.9329962627422581,0.9998655959735139,0.882188260996593,0.36364174877055255,0.6731794353782559,0.9875830134141554,0.7526968156351284,-0.5533942030084247,-0.4151215363214522,0.31614100314329274,0.8886426395258451
51,0.7860984801381037,0.6698961529895464,-0.9905783253914737,0.9312137640459155,0.9820035391742243,-0.00915634862965331,0.2285688247860933,0.3018600507673599,0.8834917084630105,-0.5438774431494438,-0.18363818764125317,-0.4129943355790595,0.2805327105195128
52,0.3976261892751223,-0.041635697838310115,0.905727157360185,-0.16305405050107402,-0.5071558075686498,0.01817396498074575,-0.6655563160005811,0.8362682978314127,0.5293909019522924,0.09970173889206002,-0.2310404255844123,-0.8173987582209108,0.7535234360857728
53,-0.18082113689251988,-0.754403138180894,-0.15851955130340745,-0.8460867464017148,0.5436309608915437,-0.9473917490460522,0.26490832364948513,0.3252178087766058,0.47941561313393355,0.8613052200728002,0.8854701421982589,-0.7170426201310727,-0.025813888550421327
54,0.7637094251794851,-0.9973584091892589,0.5705173830731309,-0.10616914579407988,0.8871176508737089,-0.16430690736185438,-0.2944712239326084,0.27704420505993554,-0.7694166746523319,0.5933608350995256,0.98979844570387,0.13729793896114284,0.6828757678083186
55,-0.12981261129046695,-0.6400293862546278,0.42068899121061776,0.6402939517180364,0.4050677809041259,0.45275826476532655,-0.6678805409688118,-0.28730236790485897,0.16575110370773882,0.7882232209890396,0.8175865546160603,0.1610860231387099,0.3851112431421315
56,0.15477596014571393,-0.03759407294860484,0.6331930107821473,0.8987093736624798,0.5817434900921428,-0.2968547553128871,0.2520932107811944,0.6570364412637324,0.9177576835935239,-0.9928219953372628,-0.4214614613503964,0.26756699402223827,0.5499459025280169
57,0.1948689966623396,-0.42083612781168456,0.5525492271429775,0.7307803243904796,0.06093330940188002,-0.4207097286791752,0.21351399448139619,0.9707667152634551,-0.4877571034331645,0.3907711671737766,0.6466237851992478,-0.8711025452058074,0.9698706364659719
58,0.1948689966623396,-0.3042784191435255,0.5525492271429775,0.7307803243904796,0.06093330940188002,-0.4207097286791752,0.21351399448139619,0.9707667152634551,-0.4877571034331645,0.3907711671737766,0.6466237851992478,-0.9224104740894441,0.8009249732414179
59,0.9922697442654553,-0.8906872935541545,0.09471492201968723,0.029119466568478858,-0.8317983157341691,0.9748667964177131,0.581426720040854,0.2779834373112293,-0.9175462418762805,-0.3170125805622668,0.9517520643581012,-0.866118815903048,0.8335714210165064
60,0.787135811065609,-0.6281983591665361,-0.9787739011091781,-0.09307375804189655,0.7083903706630035,0.6898922563904153,-0.5732361161622401,0.46768564065995455,-0.43631116039010376,-0.6236679922194859,-0.2981469645408339,0.19954947244252708,0.8305025425909303
61,0.9731125389590214,-0.37446904318028107,-0.036231912421460066,-0.5797709350319373,0.3502617969502788,0.8230870546765743,0.16636077793677373,0.48101668535328357,0.3230134378639482,-0.686054997664689,-0.3488163108382547,0.3030284043380953,-0.9611543161396137
62,0.5897263241472133,0.5255633796983588,-0.699502107626099,0.45343994898551254,-0.9409364136096103,0.40606490714318144,0.39057396302057845,-0.5811702581065903,-0.15200530534596135,0.7276138977350333,-0.05034511502457062,-0.7658912909638715,0.19886107000445086
63,0.23211257004612307,-0.7782148127471764,0.8942663023018436,-0.0078679850011667,0.7378797659488567,-0.40471825793190486,0.5314720673909219,-0.040250906561978494,0.6445598922863709,0.38785563381249966,0.017898952854736416,-0.578502469741955,-0.8824698272957698
64,0.7402177672217571,0.014681032347640732,0.6503080172711029,-0.8018401948823197,-0.739717172568354,0.2253308439567494,0.5038915392352132,0.7200430697115356,-0.3248016949203598,-0.5459155680779342,0.45949946397967967,0.09227926862200375,-0.872289188635665
65,0.17499201192146496,-0.7718633209996046,0.4269809900273098,0.808171852042386,-0.09283430510798718,-0.8171717012991213,-0.8380595478976416,0.34608968395954154,0.4133123330046602,0.6114246616250649,-0.18498842841460528,0.12179264564487413,-0.2543864432066112
66,-0.14633855403716867,-0.2733875825542782,-0.33185593582388817,-0.5594923926545083,-0.46633262573415357,0.361449862943648,0.6674892142515416,0.10771716803984743,0.8415163156094205,-0.7789324698460172,0.03979128959517042,0.27967871264047295,0.6300162826174851
67,-0.13820330745389398,-0.18268827183697,0.5685825804154261,0.28374711098379923,-0.6485606979797036,-0.3345244312982907,-0.021568659853241412,0.33345022933353263,0.4856835931270116,-0.785859590186083,0.22631296469032058,0.9306243742072109,-0.21297600668860595
68,0.7963300632116128,0.15153312539317643,-0.1432521454305229,-0.0868194485802245,-0.47878807578732374,-0.3244319088841454,0.5023110674453422,0.7748898094891161,-0.15880318164138973,-0.47469644490022733,0.9433959901732534,0.2661700595057779,-0.13429026078335693
69,0.17069139653904242,-0.9154828061052118,-0.6892602849377301,0.1580503912719684,0.6651960875134266,0.24596883909993594,-0.8322805550351704,0.3550434748088658,-0.03970728242426813,-0.8140714438537733,0.44286637138249985,-0.5573577163597572,-0.23402389606818907
70,0.4465148113242241,0.03226758897519977,-0.4206310220496867,-0.24756512011094767,-0.3966658041976179,-0.8603919234039041,0.59674113235365,-0.571148020655051,0.21784394230487725,0.15542056766438117,-0.36330173343503747,-0.7653469301377915,0.46851808952686835
71,0.37070134271409305,0.009296792160421896,0.6331930107821473,0.908647513312933,0.5769385253455193,-0.25245014945879296,0.39454844834686575,0.6570364412637324,0.9051832041766514,-0.9733625077509804,-0.37035989237917266,0.1819493835527879,0.774569685459769
72,0.8077753274055124,0.5488280967267558,0.8024144509533022,0.99868244618456,0.9304107715505121,0.36364174877055255,0.6885801229141217,0.688982960044644,0.817106626685475,-0.6409390286570993,-0.4151215363214522,0.31614100314329274,0.7121529386995342
73,-0.16408567685846553,0.5845440116744358,-0.7688127109736405,0.16066657019317865,0.3879447894423198,0.37134376004665226,-0.5564043112498243,0.5100063759363649,-0.7747683353303498,0.22305598648648672,-0.9310027994795871,0.3693909378273208,-0.8602564849993855
74,0.7732595518025651,-0.9199507311487145,-0.33656805932912537,-0.24882627096291765,0.19398296178914975,-0.04607266786113984,-0.13068037214103412,-0.035275537095240894,-0.9735240511343255,-0.13158598256332166,-0.8212563327734532,-0.7965225928973598,-0.18457749792055322
75,0.3141211532213375,-0.5556277018815234,0.41200052868232095,0.47730736511854777,-0.36455335119961463,-0.6564581325664394,0.6770211273630491,-0.22006765430261188,-0.8308319635575903,0.9267783444587578,0.30972953860836916,0.5306833945432319,-0.14433519373629244
76,0.7726812437312336,0.14926033185506693,-0.32710019387818523,-0.8857673067394536,-0.3819055168868837,-0.7828274720670907,0.9779039584892326,-0.6047816910950212,-0.9800426517186938,0.7806596837418986,-0.5423294921489268,-0.25002726190288094,0.3957114250009921
77,0.40501200183895447,-0.5349640523759926,0.25908133943370903,0.5239763299780478,-0.5912457855513831,-0.6564581325664394,0.6841035442521395,-0.22006765430261188,-0.8975189383082725,0.8939838247460079,0.3050935637865677,0.4870981388377065,-0.08371363473507287
78,0.8802201603136339,-0.5038429261894983,-0.8295170621331136,-0.5638087497451674,0.4772557561083395,-0.16569228013500736,0.9839060236244683,0.9268164514031938,0.23874087180511405,-0.46391633244857267,0.7600200467185054,0.572346378465882,0.1447359549894638
79,0.15477596014571393,-0.03759407294860484,0.6331930107821473,0.8987093736624798,0.6486531514503482,-0.18449615125343954,0.2520932107811944,0.6570364412637324,0.9177576835935239,-0.9928219953372628,-0.4214614613503964,0.26756699402223827,0.6467359461417832
80,0.28282627779125047,-0.5349640523759926,0.41200052868232095,0.4917475570890366,-0.36455335119961463,-0.6564581325664394,0.6770211273630491,-0.2220573810886426,-0.8308319635575903,0.9267783444587578,0.37702423454289447,0.4870981388377065,-0.11280270309937479
81,0.3872153534755465,0.8802327688311868,-0.015605961600568152,-0.041015162264426586,0.02168420673138427,-0.19199607102114458,-0.6260964402697899,-0.4196201992762023,-0.15917719135884756,-0.8828110591718845,0.8226415360745574,0.025626101647264976,-0.7532607253070316
82,0.7963300632116128,0.16949832573825785,-0.1432521454305229,-0.0868194485802245,-0.5333287568872664,-0.41517747354393775,0.5023110674453422,0.7748898094891161,-0.15880318164138973,-0.47469644490022733,0.9433959901732534,0.3655197996378252,-0.010949761558195048
83,0.16854375045844128,0.988406853537301,0.8960186313104186,0.475328088393316,-0.7876052881177953,0.3590079384885547,0.16008928721247528,-0.8183020692343035,0.5780284888629195,-0.023157840988008438,-0.8417411533193975,-0.35801121857456186,-0.1617588691975138
84,0.40501200183895447,-0.5556277018815234,0.41200052868232095,0.5239763299780478,-0.36455335119961463,-0.6564581325664394,0.4676966701438592,-0.22006765430261188,-0.8308319635575903,0.9267783444587578,0.30972953860836916,0.4709267065607381,-0.14433519373629244
85,0.1477686945060528,-0.26271845298747376,0.8658303235364493,-0.8080099710919881,-0.023927801845581964,-0.6359381443656253,-0.4954989180691065,0.15618144671393686,-0.009546905470673384,0.28841021552444657,-0.14273547131429543,0.1535597382214835,0.0009856185375509696
86,0.5450523251490393,0.8802327688311868,-0.015605961600568152,-0.041015162264426586,-0.17077809434105307,-0.19199607102114458,-0.6260964402697899,-0.4196201992762023,-0.15917719135884756,-0.8828110591718845,0.8226415360745574,0.025626101647264976,-0.7321105640125434
87,0.9437843184356358,-0.3537011771803129,-0.21400844990506473,-0.67311713947908,0.3502617969502788,0.9388393057010058,0.16636077793677373,0.5411762695029381,0.3230134378639482,-0.7304469057809793,-0.2765465806781451,0.3555445851182508,-0.9916314758246276
88,0.9878494712725314,-0.18573928606340662,-0.036231912421460066,-0.2570300125465066,0.3502617969502788,0.7301396476992048,0.23838521926717582,0.48101668535328357,0.3230134378639482,-0.9898915298801227,-0.32276045481576077,0.3030284043380953,-0.993454317375073
89,0.23211257004612307,-0.7782148127471764,0.8942663023018436,-0.0078679850011667,0.7378797659488567,-0.40471825793190486,0.5314720673909219,-0.040250906561978494,0.5669702054800092,0.38785563381249966,0.017898952854736416,-0.578502469741955,-0.8824698272957698
90,0.4882212434508011,-0.11425227081163669,-0.3872816624236315,-0.2817411476963896,-0.38311099754032907,-0.5892614591901291,0.801520021971597,-0.27236789066431566,0.02561882534424753,0.007268357154029292,-0.19902210465911674,-0.9763949785488499,0.7696557685261973
91,0.1948689966623396,-0.42083612781168456,0.5525492271429775,0.7378582324014045,0.06093330940188002,-0.40860016253233433,0.21351399448139619,0.9707667152634551,-0.4877571034331645,0.3907711671737766,0.6466237851992478,-0.9279093585930998,0.9698706364659719
92,0.40501200183895447,-0.5349640523759926,0.41200052868232095,0.5041936098469404,-0.5912457855513831,-0.6564581325664394,0.6770211273630491,-0.24740335212907327,-0.8308319635575903,0.9267783444587578,0.48638984677920427,0.43997686771519606,-0.14433519373629244
93,0.15477596014571393,0.09243839758895378,0.6331930107821473,0.9327660841020624,0.5769385253455193,-0.3315000442370788,0.262448915744957,0.6570364412637324,0.793935752030076,-0.9898881144378429,-0.4214614613503964,0.21990697141384952,0.5499459025280169
94,0.7625188921277177,-0.6956032037563293,-0.03448522161109557,0.9173764754525306,0.3882905733825992,-0.45814716747846096,-0.48748154940126254,-0.2758499081266137,-0.4383025575213788,0.28114641635126825,0.15016498821800184,-0.7423350096300732,-0.336947519940086
95,0.41195909435875655,-0.43381004507733634,0.5006762382566814,0.8584989830681338,-0.023627523180022703,0.12405844054587023,-0.21505855978949784,0.5818694103747686,-0.3951873363656273,0.8804254515181953,-0.9280913329574754,0.2795934259741566,0.45248258634960603
96,-0.18082113689251988,-0.7666984696761465,-0.15851955130340745,-0.8460867464017148,0.5436309608915437,-0.9473917490460522,0.27955089593669413,0.3252178087766058,0.47941561313393355,0.8613052200728002,0.8854701421982589,-0.7170426201310727,-0.025813888550421327
97,0.15538169496399257,-0.07015484704886088,0.24694479523624713,-0.6919685382758378,0.6829391580587476,-0.23404869915861548,0.9743765171508401,-0.9257221267350313,0.7527993695765864,0.7074723719001903,0.09965803340689994,0.7228806708168873,-0.9510494237848648
98,0.29447309615684336,0.2801280061518421,0.3341711105988885,0.8159129635075519,0.011862825943562916,0.9633166981473298,0.18556136078971042,0.660746337523505,0.21548662456093637,-0.6729569739213639,0.6328897990303939,0.45849912586630115,-0.37552245089612857
99,0.5997383004448806,-0.11149220793579184,-0.04523820968082504,-0.5607893569266471,0.5002387272545707,-0.18450164206948894,0.46816900694854313,0.9842219987923813,0.3911327643274498,-0.8545507392905456,-0.45017742526038473,0.3607151174658041,-0.26582191446373593
100,0.1948689966623396,-0.4392822349051937,0.5230594000937066,0.7307803243904796,0.06093330940188002,-0.4207097286791752,0.21351399448139619,0.916836132686697,-0.4877571034331645,0.3907711671737766,0.6195035460208953,-0.5859507033584024,0.9698706364659719
101,0.38425008830591145,0.7762434843058827,-0.4571912275556653,0.448777050055315,-0.9174281599279981,0.3326919766463303,0.954362321985982,-0.344503877999758,0.5226267815446664,-0.4398058505947162,0.2520054933829021,-0.0032161999436839395,0.0017712544805079666
102,0.7053256761844156,0.8062752626978129,0.4733358876692759,-0.8478631675730928,-0.3083758083883086,0.07227743071146753,0.29579274332508043,0.4516485320909307,-0.2903701290894185,-0.12973769305503535,0.006684338332046069,0.886772496164373,0.30368640262216595
103,-0.04047024449957237,-0.8894102577091643,-0.24520916402854165,-0.31964792039388623,0.9617945984610485,0.10053975313401975,-0.9789008945113682,0.05877180358096634,0.11481654610212533,-0.060386056074485994,0.2522398058106481,-0.736167083686037,0.8605756928867847
104,0.4236779578396601,0.5973870677795801,-0.10514858448969999,-0.09032459048138297,0.38016896211586304,-0.8701658108022774,-0.1816949443139333,-0.842565289269861,-0.2829511184307063,0.7858748217392193,0.15990561462022734,0.6895239402733806,-0.9620997273903942
105,0.3694824507350414,0.5100019335705279,-0.7354657607055695,0.20513430972240343,-0.5066063449902949,0.6173209369631181,0.3133042227805789,-0.16822830378083053,-0.06686691966118685,0.17339394268240116,-0.047587403422235,0.9558452077243547,-0.5731876371743345
106,0.564714061342461,0.9285102498328295,-0.15460688683581258,0.45352156876209104,0.4796202701095489,0.23279935508063265,0.1804904984455833,0.7060045124719041,-0.9545296888008428,0.39867409860076397,0.3841435253605312,0.4026959884110579,0.6974001512394361
107,0.3067105794740046,0.5635354475087864,-0.4277379042637084,-0.9288935376843697,0.5166220338401597,-0.6083152902926114,0.07396718406213099,-0.5031152371193064,0.6854631087231455,0.9494192035038989,-0.2844240044762676,-0.11827908093402573,-0.6460091972526882
108,0.5060073480403144,-0.29968486966580055,-0.7752875589987831,-0.2489261214093077,0.17816148916016528,0.753207903692271,-0.7889294480483371,0.09766301397863053,-0.5913288046879406,-0.8101306469382563,0.3305463032917051,0.07085901314375742,0.4514757423587228
109,0.8124864799354317,0.4489527076941153,-0.256648455530623,-0.4933538061798999,-0.009588370681349101,0.30266635729401137,0.7965411217700489,-0.45449570163895614,0.5784117614910091,0.5881809934642244,0.11408801061404028,0.08881231615191942,0.16766173670653584
110,0.4882212434508011,-0.048592028984501434,-0.4588676887462295,-0.337171195417306,-0.4334316400925533,-0.5892614591901291,0.59674113235365,-0.571148020655051,0.22145378422669815,0.1077612755141486,-0.3375424906486799,-0.6816527340930292,0.7696557685261973
111,0.4390645896241545,-0.4306265849308675,0.7833386734840386,-0.6759930116083797,-0.10603897700952802,-0.6394889167442417,0.09338932396030475,0.5146339570936258,-0.6107923916546247,-0.29140458792771473,0.09567968438941166,0.2972284224566859,-0.4568480703719904
112,0.0942093185968913,0.9134608075925379,0.004314315807826041,0.21316648888464584,-0.19309224126913294,0.29216652976400437,0.5906008504670506,0.7367615260342291,0.6188706735508593,0.014962120769810738,0.8949227468837202,-0.03425427321916241,0.9326513098966545
113,-0.00992040062622368,-0.1686152541984991,-0.954786693069084,0.024869560757883935,-0.4985461791761352,-0.6766795002102841,-0.8461234214833473,0.4921389255340878,-0.995833706531462,0.2538617491153452,-0.9322384565042072,0.21629728073267684,0.6182150823442696
114,0.7963300632116128,0.16949832573825785,-0.13591683253849318,-0.0868194485802245,-0.47878807578732374,-0.3246345190616682,0.3485002615977508,0.9306659472602037,-0.15880318164138973,-0.43967049164525007,0.8203017014957052,0.5898929438280602,-0.04644156919133158
115,0.11324260225474503,0.09243839758895378,0.6331930107821473,0.908647513312933,0.5769385253455193,-0.24404514001794575,0.39454844834686575,0.6570364412637324,0.9457110440489533,-0.8653208061511619,-0.4214614613503964,0.42480229717549745,0.5968308160314257
116,0.08149955384292573,0.9394233813847805,0.3780689618210704,0.619364051126724,-0.446236072254903,0.5861511173144265,0.592196310888482,-0.10281792412566815,0.9178748560380368,-0.6125895269188115,0.23454955482787732,-0.6789357115104964,0.950935259530798
117,0.15477596014571393,-0.03759407294860484,0.6331930107821473,0.8987093736624798,0.6486531514503482,-0.15163514708198478,0.2520932107811944,0.6570364412637324,0.9177576835935239,-0.9990654677443338,-0.4214614613503964,0.26756699402223827,0.6467359461417832
118,0.3545258380668528,0.009296792160421896,0.6331930107821473,0.908647513312933,0.5769385253455193,-0.25245014945879296,0.39454844834686575,0.6570364412637324,0.8077246674000402,-0.9733625077509804,-0.37035989237917266,0.1819493835527879,0.774569685459769
119,0.7219298597337707,0.6200641970866101,-0.42187064718342415,-0.2569997743250354,0.7670437540894945,-0.9744745212557897,0.9177881513171393,-0.13115286106374446,-0.5243944293581324,-0.29433632364982043,0.655935441455938,0.5037195707185944,-0.0618027059655728
120,0.9878494712725314,-0.18573928606340662,-0.036231912421460066,-0.2570300125465066,0.3502617969502788,0.7301396476992048,0.06212154157897598,0.48101668535328357,0.3230134378639482,-0.9898915298801227,-0.32276045481576077,0.3030284043380953,-0.993454317375073
121,0.4175636376998728,0.7762434843058827,-0.4571912275556653,0.4722795736755947,-0.8694611050830572,0.33915415111590597,0.967368300618265,-0.33132484299997245,0.5042934433843134,-0.4674222469026177,0.2712206009628908,0.1823104062813552,0.13908971944511017
122,-0.10340437779259681,0.40822153435099184,0.4647914351771927,0.9039964051007976,0.45990135483399075,-0.21874519361910827,-0.7491108865048823,-0.8556220804679082,0.37235269842159857,0.8789293573807802,0.7938913236554797,0.6682140356697572,-0.7302859230719352
123,-0.04047024449957237,-0.8894102577091643,-0.3340411917267554,-0.31470836456737605,0.9617945984610485,0.17728505177103893,-0.9789008945113682,0.18307111002771004,0.032004811618305595,-0.060386056074485994,0.2522398058106481,-0.7200349095707532,0.8605756928867847
124,0.24136603646043553,0.51691037985008,0.3260911953632666,0.7438675163020849,-0.2103296947560218,-0.47284141941519686,-0.4664857247069951,-0.7853094619586054,-0.5255949668247433,0.4442979371622542,0.30074235636564195,0.12466620616894852,0.23872742742425612
125,0.6469273310749442,0.14672341346885376,-0.5965885283617423,-0.8248163773461068,-0.30438913745414076,-0.846367727114435,0.9590765574863853,-0.3987167191623564,-0.9027068725834066,0.7599641437331388,-0.2938313782398745,-0.25002726190288094,0.519095606024373
126,0.9871556535670911,-0.23545682097220566,-0.08053592013715094,-0.3042533819917077,0.35301619547801466,0.7301396476992048,0.3935767336020852,0.48101668535328357,0.3343004206942246,-0.7930852015304697,-0.3703522538067294,0.3030284043380953,-0.993454317375073
127,-0.7998969045661468,0.5319877183896065,-0.6555296245692284,-0.35000228504802466,-0.9567752515458834,-0.8273487630550469,0.9941467541000042,-0.9201073345651787,0.19055643173249592,-0.7888519960667788,-0.1413756214736761,0.7437844001786931,-0.17056121505033706
128,-0.1644478640142446,-0.7526358868388745,-0.24094393393840208,0.544906346301596,-0.2818615861856846,0.05954531763729842,0.3236954084659853,0.26100422809550294,-0.7269847663401421,0.6685481652168734,-0.667240864429282,0.8375319223849511,0.07544169818125113
129,0.7647557774049265,0.7575491097557332,-0.577816326256245,-0.5936872556476209,-0.9439134638564313,0.5659184605613796,0.424531867196418,-0.6431445769927511,0.5764680321701903,-0.26921285384653615,0.9392753835786054,-0.6010755198429154,-0.6169693165794543
130,0.20490430325995646,0.08546583349114312,0.9231095263425175,-0.16240716266275634,-0.7710165813761687,0.6858226650528199,-0.702544104851637,-0.9992405820692021,0.8139056889165421,0.5293616309131057,-0.05974095161422355,0.8429459438697886,0.6522118690430292
131,0.28282627779125047,-0.5349640523759926,0.41200052868232095,0.4948114629956064,-0.5074467301669483,-0.5909115300029373,0.6770211273630491,-0.22006765430261188,-0.8257077771193873,0.9267783444587578,0.3707084634745479,0.5619501319332985,-0.11257981118370708
132,0.6270220631544616,0.12158693388327846,-0.8960313600345924,0.9508740991115214,-0.13396501205516387,-0.8613844025857813,-0.5216273954135151,0.9813298960064027,0.5236111552559197,-0.807530186256338,-0.7702117377904771,0.6528121674570071,-0.38735770030710004
133,-0.3219182108008427,-0.9340175994884006,-0.24520916402854165,-0.31470836456737605,0.93030720077524,0.0670363486397818,-0.9142023450723571,0.1909571212429957,0.2125972237808178,-0.08062922345346268,-0.07038177287673175,-0.736167083686037,0.8605756928867847
134,0.8820344534966271,-0.3537011771803129,-0.10167629371029308,-0.67311713947908,0.3502617969502788,0.9388393057010058,-0.229772837808071,0.5481563968927898,0.2438050210231577,-0.7304469057809793,-0.2765465806781451,0.3555445851182508,-0.9916314758246276
135,0.5450523251490393,0.8802327688311868,-0.015605961600568152,-0.041015162264426586,-0.17077809434105307,-0.19199607102114458,-0.7048181537831186,-0.4133577675432387,-0.15917719135884756,-0.8828110591718845,0.7282523626530462,0.025626101647264976,-0.7321105640125434
136,0.15477596014571393,0.09243839758895378,0.6331930107821473,0.908647513312933,0.39225147675800587,-0.24300174448382927,0.39454844834686575,0.6967062556523054,0.9177576835935239,-0.8653208061511619,-0.4214614613503964,0.42480229717549745,0.5968308160314257
137,0.9146312668835266,-0.18573928606340662,-0.036231912421460066,-0.2724588768239993,0.26667527083035925,0.7301396476992048,0.06212154157897598,0.777503174263573,0.3564448656676631,-0.9898915298801227,-0.32276045481576077,0.3030284043380953,-0.993454317375073
138,0.9871556535670911,-0.23545682097220566,-0.08053592013715094,-0.3042533819917077,0.35301619547801466,0.8830639908033171,0.3935767336020852,0.5357494632872297,0.3343004206942246,-0.7930852015304697,-0.3703522538067294,0.3030284043380953,-0.993454317375073
139,0.3621927482770275,0.5559744082452229,-0.7288721219821273,-0.10367081388630939,-0.7144819268471094,0.7763332530036278,-0.6764082705648031,0.6822500758740127,-0.6397384109512188,0.4802508926736615,0.45246022002146136,0.16905604160578913,-0.33882855757514263
140,0.08149955384292573,0.9869446201769854,0.3780689618210704,0.5858388505982286,-0.446236072254903,0.5861511173144265,0.592196310888482,-0.10281792412566815,0.9178748560380368,-0.6125895269188115,0.23454955482787732,-0.6789357115104964,0.950935259530798
141,0.754336237825914,0.5712520760846032,-0.5710426214251185,0.20366848057493292,-0.5083796934708589,-0.8843839639100863,-0.8889584527894263,0.036881138722896445,-0.7218779598871992,0.5842691417652068,-0.38037826702232547,-0.10473578504206094,-0.38230344775455105
142,0.15477596014571393,-0.03759407294860484,0.6331930107821473,0.8987093736624798,0.6486531514503482,-0.15163514708198478,0.2520932107811944,0.7812470797671354,0.8990894723169223,-0.9995042055540626,-0.4214614613503964,0.26756699402223827,0.6467359461417832
143,0.9437843184356358,-0.3711028715343574,-0.036231912421460066,-0.5704929594296926,0.3502617969502788,0.6768655426415235,-0.13883987563835976,0.48683540866925257,0.3129932505464845,-0.686054997664689,-0.6695279418572693,0.6706127874579204,-0.965366860014621
144,0.3545258380668528,0.009296792160421896,0.6331930107821473,0.9023086975394319,0.5769385253455193,-0.25245014945879296,0.39454844834686575,0.6570364412637324,0.8077246674000402,-0.9733625077509804,-0.37035989237917266,0.1819493835527879,0.774569685459769
145,0.3021138199797335,0.6832720645096375,0.41620560956644104,0.05913054613872837,-0.4474712194216661,-0.4403401892485026,-0.0484989443621735,0.1550394127301915,0.3222217396050544,-0.0440577087038585,-0.7958980170361825,0.7252669804763978,-0.6838879471746746
146,-0.12830912861411714,0.9274063896241669,-0.5719565740053025,0.45428471714809104,-0.901522405010085,0.265676281106519,0.7079731337816333,-0.25509467687846277,-0.07652884493169343,-0.5320636713617926,-0.31011332164497185,0.522303609652772,-0.9911646878396998
147,0.12202966449286534,0.21148373630636685,-0.2065382926560999,-0.617013265412039,-0.17037466106675736,0.25939348536938467,0.49677144104172943,0.6580152367620153,0.6484089408752078,-0.2904685317399591,0.7073058260533882,0.4589698536657527,0.3069867477638457
148,0.8055387703690331,0.4703414409959952,-0.6283301045498535,0.696475717034654,-0.24724045902340874,0.022057366679324897,0.6684420356033263,-0.527197166556483,0.8145241820223355,0.32376379516293263,0.48207597401709745,0.13068783214734303,-0.03405209569294354
149,0.8226900001027708,0.16949832573825785,-0.12538558459506732,0.05158804191735844,-0.47878807578732374,-0.3246345190616682,0.7212264222187863,0.9775014223742373,-0.15880318164138973,-0.43967049164525007,0.8698418638752097,0.5898929438280602,-0.04644156919133158
150,0.9920996755298823,-0.009933845327875446,-0.6776333267716979,-0.4896726981612165,-0.5992518837371779,-0.689563958964992,0.5716885717961506,0.9042731843531508,-0.7339836843477923,-0.5119856664917442,0.7204508079339007,0.6286673527200664,-0.39292180326135173
151,0.787135811065609,-0.6281983591665361,-0.9787739011091781,-0.20683554935166315,0.7083903706630035,0.6549886160939686,-0.5886315501023955,0.30451189190410255,-0.43631116039010376,0.07671574485927479,-0.2041215110361443,0.19954947244252708,0.8305025425909303
152,0.7264067147069961,-0.11425227081163669,-0.5804033441736607,-0.3853663973050443,-0.4334316400925533,-0.8603919234039041,0.59674113235365,-0.5560987316722239,0.15910915543909643,0.1077612755141486,-0.3319316494287612,-0.5053391278079513,0.5128928412137044
153,0.7219298597337707,0.6200641970866101,-0.42187064718342415,-0.2569997743250354,0.8395514516048246,-0.9744745212557897,0.9177881513171393,-0.13115286106374446,-0.5243944293581324,-0.29433632364982043,0.655935441455938,0.5037195707185944,-0.0618027059655728
154,0.3141211532213375,-0.5556277018815234,0.41200052868232095,0.47730736511854777,-0.36455335119961463,-0.6564581325664394,0.6598488009386234,-0.22006765430261188,-0.8308319635575903,0.9267783444587578,0.30972953860836916,0.5306833945432319,-0.14433519373629244
155,-0.14032288569045082,0.40822153435099184,0.4647914351771927,0.890482984781507,0.2681404429138601,-0.06770708185197338,-0.6352420072582876,-0.8689417360653067,0.37235269842159857,0.9706692722101913,0.8209489814250426,0.7390204293015059,-0.7302859230719352
156,0.8124864799354317,0.4489527076941153,-0.256648455530623,-0.4933538061798999,0.0011250740279771243,0.3194101026097471,0.7965411217700489,-0.523632910925022,0.5784117614910091,0.5881809934642244,0.11408801061404028,0.08881231615191942,0.16766173670653584
157,0.7273455448084765,-0.7499936168885593,-0.13265740905064582,-0.2990241992683882,0.3027011828821844,-0.07428906223471299,0.13947376283638824,0.033459758471901635,-0.9735240511343255,-0.13989692629492412,-0.8212563327734532,-0.7965225928973598,-0.3026507341026432
158,0.9871556535670911,-0.18246196596298758,-0.036231912421460066,-0.5533197233242837,0.3502617969502788,0.8694588432043207,0.16636077793677373,0.4498921294376732,0.3230134378639482,-0.6440920746855237,-0.32276045481576077,0.3030284043380953,-0.9886181534889631
159,0.1901602328367924,0.29574987976995515,-0.40314474068367034,-0.29454625712466864,0.9301176857973001,0.43406374640752055,0.519488328129984,0.5681119436876889,0.2510928062238482,0.46716052005380493,-0.4651599541380349,-0.22812744497017423,0.10997165149832089
160,-0.08091133009399454,-0.8894102577091643,-0.24520916402854165,-0.31470836456737605,0.93030720077524,0.0761310912562656,-0.9869412429998594,0.1909571212429957,0.22912051954211132,-0.3088163618472639,0.20722012072364993,-0.5776308029204551,0.8605756928867847
161,-0.18082113689251988,-0.7666984696761465,-0.2631178390683211,-0.8460867464017148,0.5436309608915437,-0.9473917490460522,0.27955089593669413,0.3252178087766058,0.47941561313393355,0.8613052200728002,0.8854701421982589,-0.7170426201310727,0.09752460918790296
162,0.07437077380758073,-0.04725223097768505,0.36362244324961446,-0.6341982576731362,0.6433848873544952,0.07396576386229725,0.8385061214764624,-0.9699661278457079,0.7161111851686497,0.529732290383798,0.32271538428779345,0.592283496905859,-0.7573614304090375
163,0.5450523251490393,0.8802327688311868,-0.015605961600568152,0.0002474538006378424,0.1532952661182707,-0.1514313753402876,-0.5933223318025709,-0.4196201992762023,-0.08668185063157607,-0.9087664304668284,0.6834792455155374,0.025626101647264976,-0.8297781578248926
164,0.8802201603136339,-0.5038429261894983,-0.8295170621331136,-0.5638087497451674,0.4772557561083395,-0.16617193057786195,0.8983018742236315,0.9268164514031938,0.23874087180511405,-0.46391633244857267,0.7600200467185054,0.6918854911549968,0.09446528932064457
165,0.21681341389629738,-0.36014946480075416,-0.8994049474700636,0.36123125510399023,-0.779113798800545,0.25412499339871353,-0.20910586005733456,0.13233733791603886,-0.25123625915760384,-0.9370306359687857,-0.4847367288685107,-0.308579747184776,0.49468100353763766
166,0.3872153534755465,0.8802327688311868,-0.015605961600568152,0.01217502734693432,-0.3397138363047405,-0.19199607102114458,-0.6467601714433151,-0.4196201992762023,-0.15917719135884756,-0.892772253952625,0.8226415360745574,0.025626101647264976,-0.7541846862104937
167,0.7474515758742128,0.43278258140725545,0.6750902911849925,0.9998655959735139,0.882188260996593,0.41859312747880684,0.6731794353782559,0.9875830134141554,0.7526968156351284,-0.5533942030084247,-0.4151215363214522,0.25799534421208037,0.8886426395258451
168,0.1948689966623396,-0.42083612781168456,0.5525492271429775,0.7307803243904796,0.06093330940188002,-0.43268768423913406,0.21351399448139619,0.9356741477070218,-0.5460056092366283,0.24927666752770739,0.6466237851992478,-0.8711025452058074,0.9698706364659719
169,0.7860984801381037,0.6698961529895464,-0.9905783253914737,0.9312137640459155,0.9820035391742243,-0.15301916627195045,0.2285688247860933,0.2782615303098821,0.8834917084630105,-0.5438774431494438,-0.266022107380959,-0.4129943355790595,0.2805327105195128
170,0.6469273310749442,0.14672341346885376,-0.6926838319150501,-0.8427539976585701,-0.30438913745414076,-0.7828274720670907,0.9590765574863853,-0.44019309411427887,-0.8838305115012579,0.8201718704275243,-0.25633052839969506,-0.25708088067345547,0.5951441005558928
171,0.16525655799405747,-0.8472503285014148,0.9333570143575589,-0.2067271646081903,-0.8800366013187657,0.40381581453343607,0.34281866085747237,0.5059678434471551,0.2912694734732353,-0.06588778367207104,-0.5964915517279588,-0.0275493901481354,-0.09448040520488576
172,0.37070134271409305,0.009296792160421896,0.6331930107821473,0.967735133550188,0.5769385253455193,-0.25245014945879296,0.39454844834686575,0.6511421723623576,0.9051832041766514,-0.9404363663192827,-0.37035989237917266,0.1819493835527879,0.774569685459769
173,0.2957056928697981,-0.5764127919756739,0.41200052868232095,0.4917475570890366,-0.36455335119961463,-0.672839788252177,0.6770211273630491,-0.22006765430261188,-0.8507447444663991,0.9267783444587578,0.37702423454289447,0.4870981388377065,-0.11280270309937479
174,0.619935953008623,0.8583104359862015,-0.7171457161246002,-0.13989631652729773,0.4078352259738067,0.990449251629554,0.2789142636950548,-0.4045898842720723,-0.18210144219639157,0.9338302244407717,0.7979192523003327,-0.8766888645017368,-0.26174187571724494
175,0.8790679610043963,-0.918775245940483,0.648192155812416,0.0037828785546116794,0.16213290121604662,0.7757023003905879,0.968633065897224,0.6341397617823907,0.4796369475412723,-0.7985526459521861,-0.8415295262990246,0.679852448344068,-0.6946808103446869
176,0.619935953008623,0.8929013166168622,-0.7171457161246002,-0.13989631652729773,0.022085995844241424,0.9750307371830464,0.2789142636950548,-0.4045898842720723,-0.18210144219639157,0.9338302244407717,0.7979192523003327,-0.9166484634533831,-0.26174187571724494
177,0.9920996755298823,-0.009933845327875446,-0.6776333267716979,-0.4896726981612165,-0.5992518837371779,-0.689563958964992,0.5716885717961506,0.873163458651661,-0.6597113608706748,-0.5119856664917442,0.7204508079339007,0.6286673527200664,-0.39292180326135173
178,0.2346512038570796,0.9972446769292183,0.6409042572379549,0.7880482798844193,-0.666955604752854,-0.5554768895937532,0.6993414100716302,0.3425795634638835,0.5039824248744782,-0.22610847658975142,0.7836926375425359,-0.5595240132518948,-0.44267586660448943
179,0.438440357037609,-0.4391449344815921,-0.8380209642885728,-0.7602102836296629,-0.5450923795464904,-0.9241086978132282,0.9565960143029344,-0.9242515586479496,-0.23898182463268203,0.002741853223679369,-0.9883076052117274,-0.3291696282652463,0.4596243062303371
180,0.23211257004612307,-0.8019274490113093,0.8942663023018436,-0.0078679850011667,0.7378797659488567,-0.40471825793190486,0.5173852621764687,-0.040250906561978494,0.6445598922863709,0.38785563381249966,0.13515275795653525,-0.578502469741955,-0.9250605876897551
181,0.8321604967220426,-0.2879785771949934,-0.07682803049295939,-0.5533197233242837,0.3502617969502788,0.7301396476992048,0.11381684833971151,0.48683540866925257,0.3230134378639482,-0.6416917955490338,-0.5624199587944518,0.36992048213391526,-0.9611543161396137
182,0.07437077380758073,-0.07015484704886088,0.2240571910729734,-0.6919685382758378,0.6433848873544952,-0.23404869915861548,0.908298624272075,-0.9257221267350313,0.7527993695765864,0.5642014499726149,0.13993855447838133,0.7228806708168873,-0.9510494237848648
183,0.1948689966623396,-0.3042784191435255,0.5230594000937066,0.7962971580304989,0.06093330940188002,-0.4207097286791752,0.14884960754523213,0.9707667152634551,-0.4877571034331645,0.3907711671737766,0.6195035460208953,-0.5859507033584024,0.9698706364659719
184,0.3976261892751223,-0.01809733205898767,0.9678194199899013,-0.38990933723688936,-0.5071558075686498,0.01817396498074575,-0.6655563160005811,0.8362682978314127,0.5293909019522924,0.09970173889206002,-0.2310404255844123,-0.9784723458655111,0.7535234360857728
185,0.6469273310749442,0.14672341346885376,-0.5965885283617423,-0.8248163773461068,-0.30438913745414076,-0.7918052271349416,0.9590765574863853,-0.3987167191623564,-0.8163707810296617,0.7599641437331388,-0.17377814922148604,-0.25002726190288094,0.519095606024373
186,0.16854375045844128,0.988406853537301,0.8960186313104186,0.475328088393316,-0.7876052881177953,0.3590079384885547,0.16008928721247528,-0.8183020692343035,0.5780284888629195,-0.023157840988008438,-0.8417411533193975,-0.35801121857456186,-0.13289504999752322
187,0.9437843184356358,-0.47470435503677244,-0.036231912421460066,-0.7561471377381248,0.3502617969502788,0.5827031283887558,0.11381684833971151,0.48683540866925257,0.3230134378639482,-0.686054997664689,-0.737718202466171,0.3030284043380953,-0.9747583077160975
188,0.6469273310749442,0.14672341346885376,-0.5551304497830516,-0.8427539976585701,-0.30438913745414076,-0.7828274720670907,0.9590765574863853,-0.4852933481998307,-0.9027068725834066,0.7599641437331388,-0.339204213512448,-0.25002726190288094,0.5951441005558928
189,0.6146384658620503,-0.9065532813024602,-0.012245064693662044,0.8353143763717299,0.08099998197811686,-0.33540096399788233,-0.055228497542208155,0.5849096673717225,-0.36651713600382263,-0.5071598240313844,0.901345910956227,0.5510492351816154,0.2792223070554518
190,0.37070134271409305,-0.01684254429883114,0.6331930107821473,0.908647513312933,0.5769385253455193,-0.25245014945879296,0.39454844834686575,0.6570364412637324,0.9447325075727071,-0.9733625077509804,-0.2483831817190585,0.1819493835527879,0.6034338277396893
191,-0.04047024449957237,-0.8894102577091643,-0.24520916402854165,-0.24018728748628138,0.9617945984610485,0.10053975313401975,-0.765826895995471,0.18307111002771004,0.10004458665389748,-0.029291050901864235,0.2522398058106481,-0.736167083686037,0.8605756928867847
192,0.9437843184356358,-0.3711028715343574,-0.036231912421460066,-0.5704929594296926,0.3502617969502788,0.6768655426415235,-0.14954244212265833,0.48683540866925257,0.2290410872955535,-0.7838646639597975,-0.6695279418572693,0.866041773263936,-0.965366860014621
193,-0.1437867517497815,0.42245067929362934,-0.5145169932763454,0.010531279416970518,0.309088422041208,-0.5375109859441447,0.07697072905688795,0.5711387747357577,-0.03999516900875011,-0.1924876587815043,0.7694479072672487,-0.16826096197812768,-0.2135810678174832
194,0.15477596014571393,-0.03759407294860484,0.6331930107821473,0.910442241591858,0.5175968849344976,-0.18449615125343954,0.2520932107811944,0.6570364412637324,0.9177576835935239,-0.9928219953372628,-0.6317332227065975,0.26756699402223827,0.6467359461417832
195,0.20490430325995646,0.08546583349114312,0.9231095263425175,-0.16240716266275634,-0.7710165813761687,0.6858226650528199,-0.702544104851637,-0.9992405820692021,0.8343941556356891,0.5293616309131057,0.061042500928109034,0.8429459438697886,0.6082851113212706
196,0.9150904404608518,-0.9973584091892589,0.5705173830731309,-0.17762339104875702,0.8871176508737089,-0.16430690736185438,-0.4248698880972004,0.27704420505993554,-0.7708386428843295,0.5933608350995256,0.98979844570387,0.13729793896114284,0.6828757678083186
197,0.1948689966623396,-0.42083612781168456,0.5525492271429775,0.6353669632694172,0.02712267316103678,-0.4547958387229736,0.21351399448139619,0.7637815600581561,-0.4877571034331645,0.3907711671737766,0.7619856592568972,-0.8378781213704087,0.9698706364659719
198,0.15538169496399257,-0.07015484704886088,0.24694479523624713,-0.6876505057360409,0.6829391580587476,-0.23404869915861548,0.9743765171508401,-0.9481267398072737,0.7527993695765864,0.7074723719001903,0.09965803340689994,0.7228806708168873,-0.9510494237848648
199,0.843329637936236,-0.2422994900761981,0.21004963276150068,0.8945960240226498,-0.3229241194129808,0.7255459035798555,-0.07778992744078272,0.8551388046255031,-0.737342025730326,-0.7883010846481466,-0.6501711095826883,0.6320335082709461,-0.496131108116564
200,0.2507946486390058,-0.1664012142217055,0.5525492271429775,0.7203944580475952,0.06093330940188002,-0.4207097286791752,0.21351399448139619,0.9791637457590685,-0.4877571034331645,0.3907711671737766,0.6466237851992478,-0.9224104740894441,0.8009249732414179
201,0.9886330005608592,-0.2571414213885046,-0.036231912421460066,-0.5533197233242837,0.3538513647829633,0.7301396476992048,0.16636077793677373,0.44627551011263344,0.3383224374917402,-0.7337342611511728,-0.32276045481576077,0.3030284043380953,-0.765816023134289
202,0.754336237825914,0.5712520760846032,-0.5710426214251185,0.12066785461516827,-0.5083796934708589,-0.872690237307217,-0.8889584527894263,0.036881138722896445,-0.7100365954359702,0.5842691417652068,-0.38037826702232547,-0.10473578504206094,-0.38230344775455105
203,0.12202966449286534,0.2119477582101963,-0.2065382926560999,-0.6351875193330592,-0.1564286726762123,0.25939348536938467,0.49677144104172943,0.6580152367620153,0.6324032607694263,-0.2904685317399591,0.7073058260533882,-0.020629564617610896,0.3069867477638457
204,0.7273455448084765,-0.7499936168885593,-0.13265740905064582,-0.4736067012121046,0.3027011828821844,-0.07428906223471299,0.13947376283638824,-0.20562460664845772,-0.9735240511343255,-0.13989692629492412,-0.8212563327734532,-0.8368896720992436,-0.2416442188623127
205,0.2567658813370741,0.08546583349114312,0.9231095263425175,-0.16240716266275634,-0.7710165813761687,0.6858226650528199,-0.702544104851637,-0.9992405820692021,0.8139056889165421,0.4925827553311666,-0.06622214323917008,0.8429459438697886,0.6522118690430292
206,0.5194789328621325,0.8855444139825459,0.8139614059045277,0.8147912900337577,-0.8280368345928728,-0.6646891622973048,0.06682405574751593,0.015964662936580387,0.7306277969801995,-0.06795743426933587,-0.7271510469660367,-0.7688176340981345,-0.18522887433480384
207,0.8321604967220426,-0.3711028715343574,-0.07682803049295939,-0.5525013639620349,0.3502617969502788,0.7301396476992048,-0.06998736964693797,0.48683540866925257,0.3230134378639482,-0.7293089984271501,-0.5624199587944518,0.3030284043380953,-0.9611543161396137
208,0.2551746039346796,-0.03759407294860484,0.6331930107821473,0.910442241591858,0.5175968849344976,-0.15511491669151622,0.2520932107811944,0.6570364412637324,0.9177576835935239,-0.9928219953372628,-0.6317332227065975,0.29157535639985976,0.6467359461417832
209,0.4672510615801275,0.11125615841362246,-0.9304388559481891,-0.4834090634430719,0.01863924755342694,-0.456415174902429,-0.9769533566069077,0.5461515190308477,0.1799574654580105,0.2220228596359537,0.35068828149992193,-0.15888166897547307,0.7578225856036664
210,0.5194447831460471,0.5907682238545928,0.938421327172869,0.9709994315434176,0.670599861650149,0.31813845259055085,-0.2700649903884782,-0.9852947942156489,0.8668482318522444,0.5866415462451007,0.9808141958678973,0.05130613794262806,0.23864429665773645
211,0.9871556535670911,-0.18246196596298758,-0.036231912421460066,-0.5421980541228957,0.3136224312043103,0.7301396476992048,0.16636077793677373,0.465625669313503,0.3230134378639482,-0.7930852015304697,-0.32276045481576077,-0.0680061883518912,-0.9886181534889631
212,0.14251836318759792,-0.8291935394720611,0.09805637926794697,0.9259422848542707,-0.8851034720538733,-0.870390092176115,0.6880757574435208,0.2931835037007884,-0.5510947648547668,-0.05690746428470894,-0.6726725075786444,-0.5307914382390595,0.315132649399837
213,0.564714061342461,0.9285102498328295,-0.15460688683581258,0.45352156876209104,0.4796202701095489,0.21313400121641557,0.1804904984455833,0.7060045124719041,-0.9545296888008428,0.39867409860076397,0.3841435253605312,0.4026959884110579,0.6974001512394361
214,-0.00992040062622368,-0.1804588142751402,-0.9135272475135536,0.1165099605893889,-0.5145318143751083,-0.6766795002102841,-0.8461234214833473,0.4921389255340878,-0.8800905732038458,0.2538617491153452,-0.8149801504553678,0.2340133033396381,0.6182150823442696
215,0.5581438060693422,-0.46997247656536545,0.7685491414503622,-0.18119384406367467,0.9636389816580611,-0.7530508297515892,0.5046092172617573,-0.8035286566548878,-0.7009595564519908,0.4610051218255078,0.1693909117088399,-0.8701231398950506,0.4849062436713816
216,0.17592809480716642,-0.4612688453648901,0.28651142886991776,0.4917475570890366,-0.25027535183809957,-0.6479730669119967,0.6770211273630491,-0.2220573810886426,-0.886913953682408,0.8965998454867607,0.37702423454289447,0.2630569179077549,-0.0786265563634927
217,0.40501200183895447,-0.5349640523759926,0.25908133943370903,0.5239763299780478,-0.5213057108272163,-0.6564581325664394,0.6841035442521395,-0.22006765430261188,-0.8975189383082725,0.9025755024758806,0.3050935637865677,0.4740259569332663,-0.08371363473507287
218,0.5097821605675368,0.5973870677795801,-0.10514858448969999,-0.09032459048138297,0.38016896211586304,-0.8701658108022774,-0.1816949443139333,-0.842565289269861,-0.2829511184307063,0.7858748217392193,0.15990561462022734,0.6895239402733806,-0.9273696471798738
219,0.2690410810866015,-0.7782148127471764,0.8942663023018436,-0.0078679850011667,0.7378797659488567,-0.40471825793190486,0.5314720673909219,-0.040250906561978494,0.6445598922863709,0.38785563381249966,0.017898952854736416,-0.578502469741955,-0.8824698272957698
220,0.1948689966623396,-0.42083612781168456,0.5525492271429775,0.7307803243904796,0.06093330940188002,-0.43268768423913406,0.21351399448139619,0.9366586950440998,-0.5460056092366283,0.24927666752770739,0.6466237851992478,-0.8874479512861047,0.9775127417431118
221,0.9886330005608592,-0.4033823863162245,-0.0343961841563134,-0.5533197233242837,0.3502617969502788,0.7301396476992048,0.18708740002104562,0.48101668535328357,0.3383224374917402,-0.7337342611511728,-0.32276045481576077,0.047476930396534334,-0.8348026198365537
222,0.0958185301882819,0.8802327688311868,-0.015605961600568152,-0.041015162264426586,0.02168420673138427,-0.2089689122367766,-0.6260964402697899,-0.40107060481684065,-0.15917719135884756,-0.9317901225014911,0.8226415360745574,-0.03710118874364032,-0.7532607253070316
223,-0.10340437779259681,0.41037531364623403,0.43841553249634146,0.890482984781507,0.2681404429138601,-0.11153285344357466,-0.6352420072582876,-0.9801498567944993,0.37235269842159857,0.900284806686348,0.8209489814250426,0.7390204293015059,-0.7302859230719352
224,0.6146384658620503,-0.9065532813024602,-0.012245064693662044,0.8353143763717299,0.08099998197811686,-0.33540096399788233,-0.055228497542208155,0.5849096673717225,-0.36651713600382263,-0.5071598240313844,0.8093082409237309,0.5510492351816154,0.2792223070554518
225,-0.10340437779259681,0.4352413947553464,0.4647914351771927,0.890482984781507,0.2681404429138601,-0.11153285344357466,-0.6352420072582876,-0.6589460570301315,0.37235269842159857,0.7942870867306886,0.9197687295899271,0.7390204293015059,-0.7302859230719352
226,0.23211257004612307,-0.7782148127471764,0.8942663023018436,-0.0078679850011667,0.8682492048681043,-0.40284461397882065,0.7402234688658302,0.035793348818938586,0.5669702054800092,0.38785563381249966,0.017898952854736416,-0.578502469741955,-0.8884961653877992
227,0.1948689966623396,-0.30670430712046337,0.8033808675230578,0.6317122236214341,0.06093330940188002,-0.4207097286791752,0.23523361806532006,0.9707667152634551,-0.4877571034331645,0.3907711671737766,0.6466237851992478,-0.8711025452058074,0.9698706364659719
228,-0.22494124142337135,-0.828522950208918,-0.34254639125096276,0.35169418424137366,-0.5689933287026601,-0.8242320799298273,-0.1732402991194253,-0.0031926163094999627,0.05435291932023256,0.34806275187498725,0.19227284113754828,0.9753453968421515,-0.5729904324724611
229,0.15538169496399257,0.04613785896566602,0.24694479523624713,-0.6876505057360409,0.6829391580587476,-0.23404869915861548,0.9743765171508401,-0.9481267398072737,0.7527993695765864,0.7074723719001903,0.09965803340689994,0.7228806708168873,-0.9510494237848648
230,0.3872153534755465,0.8802327688311868,-0.015605961600568152,-0.041015162264426586,0.14071436718797714,-0.19199607102114458,-0.6260964402697899,-0.4196201992762023,-0.16424288233445083,-0.8828110591718845,0.8226415360745574,0.025626101647264976,-0.7532607253070316
231,-0.14633855403716867,-0.2733875825542782,-0.17017093052152044,-0.5594923926545083,-0.532982205202007,0.361449862943648,0.6674892142515416,0.10771716803984743,0.8415163156094205,-0.7789324698460172,0.03979128959517042,0.27967871264047295,0.484988739487316
232,0.6933014620340046,-0.14301757234460477,-0.1357146240430609,-0.16683122612995582,-0.5474977900906812,0.25282834080544236,0.7262526305555472,-0.3080049866969139,-0.9499795084733953,0.3756944316019071,-0.7900972893429254,0.10978346962737962,0.3915350563480793
233,0.4672510615801275,0.20362369360940713,-0.9224056253519859,-0.4834090634430719,0.01863924755342694,-0.456415174902429,-0.9769533566069077,0.503462886593318,0.1799574654580105,0.14107489136620854,0.35068828149992193,-0.15888166897547307,0.7578225856036664
234,0.564714061342461,0.9285102498328295,-0.22733728273695242,0.45352156876209104,0.4796202701095489,0.21313400121641557,0.1804904984455833,0.746398068382998,-0.9764241560759395,0.39867409860076397,0.3841435253605312,0.4026959884110579,0.8779699527240985
235,0.42070779706248973,0.41594006156139085,0.4530706164837146,0.16896715864928713,0.7176890318772364,0.0915957911375731,-0.28538132716698805,0.5385111599113679,-0.8907657668671021,0.06509080676746226,0.6406049076096976,-0.02293688798454241,-0.5393345639674734
236,0.4734389442807976,0.9285102498328295,-0.15460688683581258,0.45352156876209104,0.4796202701095489,0.21313400121641557,0.1804904984455833,0.7060045124719041,-0.9545296888008428,0.39053725292675057,0.3841435253605312,0.4026959884110579,0.789321172605675
237,0.9886330005608592,-0.2571414213885046,-0.036231912421460066,-0.5533197233242837,0.3502617969502788,0.7301396476992048,0.16636077793677373,0.48101668535328357,0.3383224374917402,-0.7337342611511728,-0.32276045481576077,0.5043528149826773,-0.8348026198365537
238,-0.3292675856591394,-0.35723893594008005,0.9829276953445647,-0.8019297357686404,0.7985126609767925,-0.6156791585937242,0.8724848776586802,0.7324694932689622,0.48124713078410086,0.4238017624729513,-0.4219768353630535,-0.5346581528995085,0.2241707766694776
239,-0.00992040062622368,-0.1686152541984991,-0.954786693069084,0.030580090233963686,-0.5675396963708892,-0.6766795002102841,-0.8594086810443349,0.4921389255340878,-0.8800905732038458,0.2538617491153452,-0.8096595670198299,0.12238648725207835,0.5951363183148852
240,0.21770074142048101,-0.3529982453285412,0.16828454601820386,-0.6992090280253269,-0.5750338687847865,0.8631158567744641,0.13184432926176437,-0.6971040896845011,-0.24315301004391188,-0.7028915046267525,-0.7526744176743534,-0.9346773461783102,0.05944910896806577
241,-0.12067852190780992,-0.30179661279847614,0.8993562022422941,-0.2191535889465872,-0.4811920138396564,-0.7964803320226927,-0.7864510902897137,0.7179479141082434,-0.9349730819071447,-0.08891309761825394,-0.401126935233471,-0.22222344286791174,-0.6208465080433634
242,0.6270220631544616,0.12158693388327846,-0.8960313600345924,0.9508740991115214,-0.13396501205516387,-0.8613844025857813,-0.5216273954135151,0.9099174620073425,0.5236111552559197,-0.807530186256338,-0.7702117377904771,0.6810228425407243,-0.38735770030710004
243,0.2957056928697981,-0.5764127919756739,0.506800581564852,0.5262871090487402,-0.36455335119961463,-0.672839788252177,0.6770211273630491,-0.22006765430261188,-0.8386652578944416,0.9267783444587578,0.37702423454289447,0.4870981388377065,-0.11280270309937479
244,0.7148177365994921,0.14672341346885376,-0.47877797642245845,-0.8427539976585701,-0.30438913745414076,-0.7828274720670907,0.980970630469435,-0.4275410802905957,-0.9027068725834066,0.6548416441596943,-0.339204213512448,-0.25002726190288094,0.5951441005558928
245,0.1948689966623396,-0.3042784191435255,0.5230594000937066,0.7307803243904796,0.06093330940188002,-0.4207097286791752,0.21351399448139619,0.968474233739937,-0.4877571034331645,0.3907711671737766,0.6195035460208953,-0.5859507033584024,0.9698706364659719
246,0.9359655172839643,-0.18573928606340662,-0.036231912421460066,-0.2570300125465066,0.3502617969502788,0.4447993844969609,0.27877971537749313,0.48101668535328357,0.3230134378639482,-0.9898915298801227,-0.32276045481576077,0.3030284043380953,-0.96717732398621
247,0.1548973214953111,-0.5937864081831452,-0.3620052168808727,0.35196579118206395,-0.254928787514906,-0.5333537311807752,-0.3575444067269775,0.27457397151117724,-0.9765729297272414,-0.8956433877578085,0.8481701732140774,-0.7207234612306999,-0.2528093892847052
248,0.7219298597337707,0.6200641970866101,-0.42187064718342415,-0.2569997743250354,0.8395514516048246,-0.9744745212557897,0.926045159480873,-0.13115286106374446,-0.5243944293581324,-0.2653351781185831,0.655935441455938,0.5037195707185944,0.32411323171646034
249,0.6565853345126023,-0.4295847669505555,-0.1819418944506499,-0.655977068496582,-0.08443737989038347,0.8999458801633706,0.5138535955254224,0.564564672090337,0.3086082473672507,0.22498910228163527,0.7899724939958368,0.3348976694750072,0.24449079171908594
250,0.7637094251794851,-0.9973584091892589,0.5705173830731309,-0.10616914579407988,0.8871176508737089,-0.19433394265453963,-0.2944712239326084,0.27704420505993554,-0.7694166746523319,0.5933608350995256,0.98979844570387,0.13729793896114284,0.6828757678083186
251,0.564714061342461,0.9285102498328295,-0.15460688683581258,0.45352156876209104,0.4796202701095489,0.1803219820436015,0.1804904984455833,0.7060045124719041,-0.9545296888008428,0.39867409860076397,0.3841435253605312,0.4026959884110579,0.6974001512394361
252,0.3578809737088575,-0.7782148127471764,0.8942663023018436,-0.0078679850011667,0.7378797659488567,-0.40471825793190486,0.7302213945566962,-0.07377677126877291,0.6445598922863709,0.38785563381249966,0.13515275795653525,-0.578502469741955,-0.8824698272957698
253,0.9886330005608592,-0.2571414213885046,-0.1761161638264339,-0.5906764100329174,0.3502617969502788,0.7301396476992048,0.3529624807206948,0.48101668535328357,0.3383224374917402,-0.7337342611511728,-0.32276045481576077,0.3030284043380953,-0.9103620390078204
254,0.3479167808334396,0.21027207407429227,-0.5528476167403262,0.874018410695788,0.9791900993547076,0.40065996069749743,0.26216127921056165,0.6936595117072337,0.8105129963031805,-0.8455349297458865,0.6641400732423184,-0.8137394405719534,0.6983075308830444
255,0.8321604967220426,-0.3711028715343574,0.08637302251774881,-0.5533197233242837,0.3502617969502788,0.7301396476992048,0.11381684833971151,0.5084237875090825,0.3550620673350997,-0.686054997664689,-0.6459622336406416,0.34674590833800956,-0.9699548417498645
256,0.24692719048438283,-0.1609070225234297,-0.9285777547399143,-0.8324637027823867,-0.27150480728964954,0.03613189455042343,-0.1705873246114098,0.4965284068274025,-0.0711885143028681,-0.45548950802426624,0.032939904922393515,-0.41873587297240955,0.10801241460081346
257,0.7963300632116128,0.2905165325958605,-0.13591683253849318,-0.0868194485802245,-0.47878807578732374,-0.3246345190616682,0.5023110674453422,0.7748898094891161,-0.09523010671646026,-0.47469644490022733,0.9505854491039116,0.5106595094749491,-0.16851428261722257
258,0.564714061342461,0.9285102498328295,-0.22733728273695242,0.45352156876209104,0.4796202701095489,0.21313400121641557,0.1804904984455833,0.746398068382998,-0.9764241560759395,0.39867409860076397,0.3841435253605312,0.4026959884110579,0.8947575444851721
259,0.15477596014571393,-0.03759407294860484,0.6331930107821473,0.8987093736624798,0.6486531514503482,-0.18449615125343954,0.1884114072650236,0.7946593044690089,0.9177576835935239,-0.9836306957965828,-0.4214614613503964,0.26756699402223827,0.6467359461417832
260,0.564714061342461,0.9285102498328295,-0.15460688683581258,0.3271745674157054,0.4796202701095489,0.23279935508063265,0.25540897266085016,0.5704638544150313,-0.895300063787241,0.6478868444552865,0.3291076777387998,0.37457845853790706,0.5995604309864415
261,0.16854375045844128,0.988406853537301,0.7097786294206003,0.475328088393316,-0.7876052881177953,0.3590079384885547,0.16008928721247528,-0.4255639285421675,0.399577970174708,-0.023157840988008438,-0.8417411533193975,-0.35801121857456186,-0.13289504999752322
262,0.44059855560785444,0.6543373444742704,-0.9998134996082042,0.3253273889848476,0.35046319809230053,0.8654542010280319,0.809502627679868,-0.8657950127962881,-0.7467238558656757,-0.7767544257670824,0.9190724586124637,0.5574178003004195,-0.5749041336097132
263,0.28282627779125047,-0.5349640523759926,0.41200052868232095,0.4889606899829628,-0.40181290042341855,-0.6564581325664394,0.6770211273630491,-0.2220573810886426,-0.8308319635575903,0.9267783444587578,0.37702423454289447,0.4870981388377065,-0.11280270309937479
264,0.6956662798751847,-0.13272271938799407,-0.19481254391332747,0.23954270205337402,-0.7024384908363515,-0.24720540377559974,-0.7709395940306012,-0.8000990595910149,-0.440376120253938,0.6239739573592273,-0.39670467108679763,-0.5508557729639405,0.8647368451434678
265,0.17592809480716642,-0.5170043724360058,0.43458039165618656,0.6400879718904167,-0.36455335119961463,-0.6564581325664394,0.6770211273630491,-0.2220573810886426,-0.9214423446812812,0.7416698243851836,0.37702423454289447,0.4870981388377065,-0.11109635305802001
266,0.33564463335695494,-0.008876893824139254,-0.17481919582482042,-0.5271076732389759,-0.5399091882063747,-0.5995761680777347,-0.47980456391239934,0.8200157292305814,-0.11076857486430836,0.509785059700967,0.34560495951900894,0.9907218222451626,0.6208136569404221
267,-0.08091133009399454,-0.8894102577091643,-0.24520916402854165,-0.31470836456737605,0.93030720077524,0.0761310912562656,-0.942776154340107,0.1909571212429957,0.2125972237808178,-0.08062922345346268,0.20722012072364993,-0.5509939912446022,0.9159332040447818
268,0.4672510615801275,0.11125615841362246,-0.8724523172766001,-0.4834090634430719,0.01863924755342694,-0.456415174902429,-0.9769533566069077,0.5461515190308477,0.1799574654580105,0.05249700397149204,0.35068828149992193,-0.15888166897547307,0.7578225856036664
269,0.9719548752597282,-0.7672313214996205,0.2137023440576895,-0.7337265226677667,0.19445801105021765,0.02248297082238393,-0.6993309248836974,-0.3790095450918105,0.745272264825964,0.12586930621170223,0.00972548795495598,-0.6410333274685147,-0.9350220829061147
270,0.15538169496399257,-0.07015484704886088,0.24694479523624713,-0.6919685382758378,0.6829391580587476,-0.16151869460877055,0.9743765171508401,-0.9257221267350313,0.7804766307782898,0.7074723719001903,0.09965803340689994,0.7228806708168873,-0.9510494237848648
271,0.3067105794740046,0.5635354475087864,-0.4277379042637084,-0.9288935376843697,0.5166220338401597,-0.6083152902926114,0.07396718406213099,-0.5031152371193064,0.7233702434498661,0.9494192035038989,-0.2844240044762676,-0.11827908093402573,-0.6460091972526882
272,0.28382852044237006,-0.9094910728484378,0.04685927638858556,0.10023988445350263,-0.6684215916315384,0.6750455624666587,-0.08690978213602563,0.7850580364997184,-0.708571321228405,-0.3879393346130364,0.5922637333632879,-0.8412260795238184,0.8229778500481668
273,0.9871556535670911,-0.18246196596298758,-0.044154498442912526,-0.5533197233242837,0.3502617969502788,0.7734393696310216,0.16636077793677373,0.4498921294376732,0.3230134378639482,-0.6440920746855237,-0.32276045481576077,0.3030284043380953,-0.9886181534889631
274,0.03517923961319713,0.9855765160648704,0.7752958161281851,-0.18432266528148977,-0.864876378653016,0.3202394879105104,0.9879368675349636,-0.1499182212385317,0.7671284450181806,0.953430389704853,0.5014435611766439,-0.4185039623778597,0.29220237849057873
275,0.8321604967220426,-0.3711028715343574,-0.07682803049295939,-0.5533197233242837,0.3502617969502788,0.7111653987603035,0.11381684833971151,0.48683540866925257,0.3230134378639482,-0.686054997664689,-0.41994219861286797,0.3030284043380953,-0.9611543161396137
276,0.42070779706248973,0.41594006156139085,0.4530706164837146,0.16896715864928713,0.7176890318772364,0.07033759402938666,-0.28538132716698805,0.5385111599113679,-0.8907657668671021,0.2662755221312605,0.6406049076096976,-0.02293688798454241,-0.6609992265248714
277,0.6319697404030633,-0.6281983591665361,-0.874454040802545,-0.20683554935166315,0.7083903706630035,0.5329911578204161,-0.5886315501023955,0.30451189190410255,-0.43631116039010376,0.07671574485927479,-0.2041215110361443,0.19954947244252708,0.8305025425909303
278,0.9958949927896481,-0.5038429261894983,-0.8295170621331136,-0.5638087497451674,0.6228637958004704,-0.16569228013500736,0.907766328303877,0.9268164514031938,0.34676783632210073,-0.46391633244857267,0.747829724421466,0.6918854911549968,0.09446528932064457
279,0.506521485534309,0.9394888602941145,0.2484325738019717,0.18839751369781488,-0.08237271284742609,0.5673847388767965,-0.7888693143024006,0.05298847780633653,0.06099576115362093,0.32371772638161134,-0.6687404025868731,0.6130623638701318,-0.505093527656375
280,0.17592809480716642,-0.5170043724360058,0.43458039165618656,0.6400879718904167,-0.36455335119961463,-0.6564581325664394,0.6770211273630491,-0.2220573810886426,-0.9214423446812812,0.7334976332609493,0.37702423454289447,0.4870981388377065,-0.11109635305802001
281,0.2507946486390058,-0.3087450286186664,0.5525492271429775,0.7307803243904796,0.04467217122979439,-0.4207097286791752,0.21351399448139619,0.9887021292045282,-0.4877571034331645,0.3907711671737766,0.6466237851992478,-0.9224104740894441,0.8009249732414179
282,0.7963300632116128,0.16949832573825785,-0.1432521454305229,-0.0868194485802245,-0.5333287568872664,-0.41517747354393775,0.5023110674453422,0.7748898094891161,-0.15880318164138973,-0.47469644490022733,0.9433959901732534,0.3655197996378252,-0.1312636726226093
283,0.44059855560785444,0.6049113589047952,-0.9357368389309211,0.3253273889848476,0.35046319809230053,0.8654542010280319,0.8186810338486625,-0.938285530213741,-0.42615717724783897,-0.7078148640627595,0.9190724586124637,0.42326848422073016,-0.5710415228011154
284,0.10152693023294712,-0.6077331206161896,0.1564906039849283,-0.47384432956126465,-0.7339286826181957,-0.48206887789107666,0.6772940499777378,0.23184456809873688,0.8094661054934389,-0.6761702223410744,0.31056531702312906,-0.007889017567126455,-0.21836094324223887
285,-0.10340437779259681,0.41037531364623403,0.24487562998020151,0.890482984781507,0.2681404429138601,-0.11153285344357466,-0.6352420072582876,-0.8816453494739669,0.4920636922827262,0.900284806686348,0.8611950738969378,0.7390204293015059,-0.7302859230719352
286,0.5447814309040675,0.8339810845146107,-0.015605961600568152,-0.041015162264426586,-0.21265274932533096,-0.19199607102114458,-0.6040793230523007,-0.46931595245503743,-0.15917719135884756,-0.9194632063163477,0.8226415360745574,0.025626101647264976,-0.7004595301241352
287,0.3872153534755465,0.8802327688311868,-0.015605961600568152,0.01217502734693432,-0.3397138363047405,-0.19199607102114458,-0.6467601714433151,-0.4196201992762023,-0.3630556773275302,-0.892772253952625,0.8226415360745574,0.025626101647264976,-0.7541846862104937
288,0.5450523251490393,0.8802327688311868,-0.09828877627614307,-0.041015162264426586,-0.17077809434105307,-0.19199607102114458,-0.6260964402697899,-0.2703330203777796,-0.15917719135884756,-0.8828110591718845,0.8226415360745574,0.025626101647264976,-0.7321105640125434
289,0.15538169496399257,0.04613785896566602,0.24694479523624713,-0.6876505057360409,0.6829391580587476,-0.28582472670667425,0.9743765171508401,-0.9481267398072737,0.7527993695765864,0.6222905859450769,0.09965803340689994,0.7228806708168873,-0.9510494237848648
290,0.4696285738808341,-0.6074942022506749,0.36333525817123347,-0.8374280210253648,-0.945953287167677,-0.8529760747136972,-0.4942213943132987,0.4017925487758405,-0.7079594862346179,-0.33065844323808635,0.2576102056229177,0.25344030599299017,0.24200267078939652
291,0.541286826255619,-0.8391959668613787,-0.3525277077297013,0.13745199880106074,0.8732303647921011,0.1863253044571649,0.6986745980778477,0.2665227639219414,0.2142920932899295,-0.906806860231983,-0.02663305858746101,0.7818189376789122,0.4901061570382923
292,0.47754155619198446,-0.8493394117306199,0.08793097424830476,0.1321392962906145,-0.9604971566716787,-0.7618207486364776,0.813102326671896,0.302643099953509,-0.6323152886192576,0.3018708323427355,-0.045091709144394976,0.4854329563541231,0.3753537666475162
293,0.6319697404030633,-0.6281983591665361,-0.9187715472074274,-0.20683554935166315,0.7083903706630035,0.5329911578204161,-0.5886315501023955,0.30451189190410255,-0.43631116039010376,0.07671574485927479,-0.2041215110361443,0.19954947244252708,0.8305025425909303
294,-0.20758840848936067,0.40822153435099184,0.4647914351771927,0.8681958573604034,0.45990135483399075,-0.21874519361910827,-0.7491108865048823,-0.8285099919895924,0.37235269842159857,0.8789293573807802,0.8676935642707098,0.6682140356697572,-0.5654164507661861
295,0.7149858557798019,-0.7712700563125792,-0.13147411495734507,0.24684475363713543,-0.9727116663049589,-0.4107655176550018,-0.8831288859012936,-0.8498458353591947,-0.5819290760705973,0.6845539989290224,0.7880100605166065,-0.842862676510834,0.8551790844989187
296,0.7777904396091468,-0.5038429261894983,-0.8295170621331136,-0.5638087497451674,0.4772557561083395,-0.16569228013500736,0.8983018742236315,0.9268164514031938,0.23874087180511405,-0.46391633244857267,0.7600200467185054,0.6918854911549968,0.09446528932064457
297,0.9097336310537871,-0.3537011771803129,-0.10167629371029308,-0.67311713947908,0.3502617969502788,0.9388393057010058,-0.07445635752113522,0.5481563968927898,0.2438050210231577,-0.5857476069651815,-0.2765465806781451,0.3555445851182508,-0.9994727315879268
298,0.24136603646043553,0.51691037985008,0.3260911953632666,0.8536144417554365,-0.2103296947560218,-0.47284141941519686,-0.4664857247069951,-0.7853094619586054,-0.5255949668247433,0.4442979371622542,0.30074235636564195,0.12466620616894852,0.23872742742425612
299,0.5096852162089638,-0.0198279131165211,-0.8243877995669142,0.4945558680904587,0.19303010889827243,-0.9059426651410827,-0.07842734554069541,0.26078919440976467,0.5803155137824536,-0.049523453299246345,-0.37579270540188525,-0.01282872046246486,-0.5165522553636919
300,0.07437077380758073,-0.06567256982089065,0.2830680981408191,-0.6919685382758378,0.6433848873544952,-0.23404869915861548,0.908298624272075,-0.9257221267350313,0.7527993695765864,0.47259784397439764,0.13993855447838133,0.7228806708168873,-0.9591262767382536
301,0.9150904404608518,-0.9152681020191913,0.5543451136626614,-0.17762339104875702,0.8871176508737089,-0.16430690736185438,-0.4177061271429656,0.27704420505993554,-0.7708386428843295,0.5933608350995256,0.98979844570387,0.13729793896114284,0.5262250911747588
302,0.08149955384292573,0.8081674020721608,0.3780689618210704,0.619364051126724,-0.437512368423975,0.5861511173144265,0.7542127641475942,-0.05556227297365135,0.9178748560380368,-0.6125895269188115,0.23454955482787732,-0.6823671223300349,0.950935259530798
303,0.27211701282749523,-0.22400333257456562,-0.2958119791261271,-0.025954238604491087,-0.7745974907470521,-0.5602827975937661,-0.33080202722313,-0.04885524244845829,0.7725911972350603,-0.18982851841047088,0.296216307110299,0.9655572919523401,0.44546768898476774
304,0.9146312668835266,-0.18573928606340662,-0.036231912421460066,-0.2724588768239993,0.26667527083035925,0.7301396476992048,0.06212154157897598,0.777503174263573,0.3564448656676631,-0.9898915298801227,-0.32276045481576077,0.3030284043380953,-0.9267399134728025
305,0.3141211532213375,-0.5556277018815234,0.41200052868232095,0.4387948833344859,-0.36455335119961463,-0.6564581325664394,0.6770211273630491,-0.22006765430261188,-0.8308319635575903,0.9267783444587578,0.3829553711364382,0.5306833945432319,-0.14433519373629244
306,0.12202966449286534,0.2119477582101963,-0.28291668774098855,-0.6351875193330592,-0.17037466106675736,0.25939348536938467,0.49677144104172943,0.6580152367620153,0.6324032607694263,-0.2904685317399591,0.7073058260533882,0.4589698536657527,0.28149351140225454
307,0.1948689966623396,-0.31650176321658674,0.5525492271429775,0.7307803243904796,0.06093330940188002,-0.42790322396108316,0.21351399448139619,0.9707667152634551,-0.4877571034331645,0.3907711671737766,0.6466237851992478,-0.9517253350696282,0.9698706364659719
308,0.08865437578974977,-0.42083612781168456,0.5525492271429775,0.7307803243904796,0.06093330940188002,-0.43268768423913406,0.21351399448139619,0.988587740125521,-0.5460056092366283,0.24927666752770739,0.7393071736967174,-0.8874479512861047,0.9775127417431118
309,0.8820344534966271,-0.3537011771803129,-0.10167629371029308,-0.67311713947908,0.4865584925462232,0.9483691721699139,-0.229772837808071,0.5481563968927898,0.2438050210231577,-0.7304469057809793,-0.2765465806781451,0.3555445851182508,-0.9916314758246276
310,0.5997383004448806,-0.11149220793579184,-0.04523820968082504,-0.5607893569266471,0.5002387272545707,-0.18450164206948894,0.46816900694854313,0.991174344984586,0.3808886757079408,-0.7066572487297744,-0.45017742526038473,0.15783077774823617,-0.26582191446373593
311,0.6956662798751847,-0.13272271938799407,-0.19481254391332747,0.23954270205337402,-0.7024384908363515,-0.338334030770999,-0.8838094781733408,-0.8000990595910149,-0.440376120253938,0.6239739573592273,-0.39670467108679763,-0.5508557729639405,0.8647368451434678
312,0.15477596014571393,-0.03759407294860484,0.7514061638606324,0.8987093736624798,0.6486531514503482,-0.18449615125343954,0.1884114072650236,0.7249811941736812,0.9177576835935239,-0.9585697128843842,-0.4214614613503964,0.3611868420446491,0.6467359461417832
313,0.2791415488304141,-0.41725975480885014,0.5303454195230273,0.5142654416462347,-0.8447956128820671,-0.8437502070837446,0.7826386638971743,-0.8282145928303724,-0.9355928432930296,0.3451735674322465,0.931325479011035,-0.18459189913500507,0.6211889736996519
314,0.8317215074803725,0.39415295791606564,-0.256648455530623,-0.4933538061798999,-0.11067859985154116,0.30582145172325714,0.7965411217700489,-0.523632910925022,0.6082135030145452,0.5881809934642244,0.10728622656019926,0.21317977312568792,0.16766173670653584
315,0.8820344534966271,-0.3537011771803129,-0.10167629371029308,-0.67311713947908,0.3502617969502788,0.9388393057010058,-0.2588613020720092,0.5481563968927898,0.2438050210231577,-0.7304469057809793,-0.2765465806781451,0.3555445851182508,-0.9916314758246276
316,0.17592809480716642,-0.5170043724360058,0.43458039165618656,0.6400879718904167,-0.4713039283363365,-0.6564581325664394,0.4781026661801746,-0.2220573810886426,-0.9214423446812812,0.7416698243851836,0.37702423454289447,0.5503396746673124,-0.08169663727082588
317,0.13528279932791065,0.09243839758895378,0.6676424386212365,0.908647513312933,0.5769385253455193,-0.45724193908549426,0.39454844834686575,0.6570364412637324,0.9457110440489533,-0.8653208061511619,-0.4214614613503964,0.42480229717549745,0.5968308160314257
318,0.94779787486883,-0.7923525538336171,-0.33656805932912537,-0.23779563331182807,0.20494645274200463,-0.05848559106887463,-0.13068037214103412,0.033459758471901635,-0.9737937919487594,-0.14768719379402673,-0.8212563327734532,-0.7810810883433821,-0.19681478675436037
319,0.7777904396091468,-0.5038429261894983,-0.8295170621331136,-0.5638087497451674,0.49534267319624914,-0.16569228013500736,0.8983018742236315,0.9268164514031938,0.15270295475563378,-0.46391633244857267,0.7600200467185054,0.6918854911549968,0.09446528932064457
320,0.4759317973066097,0.6410552303444481,0.04441237981333912,0.2297033112988922,0.6066167622896164,0.6177223704361199,-0.6538603804458829,0.2481857107537726,-0.7485562196426028,-0.10967211787335951,0.8987877958098582,0.8471002292129148,-0.38334407131066817
321,-0.04047024449957237,-0.8894102577091643,-0.24520916402854165,-0.24018728748628138,0.9617945984610485,0.10053975313401975,-0.8034723548579836,0.18307111002771004,0.10004458665389748,-0.029291050901864235,0.2522398058106481,-0.736167083686037,0.8605756928867847
322,0.27211701282749523,-0.22400333257456562,-0.2958119791261271,-0.025954238604491087,-0.7745974907470521,-0.7055759137519937,-0.33080202722313,-0.04885524244845829,0.7725911972350603,-0.18982851841047088,0.296216307110299,0.9655572919523401,0.43421302432330244
323,0.9886330005608592,-0.2571414213885046,-0.036231912421460066,-0.5533197233242837,0.3538513647829633,0.5749385924319479,0.16636077793677373,0.44627551011263344,0.2468544455194548,-0.7337342611511728,-0.32276045481576077,0.3030284043380953,-0.765816023134289
324,0.4556719545753609,-0.7090887896316946,0.6186618140332658,-0.9495334500940951,0.2876940642725272,0.8199024137102346,0.04840337580808307,-0.06403931629087123,0.49342135242772933,-0.6005675902800738,0.7813502159797012,0.6823832086997954,0.959270274019528
325,0.40501200183895447,-0.5349640523759926,0.25908133943370903,0.5239763299780478,-0.5213057108272163,-0.6513323742620496,0.6816286519671269,-0.22006765430261188,-0.8975189383082725,0.9025755024758806,0.3050935637865677,0.32596866580707196,-0.08371363473507287
326,0.3141211532213375,-0.5556277018815234,0.41200052868232095,0.47730736511854777,-0.36455335119961463,-0.6564581325664394,0.6598488009386234,-0.22006765430261188,-0.8308319635575903,0.9873029544776626,0.30207537076500723,0.5306833945432319,-0.14433519373629244
327,-0.29040294153738166,-0.5083589456407878,0.20172001806806805,-0.19631321229641485,0.6100949387581474,0.9257569279415601,0.6036999630310782,0.5662838624905404,0.0890947172798866,0.696604744949435,-0.898093464499546,-0.1971922474716521,0.3008686781501284
328,-0.18959664678508092,-0.8894102577091643,-0.24520916402854165,-0.31470836456737605,0.93030720077524,0.10853777505487594,-0.9869412429998594,0.12042952189000289,0.4477366727212544,-0.08062922345346268,0.20722012072364993,-0.736167083686037,0.8642796981048779
329,0.49778645035854985,0.41520683897310695,-0.686189895348204,0.014643017955077164,0.11124998304991474,-0.6079062424111821,-0.8488139962055725,-0.4034263496872472,0.5687137260022097,0.4611583097795806,0.6211098962247523,0.3269770906335663,0.937338810315758
330,0.4672510615801275,0.11125615841362246,-0.9304388559481891,-0.4834090634430719,0.09682493081860133,-0.456415174902429,-0.9769533566069077,0.5461515190308477,0.1799574654580105,0.16695555289241848,0.4105694733911307,-0.15888166897547307,0.7578225856036664
331,0.8032367361263224,0.6809008962291845,-0.7706820221570099,0.2919283143809137,-0.8097158103658153,-0.059658746845033805,-0.13629622370818106,0.7879226341701913,0.7694552936670394,0.6412278574970918,0.7103319529629146,0.7779372216516818,0.1780826085934002
332,0.9348689974883062,-0.25102503273139276,-0.07682803049295939,-0.40024538592366277,0.23689220288229462,0.7301396476992048,-0.06998736964693797,0.48683540866925257,0.3230134378639482,-0.7293089984271501,-0.5624199587944518,0.3030284043380953,-0.9611543161396137
333,0.3141211532213375,-0.5556277018815234,0.41200052868232095,0.4387948833344859,-0.3818363487022727,-0.6564581325664394,0.536413897614205,-0.15723847099874666,-0.8308319635575903,0.9267783444587578,0.3829553711364382,0.5306833945432319,-0.14433519373629244
334,0.12030881900336166,-0.06567256982089065,0.2830680981408191,-0.6919685382758378,0.7978908158251341,-0.23404869915861548,0.908298624272075,-0.9257221267350313,0.7527993695765864,0.47259784397439764,0.13595449816445782,0.7228806708168873,-0.9591262767382536
335,0.1548973214953111,-0.4978708580430038,-0.28437116955007435,0.35196579118206395,-0.2117305444388995,-0.5333537311807752,0.003058587833466575,0.27457397151117724,-0.9765729297272414,-0.42894126258749465,0.8481701732140774,-0.7207234612306999,-0.2528093892847052
336,0.16068375354338227,-0.03759407294860484,0.6331930107821473,0.8987093736624798,0.5817434900921428,-0.28506142682442626,0.2520932107811944,0.6570364412637324,0.9177576835935239,-0.9665261536081309,-0.4214614613503964,0.3701446508239863,0.5499459025280169
337,0.9886330005608592,-0.2571414213885046,-0.036231912421460066,-0.6390105864781725,0.3538513647829633,0.7301396476992048,0.16636077793677373,0.44627551011263344,0.3383224374917402,-0.7337342611511728,-0.32276045481576077,0.3030284043380953,-0.8090685929306061
338,0.9895154516279674,-0.4837480242818888,0.7733384611410994,0.023183473307374358,0.5976150310424879,-0.7463230427742042,0.45468899176678024,0.8953257047250569,-0.5644522705490012,-0.653691778348342,-0.9507056315564897,0.42752681625552613,0.07016395569268385
339,0.541286826255619,-0.8150342557984254,-0.3525277077297013,0.13745199880106074,0.8732303647921011,0.21729852128845506,0.6986745980778477,0.2665227639219414,0.2142920932899295,-0.906806860231983,-0.02663305858746101,0.7818189376789122,0.4901061570382923
340,0.534259005632971,0.8929013166168622,-0.7171457161246002,-0.13989631652729773,0.022085995844241424,0.9750307371830464,0.2789142636950548,-0.4045898842720723,-0.18210144219639157,0.9338302244407717,0.7979192523003327,-0.9166484634533831,-0.26174187571724494
341,0.7777904396091468,-0.5038429261894983,-0.8295170621331136,-0.5638087497451674,0.4772557561083395,-0.16569228013500736,0.8113157590279705,0.9268164514031938,0.3272054071175796,-0.46391633244857267,0.7579661202891859,0.6918854911549968,0.09446528932064457
342,0.19983123490822452,-0.3087450286186664,0.5525492271429775,0.7307803243904796,-0.1356190444847265,-0.4207097286791752,0.21351399448139619,0.9887021292045282,-0.4877571034331645,0.4172859221781535,0.6466237851992478,-0.9224104740894441,0.8009249732414179
343,0.16068375354338227,-0.03759407294860484,0.6331930107821473,0.8987093736624798,0.6287358690032001,-0.2460868187595604,0.2520932107811944,0.6570364412637324,0.9177576835935239,-0.9665261536081309,-0.4214614613503964,0.3701446508239863,0.5499459025280169
344,0.23211257004612307,-0.7782148127471764,0.8942663023018436,-0.0078679850011667,0.8682492048681043,-0.40284461397882065,0.7402234688658302,0.035793348818938586,0.5669702054800092,0.4864741850407446,-0.014947834256909598,-0.578502469741955,-0.8884961653877992
345,0.6469273310749442,0.14672341346885376,-0.5965885283617423,-0.8248163773461068,-0.30438913745414076,-0.846367727114435,0.9590765574863853,-0.4027571114658095,-0.9027068725834066,0.7599641437331388,-0.2938313782398745,-0.25002726190288094,0.519095606024373
346,0.0958185301882819,0.8802327688311868,-0.015605961600568152,-0.041015162264426586,0.02168420673138427,-0.2089689122367766,-0.6260964402697899,-0.4211442108642771,-0.15917719135884756,-0.9317901225014911,0.8226415360745574,-0.03710118874364032,-0.7532607253070316
347,0.0065351740523442725,0.47963707119514476,0.5695454403363536,0.6800438451189745,0.493654010706549,0.07400934193571951,-0.7821163868528553,-0.6382018508324698,0.5778545566362812,-0.7363461518248968,-0.6490830084806865,-0.2431692996432273,-0.3377812750946416
348,-0.3292675856591394,-0.35723893594008005,0.9829276953445647,-0.8019297357686404,0.7985126609767925,-0.5775335213599544,0.8724848776586802,0.715791521713226,0.48124713078410086,0.39817512957755596,-0.4219768353630535,-0.5605241410699204,0.2241707766694776
349,-0.04047024449957237,-0.8894102577091643,-0.24520916402854165,-0.31964792039388623,0.9617945984610485,0.10053975313401975,-0.9789008945113682,0.05877180358096634,0.11481654610212533,-0.060386056074485994,0.2522398058106481,-0.7767079318694765,0.8605756928867847
350,0.15477596014571393,0.06272477762419326,0.6331930107821473,0.908647513312933,0.39225147675800587,-0.24300174448382927,0.39454844834686575,0.6967062556523054,0.9177576835935239,-0.8653208061511619,-0.4077835353564152,0.42480229717549745,0.5968308160314257
351,0.3962801756282677,0.009296792160421896,0.6331930107821473,0.967735133550188,0.5769385253455193,-0.005610274991489694,0.39454844834686575,0.6511421723623576,0.7467130557768389,-0.9583449185522324,-0.37035989237917266,0.1785318978046635,0.774569685459769
352,0.9150904404608518,-0.9152681020191913,0.5543451136626614,-0.17762339104875702,0.8871176508737089,-0.16430690736185438,-0.5668155291340218,0.27704420505993554,-0.7708386428843295,0.5933608350995256,0.9371017058415139,0.13729793896114284,0.5298685191501629
353,0.8684960974693821,0.37081912689693697,-0.1432521454305229,-0.0868194485802245,-0.5333287568872664,-0.2850085031730121,0.5023110674453422,0.7794487684634015,-0.15880318164138973,-0.47469644490022733,0.9433959901732534,0.3655197996378252,-0.010949761558195048
354,0.8321604967220426,-0.2879785771949934,0.11489261774146042,-0.41375632141590324,0.23125446292355512,0.7301396476992048,0.11381684833971151,0.48683540866925257,0.3230134378639482,-0.6416917955490338,-0.5624199587944518,0.5761948640513577,-0.9611543161396137
355,-0.3292675856591394,-0.378754759717312,0.9829276953445647,-0.8019297357686404,0.7985126609767925,-0.5775335213599544,0.8724848776586802,0.715791521713226,0.48124713078410086,0.39817512957755596,-0.4219768353630535,-0.5605241410699204,0.2241707766694776
356,-0.08091133009399454,-0.8894102577091643,-0.24520916402854165,-0.31470836456737605,0.9565667644315505,0.0761310912562656,-0.942776154340107,0.1909571212429957,0.2125972237808178,-0.08062922345346268,0.20722012072364993,-0.5509939912446022,0.9159332040447818
357,0.08149955384292573,0.9783422951172647,0.3780689618210704,0.5858388505982286,-0.446236072254903,0.5861511173144265,0.592196310888482,-0.10281792412566815,0.9178748560380368,-0.7051131132530011,0.23454955482787732,-0.6789357115104964,0.950935259530798
358,-0.10814393751311213,0.4352413947553464,0.4647914351771927,0.890482984781507,0.2681404429138601,-0.11153285344357466,-0.6352420072582876,-0.5411616150368215,0.37235269842159857,0.7942870867306886,0.9197687295899271,0.7390204293015059,-0.6962969174659488
359,0.15538169496399257,0.04613785896566602,0.24694479523624713,-0.6876505057360409,0.6829391580587476,-0.28582472670667425,0.9743765171508401,-0.9481267398072737,0.7479064654382295,0.6222905859450769,0.09965803340689994,0.6740111263208988,-0.9510494237848648
360,0.8321604967220426,-0.4982068029982136,-0.07682803049295939,-0.5525013639620349,0.2759581498637418,0.7301396476992048,-0.06998736964693797,0.48683540866925257,0.40164671309546085,-0.7293089984271501,-0.5624199587944518,0.3030284043380953,-0.9611543161396137
361,-0.14744740751006336,0.5474357276936419,-0.6322986306009355,0.674251082335033,0.7393450101990506,-0.7318350375682521,-0.7331410457474201,-0.6009393137924315,0.27165002897950963,-0.4468210108044779,-0.30060305386354536,0.9053241164067243,0.9934283604286889
362,0.15477596014571393,0.09690672595132921,0.6331930107821473,0.9327660841020624,0.5769385253455193,-0.36839937338493356,0.262448915744957,0.6570364412637324,0.793935752030076,-0.997545821393266,-0.4214614613503964,0.21990697141384952,0.5499459025280169
363,0.1122114678962336,0.04613785896566602,0.24694479523624713,-0.6876505057360409,0.683778286515099,-0.28582472670667425,0.9743765171508401,-0.9481267398072737,0.7527993695765864,0.6222905859450769,0.09965803340689994,0.7228806708168873,-0.9510494237848648
364,0.8321604967220426,-0.2879785771949934,0.11489261774146042,-0.47361141642758997,0.23125446292355512,0.7301396476992048,0.10650123584993709,0.48683540866925257,0.3230134378639482,-0.6416917955490338,-0.5624199587944518,0.5761948640513577,-0.966923516022328
365,0.19251200722213024,0.08546583349114312,0.9231095263425175,-0.16240716266275634,-0.7710165813761687,0.6858226650528199,-0.702544104851637,-0.9992405820692021,0.8343941556356891,0.5293616309131057,0.061042500928109034,0.8771378196499267,0.6082851113212706
366,0.2551746039346796,-0.03759407294860484,0.6331930107821473,0.910442241591858,0.5175968849344976,-0.1413910320352041,0.2520932107811944,0.6297318322315753,0.9177576835935239,-0.9928219953372628,-0.6317332227065975,0.29157535639985976,0.6025396904330103
367,0.12202966449286534,0.2119477582101963,-0.2065382926560999,-0.6351875193330592,-0.20682124648780453,0.25939348536938467,0.49677144104172943,0.6580152367620153,0.6324032607694263,-0.2904685317399591,0.7073058260533882,0.4589698536657527,0.3069867477638457
368,0.38425008830591145,0.7762434843058827,-0.5499428073857857,0.448777050055315,-0.9174281599279981,0.3326919766463303,0.8364600584174422,-0.344503877999758,0.4120910912713185,-0.4398058505947162,0.2201225210659261,-0.0032161999436839395,0.07930951400553843
369,0.8226900001027708,0.08973911396221701,-0.12538558459506732,0.05158804191735844,-0.5181620897983814,-0.3246345190616682,0.7212264222187863,0.9775014223742373,-0.15880318164138973,-0.43967049164525007,0.8698418638752097,0.5898929438280602,-0.04644156919133158
370,0.4791242461448082,-0.6300488371177144,-0.5031761956709642,0.2737464989067051,-0.3544027622402166,0.8885715128563909,-0.971560920840254,-0.6230266954220554,-0.6236164782990379,-0.9766303374884961,-0.8618707942865451,-0.9622944082899743,0.7122186246886966
371,0.4882212434508011,-0.048592028984501434,-0.4227494185474403,-0.337171195417306,-0.4334316400925533,-0.5872838737974433,0.59674113235365,-0.571148020655051,0.22145378422669815,0.1077612755141486,-0.3375424906486799,-0.6816527340930292,0.7696557685261973
372,0.15538169496399257,0.04613785896566602,0.24694479523624713,-0.6876505057360409,0.5255635580988796,-0.23404869915861548,0.9743765171508401,-0.9481267398072737,0.8640810505246703,0.7074723719001903,0.09965803340689994,0.7707024526522341,-0.9510494237848648
373,0.6688704794522147,-0.30316373586215173,-0.07009855419598421,-0.014440015455149613,0.543803609060578,-0.3043170400035855,0.29156847434815725,0.7713610814848917,-0.6379451016360953,0.7619376590749278,-0.14643748478439034,-0.8392960047145468,-0.7723935674638189
374,-0.9126870336852944,0.9383973182795813,-0.5183268913283452,0.27339760048281536,-0.1030442790278101,0.9459678857655571,0.5121204341520045,0.3849857861613526,0.681907373814743,-0.48527635853569584,0.5594819307642842,0.520813683048027,0.04632537886679389
375,0.5439124759956222,0.30576988650060777,0.5428535382076463,-0.9241893184965875,0.3996928637960946,0.020888239053778124,0.6401411189878541,-0.12028859019055571,-0.38266725195913986,-0.0009103419860585493,0.20566371425716534,0.2413221216561019,-0.8239260627739984
376,0.9150904404608518,-0.9152681020191913,0.5491753730857882,-0.17762339104875702,0.8871176508737089,-0.16430690736185438,-0.5668155291340218,0.2094643831682248,-0.8471101521409485,0.5933608350995256,0.9371017058415139,0.13729793896114284,0.5298685191501629
377,0.15477596014571393,-0.1684352631270698,0.6331930107821473,0.8987093736624798,0.6112211965281624,-0.42441555077090753,0.10345547137828404,0.6035299900953208,0.8850593559220479,-0.9928219953372628,-0.4214614613503964,0.21690950408104914,0.5499459025280169
378,0.6469273310749442,0.14672341346885376,-0.754095099890461,-0.744172535261183,-0.30438913745414076,-0.7828274720670907,0.9590765574863853,-0.3248248060396943,-0.9027068725834066,0.7599641437331388,-0.247826129260867,-0.25002726190288094,0.5951441005558928
379,-0.35613942887220595,-0.35723893594008005,0.9829276953445647,-0.8019297357686404,0.7985126609767925,-0.6156791585937242,0.8724848776586802,0.7324694932689622,0.48124713078410086,0.4238017624729513,-0.4219768353630535,-0.5346581528995085,0.2241707766694776
