,0,1,2,3,4,5,6,7,8,9,10,11,12,13,14,15,16,17,18,19,20,21,22,23,24,25,26,27,28,29,30,31,32,33,34,35
0,-0.24771340148873588,0.8414279999164687,-0.2075377992578924,0.6733156443711368,-0.5568814568299905,0.0712888680716599,0.328887015440662,0.667628189083995,0.9148898239134386,-0.5425428477229461,0.36609982220409587,0.5018976510389428,-0.09125195391146756,0.7220630117728875,-0.6013974331408181,-0.013392624064712644,0.7518106374636904,0.7499402199945475,0.1576799731371996,-0.3633072397340029,0.21340115372690383,-0.6581387724121046,0.6032342953217578,0.5694735657786376,-0.6352009193305854,0.7567942461756509,-0.6080917032198923,0.4968964113727077,-0.5646193914421851,-0.8549539726983946,-0.3177432414366055,0.6582199358375549,0.0562511636171501,0.5871703724533792,-0.961334885979036,0.9478986167403749
1,0.6886650152138536,-0.5521544898170629,-0.15728509844371108,-0.8443751557109616,-0.3864381151493892,0.18513154935412857,0.96513294591303,0.4177335494208705,0.5135853333392206,0.024314905744395654,-0.17324334782246242,0.17622246698310717,0.08983372947321056,-0.9865019139147071,0.8548156367074184,-0.3217311503083746,-0.49071391010156473,0.7370761437212825,0.504628015724804,-0.4239249679445103,0.46750674698337313,-0.7461475880243873,-0.9760502235075426,-0.7191698743010049,-0.9720375775435557,-0.45254388574749793,-0.01647919082473659,0.897189183813129,0.8067707184284678,0.5841551484544074,-0.8641458850478074,0.8107087305256382,-0.5375022054113796,-0.28734598566717495,0.9268325293145026,-0.3504925182501497
2,-0.24771340148873588,0.8414279999164687,-0.2075377992578924,0.6733156443711368,-0.5104026683752969,0.0712888680716599,0.328887015440662,0.667628189083995,0.9148898239134386,-0.5425428477229461,0.36609982220409587,0.5018976510389428,-0.09125195391146756,0.7083316329922125,-0.6975550986545593,-0.013392624064712644,0.7518106374636904,0.7499402199945475,0.1576799731371996,-0.4114446791142574,0.21340115372690383,-0.6957728783629515,0.8753521542488931,0.5694735657786376,-0.44183678424428185,0.7567942461756509,-0.6080917032198923,0.4968964113727077,-0.5646193914421851,-0.8549539726983946,-0.35955624297481914,0.6582199358375549,0.0562511636171501,0.5871703724533792,-0.961334885979036,0.9665289637727406
3,-0.06297082669441512,0.052411347012214726,0.6134092552917363,0.30322709501761125,0.5584771035277301,-0.9913605033554014,0.5249461741917449,0.9388009388730834,0.8487356357580897,-0.40904964484425976,0.9611240667530012,0.39386420181365356,-0.5807240302147969,0.9986867040969252,0.33891569541834654,0.1565319128167475,0.21408631453872395,-0.8942966549424245,0.5635338094538997,-0.8203609542988173,-0.5883308858158911,0.10000163212110835,0.20146708864412788,-0.12694226321470814,-0.852354453819139,0.0029070189906306165,-0.3585020885914496,-0.6002873894989778,0.7608407971138755,0.11563279173161312,-0.3214387994805419,0.38648199864815713,-0.4746663292821618,0.7690957981658513,-0.16093069021908524,-0.43083485238367314
4,-0.1044798120933037,0.9601931473276801,0.4691279292565267,-0.603361925633811,0.781455580536802,0.033713547895807716,-0.7209097339045307,-0.5665079871274543,0.42383570679248517,0.5423499650499903,-0.8113792505535358,-0.6158705881182078,0.516743598056536,0.2763716964682914,-0.7010504471428236,0.7514448000847342,-0.9992449858937154,-0.3595062486879119,-0.0922555519425321,0.6886627300440467,0.26672461024477956,0.46307006661933614,0.802341403703815,-0.786194532509914,0.934805088185775,0.421241864592125,-0.6737252666924038,-0.30758380240474126,0.055308065136109974,-0.7937548248775161,0.500705629562948,-0.8546548319817278,0.11181555130301501,0.7568796906812059,0.4351717999308393,0.6638579305722903
5,0.7262393368214861,0.9508594084992819,0.3043241497229763,0.16086903035919287,0.3912375573290048,-0.06530425995659828,0.5342836622922544,0.32948952943732746,-0.6381995259617921,0.5121663553420368,-0.14440461109082658,-0.3695586058296756,-0.020444100574456225,0.8114269107765735,-0.14700511885549306,0.03122264615767656,0.8139741273735381,0.5550540840387419,-0.4568308674724231,0.6901569846897828,0.3766469201409868,-0.15690720510091216,-0.0759640497055929,0.44165686081921884,0.20614505711251097,0.39907748156210165,0.80539128992355,-0.701870302057543,-0.16493749341258668,0.05711302452003131,-0.03567381333849973,0.46438179084134434,0.23754354416429102,0.25555005560455,-0.8552635733879983,0.9854140453514355
6,0.5616165009477714,-0.6019110214087722,-0.8528744250434386,0.44831030449167186,0.26411720182142173,-0.762026442139706,-0.928011672904995,0.0467288716273353,0.06361077333164111,0.9097485619271497,-0.6598625957426345,0.1090373219637637,-0.1864506410003206,-0.5383792719010516,-0.06803084887834565,-0.24340004413270777,-0.6815553848489468,-0.4590952059489146,-0.39121817776177603,0.9262573721760525,-0.6818527560070466,0.34044589714754037,0.28277263535104713,0.4896726754976526,-0.2500035692886702,-0.5404465871179549,-0.6713702048702059,0.681926097174842,0.3584858283280312,0.43838017036835164,0.4588168281043228,0.5619432711445205,0.9201617204425157,-0.2703741214040949,-0.9547127190259135,-0.5594739885641886
7,0.8414929563973761,0.08387495178955318,-0.83350338445769,-0.2535079214559188,-0.8283278236769052,-0.19548327331893223,0.3854793472709692,0.14759840665473822,-0.31274662227459293,-0.24577092273563372,0.5635266683518969,0.8550609686759898,0.14411340247243842,-0.1287526335131819,0.09276736103337369,0.9289014899936723,-0.6503391929067501,0.28094413355265635,-0.38403931746755626,0.07801888160834558,0.7240334791848089,0.5691397845772015,-0.6216374527437374,-0.6361071279606207,0.41408289518289076,0.1702223939743599,-0.6695752106570256,-0.01853200712054015,-0.7070032850234178,-0.683503549789529,-0.5441797914510929,-0.2707347765243444,0.3969419299478314,-0.9286453396929755,-0.18893705312856324,-0.8897250421905314
8,-0.13615708151240313,-0.6511936182495615,-0.5303170785650875,-0.07876877527528037,0.22775705031980586,0.9831399117142559,-0.6050642634796333,-0.0026143543971925975,-0.14365223244848124,-0.4157792639729687,0.7859482028412559,-0.2601989680599375,-0.3752773641904137,0.643257454254665,-0.15618083367717972,0.6321182964356538,0.38698610658902277,-0.2784200621500392,0.5396385586988817,0.1257453575159999,-0.0709444308349978,0.33977924538098936,0.7425646562133268,0.038780814717409795,0.7586898591883724,-0.37595238479021154,-0.8519644866098179,-0.9436293423970379,0.7825608584441719,-0.4376295534448007,0.4110023295864633,0.8335580109447354,-0.569445919192666,0.33167255020802133,0.44684402717857585,0.5616426723683905
9,-0.7703509334357019,-0.5370414226551694,0.5305050181531823,-0.37275364291039215,0.849145573841569,0.21820223648434367,0.39713463556847706,0.6838307463377251,0.4517877812216049,0.4352333632764187,-0.2809721910077916,0.9955578339495814,-0.05163622997717221,-0.2789506988937349,0.3119794205968094,0.24697776390309767,0.5458885725760989,-0.9126438579742024,0.007259379211260075,0.944398038959922,0.6146897388024757,0.5341235810668441,0.5369089461180783,0.8322972289506239,-0.4223638537227534,0.06758777906520663,-0.38173477406757916,-0.36341459713573165,-0.336431289007737,0.688556379855954,-0.23088214181718691,0.9501327387376142,-0.3039778361862555,-0.13214094035343305,-0.8790168681012638,-0.5102434199110475
10,-0.06297082669441512,-0.08076134493802467,0.6134092552917363,0.30322709501761125,0.5284391287625483,-0.9913605033554014,0.5235840501772566,0.9388009388730834,0.675804916275677,-0.3698392354485762,0.8461614514641902,0.39386420181365356,-0.5807240302147969,0.9986867040969252,0.33891569541834654,0.1565319128167475,0.2546269446530254,-0.885430331086926,0.4965834310491817,-0.8203609542988173,-0.5883308858158911,0.10000163212110835,0.20146708864412788,0.05628176746869462,-0.852354453819139,0.0029070189906306165,-0.3585020885914496,-0.6002873894989778,0.7158654638126623,0.11563279173161312,-0.26766435663748855,0.38648199864815713,-0.4298756155405541,0.7690957981658513,-0.16093069021908524,-0.3196051380564986
11,0.6804466285053523,-0.7901002282121938,0.8662550277727834,-0.22164702308584938,0.9829126214485497,0.09922571347230047,0.4700711963670481,-0.5988618018115992,-0.013245199385347073,0.8221928940039067,0.5994618920990866,-0.24354166756278173,-0.2741455500242842,0.3714573852364442,-0.42860864234147544,0.8405755612448427,-0.9709218361311331,0.6536762861598178,0.5235700298700019,-0.1232395175577583,0.05930916507977435,0.6056441331580689,-0.031644744461816865,-0.18228541967749345,-0.9996290811333399,0.6406059905917876,0.3958665338415128,-0.6798267714643458,-0.9436800327079116,0.08609161828679901,0.9839479048704673,0.48157902486949955,0.25657054651076483,0.24155609554733215,0.7526242441134432,0.7573610634164176
12,-0.008568676973868428,0.9076919895423252,-0.5654405876949689,-0.27270826686527583,-0.21620504895272563,0.4265927437668673,-0.7836996914078915,0.8677130315660926,-0.8561782218952485,-0.11779046334000332,-0.41381054439769893,-0.06817693999082564,-0.6614959558453459,0.8181274655939859,0.38565145332546136,-0.17842082346416488,0.9159530254436863,0.31754325419153684,-0.145893855325415,-0.031745213424099195,0.21510582139880752,-0.7434404628640614,0.9545280162742793,-0.48183528159480904,-0.274518296470069,-0.8117150233132906,0.40508774246238377,0.027913773920738905,0.8881364697135361,0.5220025317204591,-0.47929899889887717,-0.9238129857484381,-0.6882632634860901,0.21294865469033097,-0.7055264904859262,-0.012998046334907754
13,0.22534535603246808,0.9479624770872406,-0.5654405876949689,-0.3623810796375755,-0.21620504895272563,0.4265927437668673,-0.9395878999859439,0.8677130315660926,-0.9416821246758307,-0.3421833541008492,-0.24158631652515905,-0.06435927042345169,-0.5326362057775704,0.9709133780748529,0.38565145332546136,-0.17842082346416488,0.97385390538523,0.29194779762558265,-0.145893855325415,-0.24506643357654911,0.21510582139880752,-0.6317308062023059,0.9545280162742793,-0.48183528159480904,-0.12213220303682171,-0.8117150233132906,0.40508774246238377,0.027913773920738905,0.8881364697135361,0.47452153453983437,-0.47929899889887717,-0.9544679547459085,-0.7544718455413337,0.23998681029505042,-0.7055264904859262,-0.050307277167767506
14,-0.24771340148873588,0.8414279999164687,-0.13795161783875898,0.6733156443711368,-0.5568814568299905,-0.054836062302664246,0.30299537060325754,0.667628189083995,0.9148898239134386,-0.6064359091081493,0.29019701124793396,0.5018976510389428,-0.05028509468661002,0.717524062953917,-0.6013974331408181,-0.013392624064712644,0.7518106374636904,0.6704942773536158,-0.01139550758383745,-0.3633072397340029,0.21340115372690383,-0.6581387724121046,0.6032342953217578,0.578462394066152,-0.6352009193305854,0.7567942461756509,-0.6080917032198923,0.4968964113727077,-0.5646193914421851,-0.7831849061555816,-0.12650608121033913,0.6582199358375549,-0.03627768485087546,0.5871703724533792,-0.9330531726887714,0.9346629132063133
15,0.849527678509175,0.4638446754771708,0.832666824937768,-0.16321118249882005,-0.8828817720227484,0.222458115150014,-0.36707057877597915,-0.14197379674894384,0.7690872430979392,-0.27087410175034954,-0.0426667118970796,0.7427172125758248,-0.35285868132572906,-0.7838613521602256,0.7043634250757811,0.7526564363746264,-0.9443352540928884,0.8832402693282653,-0.10286481497752087,0.39794836245239606,0.5139835345751491,0.17334227920477674,-0.9048210226651885,0.1746986792541807,0.2826171703945022,-0.985182528754706,-0.43167452935700146,0.021625990813505913,0.5471468972083116,0.7203073273805849,-0.4195159859561053,-0.5110420698006695,0.15795813840991335,0.8510374552893953,0.5949751832699344,-0.2697769092632858
16,-0.7598130506248466,0.1718043596597434,0.22749156832279138,-0.24741404606998163,-0.557640102695657,0.3453282469629859,-0.3789487681475847,0.09202329740802906,0.7723855908949753,0.08467497038179905,0.4987061109391997,0.17424889995959325,0.2286845185607329,-0.7608494761988742,0.8158850582138193,0.41525534092874605,-0.4977279982274905,0.9852793910667048,0.5118173711275071,0.3114731060477127,0.987217899452218,0.3722959006311639,-0.6625348673767772,-0.38804412243893727,-0.0028119835844453434,-0.0029416458973914317,0.9209860453333598,-0.7427017481209772,0.2912449123314633,0.5907206356187145,-0.4745538962363858,-0.16740984433352657,-0.9249001303228668,0.07362952924420418,-0.40039947662979913,-0.38096184360281193
17,-0.1844574001027921,-0.7949278130762834,-0.9928846579613617,-0.7036447169342737,0.7531734225124231,0.22403457780459957,-0.21870829428508598,0.7512748901170911,0.7009699688425175,-0.8262273163322615,0.6927457959862124,-0.6200482219398173,0.2066242939155345,0.8130414332653721,-0.009540108267633407,0.2770799085802076,0.8217273393375328,0.9329131371250232,0.40335294049686965,-0.7115996228340715,-0.0502232138733818,0.07777950481580254,-0.6939145607205499,-0.46905683729596803,-0.9206733154766884,-0.8500873253778514,-0.5342088691470732,-0.05836242424194005,-0.8457005986667971,0.15659981586629113,-0.013205150866703708,0.47963289706122825,-0.1376477474727753,0.4082475087350703,-0.9550099551899576,-0.6343654381740305
18,-0.8265974191433005,-0.3596026244108239,0.002498169547495044,0.8410256824660944,0.3639193967405856,-0.30311322883380964,-0.6989954291461431,0.05285504471032754,-0.8727413266594075,0.21364450058259132,0.774675581371167,0.41665297850355465,0.3161497863707965,0.8272746930604018,-0.2880003491523151,0.6085486294901701,-0.6743872687583741,-0.13971687047385895,0.48675125520914575,0.07698136585032134,-0.6504143121437433,0.916114220208212,0.20560755353341675,-0.8809490530373563,0.15247559340072336,0.09095231444098384,0.3684791939015801,0.1999511396870599,-0.3621793649936458,0.07440476043361777,0.5728495795416038,-0.42771048915337917,0.628411376916252,0.19798889363274985,-0.32457473101359247,0.7830758433510407
19,-0.7584165653304358,-0.40327140892249824,-0.5077264435413675,-0.41158598385171574,-0.46130304462682137,0.8202822674347492,0.16560528100526128,0.968294772435794,-0.3335999614678833,0.6265221774539891,0.8016229218393813,-0.18992063993103758,-0.20155873293733295,-0.16192622913236754,0.5309594027631057,-0.3602806249645001,-0.744997003751914,0.952238138764415,-0.042075949785420175,0.5936554697861982,-0.6932327818292474,0.29914964455947546,-0.833632882620589,0.25238527932897403,-0.5599480860775723,0.9835667565727579,-0.6732141422209592,-0.7843396984234634,0.2818877553029655,-0.6816003356291489,0.6328735801243317,-0.00812943604327332,0.93630018951755,-0.700173475943243,0.8974438929320958,-0.5714319763266196
20,-0.14096988709158742,0.17854877018431892,0.2580525402276779,0.5597117962057419,-0.44993727197957156,0.6400589410838113,0.6169198710786483,-0.8399236217895478,-0.7144976892179431,0.5545473774409939,-0.16060233936203194,-0.911679902815967,-0.3182251665902458,0.5489466734177679,0.5566000091876875,-0.5601037820796808,0.3734779268393058,0.5633548589084934,0.7784198584336066,-0.9334235232785579,0.9606118148300082,0.27297823543605837,-0.29710463613575944,0.11294377383755116,0.9803156699915767,0.6891370027223547,0.1641562586916736,-0.3656541741937889,-0.4836291881271566,-0.8577184591356624,-0.04986574410462219,-0.42248448540048833,-0.11648728369707184,-0.7061430763745387,0.8769570169264893,0.39475419076811935
21,0.7275148549390331,0.7297747381337476,-0.5993712589088429,-0.017384339551091976,-0.9589451389816075,-0.31559163132052936,0.7866465925723081,-0.47769653356315755,-0.7142553778016767,0.4897763747024064,-0.11123050955564806,0.686694767657354,0.13938721134122845,0.33225666930890485,-0.34291012238148855,0.6515196128498366,-0.22456911766522913,-0.22437799415859372,0.7011273448551798,-0.1062376471434261,-0.7990899079821114,-0.08219258596358081,-0.6706671987742723,0.12360106000870119,0.1064547111921974,0.41674827233863687,0.63961731253831,-0.9126523804007947,0.827774149093127,0.5795475720666086,-0.15252626121396662,-0.7289963259260457,-0.9951667500057393,-0.1921970410246585,-0.19339582282875245,0.869821789384682
22,-0.8402944794234055,-0.3596026244108239,0.002498169547495044,0.8410256824660944,0.3179657092427335,-0.30311322883380964,-0.6989954291461431,0.05285504471032754,-0.799561520666018,0.21364450058259132,0.7795707382832773,0.4470274179590581,0.3616697362665149,0.8273109752356473,-0.29516997928678324,0.6085486294901701,-0.6743872687583741,-0.13971687047385895,0.8595622774224805,0.07698136585032134,-0.6067332236375089,0.9197337074953962,0.20560755353341675,-0.8809490530373563,0.06010661326028144,0.11565703413122752,0.4103082381054224,0.1999511396870599,-0.43816424899641104,-0.036092314993712016,0.3860360687439519,-0.42771048915337917,0.628411376916252,0.24429109350414957,-0.32457473101359247,0.7853723667680643
23,-0.1044798120933037,0.9601931473276801,0.4691279292565267,-0.603361925633811,0.766562535224778,0.033713547895807716,-0.7209097339045307,-0.34673127672645543,0.42383570679248517,0.5423499650499903,-0.8113792505535358,-0.6158705881182078,0.516743598056536,0.2763716964682914,-0.680859830835272,0.7514448000847342,-0.9992449858937154,-0.3595062486879119,-0.0922555519425321,0.6208101490606599,0.26672461024477956,0.46307006661933614,0.802341403703815,-0.786194532509914,0.9189363861975341,0.4622628190011573,-0.6737252666924038,-0.41991639465385755,0.055308065136109974,-0.7937548248775161,0.500705629562948,-0.7695206395706564,0.4820159050608841,0.7568796906812059,0.4351717999308393,0.6638579305722903
24,0.5510933725368152,-0.9894393792007212,0.28254436955909656,0.5720638515685348,-0.985937126641256,-0.10450664325656223,-0.4221703426576182,0.2344514714868433,0.7017625161361274,0.5958945021562108,0.33207201667585284,0.12220291376905501,-0.7730496430881693,0.4464131253125485,0.2730985161949717,0.20888984983976422,0.8809740331100997,0.8035318833400802,0.12965766994867356,0.10256790590110554,-0.35359223775197357,0.3902489368204398,-0.15872052731109343,0.31106457759199935,0.9280698193897075,0.1436019920548992,0.9702176729098613,-0.34944035941245555,0.29336071496752014,0.23712420170628112,-0.910171294264182,0.09817288905321808,-0.3368983760465336,0.3956988229207461,0.3794313820670674,-0.5713661718459901
25,0.6804466285053523,-0.7901002282121938,0.8662550277727834,-0.22164702308584938,0.9829126214485497,-0.060688211019519045,0.4700711963670481,-0.5988618018115992,-0.013245199385347073,0.7696657391106332,0.6267934879433048,-0.24354166756278173,-0.2747223400664509,0.3714573852364442,-0.42860864234147544,0.8405755612448427,-0.9709218361311331,0.6536762861598178,0.5235700298700019,-0.1232395175577583,0.08591202520029362,0.5803833717515647,-0.03238838957583878,-0.18228541967749345,-0.9937732133403694,0.6807513038948056,0.3958665338415128,-0.9550722285736175,-0.9436800327079116,0.10520131678533384,0.9839479048704673,0.48157902486949955,0.11493051143973232,0.24155609554733215,0.7526242441134432,0.6917401912759746
26,-0.6696546600813411,-0.8014579221353033,0.41370926793558405,0.7624049449784929,0.5970415464686567,0.5949861673207479,0.30361613680498234,-0.12951378650633516,-0.8465843782364704,-0.41156353688150427,0.6124600102583777,-0.658842198050444,-0.35609686914006433,-0.9157380620142757,-0.2917188897145506,-0.16770900942873723,0.029636535659412377,0.25692138022021616,0.7372298666361516,0.033569277008715925,-0.13284476844195048,-0.3871172379717882,-0.765574114435184,0.4675825710531807,-0.5203179606451709,-0.213450567741299,0.3912308719060511,0.9608840889901582,0.7008113423730977,0.7184453589171198,0.6734132970986879,0.3634883966369331,-0.6878423363905888,0.4556567088677481,-0.1614645659230627,-0.13584150887499158
27,0.11137132914074677,0.9668732714735997,-0.9975589108954328,-0.05736530893701519,-0.9580430283090391,0.8061996619865264,0.9788765109524957,-0.28018349653208663,-0.44762337231853055,0.4511584704117464,-0.575466438408049,-0.9110824124881003,0.3763206763096769,-0.24130281103772222,0.5714723997070086,0.48270668157569996,0.9176165248324477,0.020030081697071322,-0.9704735189513027,0.41596709513652463,-0.8079500787649074,0.06833191635171665,-0.2812818879320258,0.25273073208832786,-0.6009103970319465,-0.18933809271426227,-0.016658302123712332,0.7379729636999688,0.32797488561633514,-0.13404143039302174,0.5808308090204379,-0.10344181369114502,0.7273925779199366,0.09563192911731178,-0.367801099427862,0.8785588555602466
28,-0.8265974191433005,-0.3596026244108239,-0.17211809504950581,0.8410256824660944,0.4832514506423906,-0.30311322883380964,-0.742958986420283,0.05285504471032754,-0.7327846825183233,0.4395807026143377,0.8609516862199418,-0.026624777698078583,0.27228557185903,0.8272746930604018,-0.2880003491523151,0.6085486294901701,-0.8507245781395956,-0.12572623684576834,0.48675125520914575,0.07698136585032134,-0.5116267035906599,0.9715088554532074,0.20560755353341675,-0.8809490530373563,0.12139670348094556,0.09095231444098384,0.3684791939015801,0.12156136694774311,-0.43816424899641104,0.07440476043361777,0.2698967995259818,-0.42771048915337917,0.26106387129534214,0.4524006279573327,-0.49928459576436257,0.8237609019996304
29,-0.7194385085978359,0.11751735090896576,0.2484479224750613,0.2755930461086624,-0.3571839901536269,0.25675182149205145,-0.49226918884241644,-0.9707974467757674,-0.7447256539752272,-0.23179353322328056,0.3240063392997117,0.5934876979393768,0.11388263139952404,0.4947218565197886,-0.32962223903421095,0.6745500442625203,0.39532824294818925,0.36474039410389847,0.10197572871478311,-0.18117800945631757,0.6497288872633149,-0.4956136483025291,-0.48188395275785334,0.063608769411027,0.9952460939263672,-0.5913890594164137,0.6489677134180176,0.05904824914951101,-0.08938425613476264,0.7285568120781445,0.9018982322969353,-0.11321218693769342,-0.18449604441971013,-0.3404432858955915,0.6394231065449525,-0.878136342262702
30,0.9501899831809599,-0.5399334006767449,0.36297188012706116,-0.5609954548884724,-0.29305279421233243,-0.08433150394387856,0.2983762428827368,0.04368015615613796,-0.5405144212249731,-0.1925774560607234,0.7634819044137202,-0.6158893314400193,0.15424213610511162,-0.2534525433522439,-0.6251734567769915,-0.911024343437705,-0.6524529002280259,-0.9169328137273864,-0.3914127260202718,0.31514859891764013,-0.0609902774745299,0.8721861612868542,0.014018207396738758,0.7702181547057922,-0.3580704183061103,0.580193285156966,-0.7126840828171752,-0.5897245246773148,-0.5456270534395022,-0.24205667726737512,0.8458281631971576,0.7520484814975212,0.5121923489124138,-0.22202471752614472,-0.7457342999016079,0.029132245904736287
31,0.5706178683462793,-0.27090521031809534,0.04828172013717835,0.1847089670368529,0.03340103338076106,-0.22859160164411674,-0.38009191856403657,-0.5605184602715441,-0.5419733892226535,-0.7440309918270416,0.2685405925389788,0.2564394168556914,-0.2734232892927695,0.039153011153046924,-0.6711890632105417,0.18001982759468071,0.37379544022026256,0.7079807377533041,-0.6323888870801131,0.16284621398313726,-0.5806740703685671,-0.8872846731887238,0.4155947988611062,0.36706523460487306,0.7065413591009875,-0.08037422822581752,0.5861075990449229,-0.16717375019966885,0.3919456612747545,-0.6996380411315435,-0.43037452665729714,-0.0831629123714337,0.5956820142751951,-0.8263269910631528,-0.5336161582469339,0.05044016000819407
32,-0.48116636950051594,-0.22332806942763717,-0.12566231037549103,0.24898026494335657,0.1072965748994239,0.07784795283086665,0.3434774180623428,-0.9278943027459268,0.0994356889759469,0.956244018853615,-0.12237530464215007,0.4333745795722561,0.03782938316642426,-0.25204648860121015,0.21558611171959763,-0.6093255185561819,-0.252807492115541,-0.38800369963821635,-0.09272794072435664,0.24325650160990175,-0.266243528252295,-0.7823250503124588,0.4304220737714548,0.9805759208907499,0.998549404008606,-0.19806020954462888,0.3173312515906428,-0.7265649129263303,-0.5500072514840002,0.6961816759320838,0.19471496457948057,0.18509981704728085,0.9917112929370906,-0.8767535188894122,-0.5198086887386328,0.8530694412506292
33,0.9309307538658138,0.24962933366417306,0.7124600185921295,0.9021842147716288,-0.5359340110546451,0.925721051409423,-0.3742533981608278,-0.8248845432832159,-0.9013543210492794,0.05530739964788456,0.1328974549821531,-0.19907324952977978,-0.3184248779105845,-0.8921273449659828,0.0625303482731776,0.09949358469287706,-0.7153619093795762,-0.14210077999602277,-0.5743855349361211,-0.3681412582235122,-0.8507262912675875,0.09648016981075913,0.8518300713929643,-0.6865203204031827,0.3668058092367572,0.7253804972868276,0.18503227634137276,-0.797609921841969,0.059436124470788165,-0.6421391861761037,-0.6144571850641223,0.40160933765519613,0.24119110248440445,0.8429823005782178,-0.03548660852046881,0.9204049526072233
34,-0.14096988709158742,0.2365934028331096,0.2580525402276779,0.41486492945441356,-0.44993727197957156,0.4759242873145555,0.6169198710786483,-0.8399236217895478,-0.7144976892179431,0.5545473774409939,-0.05925597566343388,-0.911679902815967,-0.3182251665902458,0.4976502079146581,0.5566000091876875,-0.5601037820796808,0.3734779268393058,0.5711140969467816,0.7784198584336066,-0.9334235232785579,0.806554510299955,0.24354422556786748,-0.29710463613575944,0.11294377383755116,0.9803156699915767,0.6891370027223547,0.08125265027211759,-0.5980687427225018,-0.42621729714056045,-0.8577184591356624,-0.15377930897227943,-0.42248448540048833,-0.1213700319540727,-0.7061430763745387,0.7794557735587104,0.4803161328493242
35,-0.4366630241653353,0.8765120276189278,-0.23020492117037472,0.6733156443711368,-0.6669496392271308,0.16415352650711457,0.11886752720695104,0.6632221750545948,0.894734069315622,-0.6538824810433912,0.2424408482671463,0.5018976510389428,-0.09125195391146756,0.7220630117728875,-0.6054328827530557,-0.013392624064712644,0.7518106374636904,0.9058397800545015,0.16246072754636498,-0.3633072397340029,0.21340115372690383,-0.6581387724121046,0.6032342953217578,0.5641212475399069,-0.6352009193305854,0.7567942461756509,-0.4545849804545472,0.4968964113727077,-0.5776149580428149,-0.8549539726983946,-0.3177432414366055,0.6582199358375549,-0.03636030059287587,0.5871703724533792,-0.961334885979036,0.9478986167403749
36,-0.7584165653304358,-0.40327140892249824,-0.5077264435413675,-0.41158598385171574,-0.46130304462682137,0.7687091173228027,0.16560528100526128,0.968294772435794,-0.5749926798089557,0.5806065579665749,0.8016229218393813,-0.18992063993103758,-0.20155873293733295,-0.16192622913236754,0.5309594027631057,-0.3602806249645001,-0.744997003751914,0.952238138764415,0.26717273488788074,0.5936554697861982,-0.6932327818292474,0.29914964455947546,-0.9057635846300032,0.19269778899145096,-0.6206976265819968,0.9901367940387782,-0.6732141422209592,-0.7843396984234634,0.2818877553029655,-0.6816003356291489,0.705821927237775,-0.00812943604327332,0.93630018951755,-0.7249645064137369,0.8974438929320958,-0.5714319763266196
37,0.7275148549390331,0.7297747381337476,-0.5993712589088429,-0.017384339551091976,-0.9589451389816075,-0.31559163132052936,0.7866465925723081,-0.47769653356315755,-0.7142553778016767,0.4897763747024064,-0.03268920371407735,0.731505468229456,0.13938721134122845,0.33225666930890485,-0.34291012238148855,0.6545828629287944,-0.22456911766522913,-0.22437799415859372,0.7011273448551798,-0.1062376471434261,-0.7990899079821114,-0.08219258596358081,-0.6706671987742723,0.12360106000870119,0.1064547111921974,0.41674827233863687,0.63961731253831,-0.9126523804007947,0.827774149093127,0.5795475720666086,-0.15252626121396662,-0.7289963259260457,-0.9951667500057393,-0.1921970410246585,-0.19339582282875245,0.869821789384682
38,-0.5322844594136276,-0.46178810922195357,-0.24318889015132084,-0.5732861108454936,-0.7195637354343845,-0.9563410247012529,-0.11483488300263711,-0.16007433609341715,0.3944740782217431,-0.12588932867443958,0.8131043193721355,0.4205124164771177,0.8118809123583934,-0.8094561818533348,0.05182933412798296,0.5083265923344551,-0.48764135643549245,0.015759017690219368,-0.8543466373391133,0.9051269166809639,-0.4269114907697351,-0.2534843971625216,-0.4796454310119185,0.2619299684882943,-0.5523967488508039,-0.31437823701171363,-0.6879386291136056,0.19935341592484024,-0.43154394906212046,0.46964923054757124,-0.19790816758526097,0.3975908224755369,-0.6810404224990194,0.8019024242314214,0.8237334033304171,0.6241433313011675
39,-0.1044798120933037,0.9606164046218448,0.4691279292565267,-0.5927925633450966,0.8753860507733391,0.17677829025992642,-0.7209097339045307,-0.5665079871274543,0.3952114165140441,0.5423499650499903,-0.8113792505535358,-0.6158705881182078,0.18469603572293214,0.35420749537859253,-0.7296536751850691,0.7514448000847342,-0.9948556943350342,-0.32043493490950437,-0.0922555519425321,0.6736045958260031,0.26672461024477956,0.46307006661933614,0.802341403703815,-0.786194532509914,0.953238236189605,0.421241864592125,-0.6737252666924038,-0.25813605265702133,-0.2610932221457727,-0.7435728205182279,0.500705629562948,-0.8546548319817278,0.09887114513964801,0.9235059015450537,0.5788693879614855,0.6638579305722903
40,0.9312131001272466,0.3226995066148133,0.7540294754714463,0.9130851461296081,-0.6222343845609599,0.852796220916239,-0.2831041029100638,-0.8025830640751677,-0.9013543210492794,0.05530739964788456,-0.0005125508637382481,-0.19907324952977978,-0.3184248779105845,-0.8186942924280303,0.0625303482731776,0.14792157814786333,-0.6697917430942788,-0.2144726966897732,-0.5743855349361211,-0.390278678411774,-0.8292049691088064,0.13294925889404996,0.6052876974809602,-0.6673342091060714,0.206720813877169,0.7212872667583652,0.1198221807601112,-0.6908548355862927,0.0642512181158652,-0.6529470072560168,-0.6144571850641223,0.40160933765519613,0.24119110248440445,0.8254821228451206,-0.03548660852046881,0.9176968911309622
41,-0.1044798120933037,0.9601931473276801,0.4884633492368571,-0.603361925633811,0.7676041022618831,0.030113578783953043,-0.9447361609998819,-0.5665079871274543,0.42383570679248517,0.5423499650499903,-0.8113792505535358,-0.6158705881182078,0.516743598056536,0.2763716964682914,-0.7010504471428236,0.7514448000847342,-0.973662121998379,-0.3595062486879119,-0.0922555519425321,0.6886627300440467,0.26672461024477956,0.5259222971121567,0.836013958363973,-0.786194532509914,0.934805088185775,0.421241864592125,-0.6737252666924038,-0.3157008375996686,0.055308065136109974,-0.7937548248775161,0.5582536768733874,-0.8546548319817278,0.16509949286837866,0.7568796906812059,0.4351717999308393,0.6638579305722903
42,-0.3650636952086048,0.2528278214744566,0.2580525402276779,0.5483965329009708,-0.44993727197957156,0.5400362555561276,0.6169198710786483,-0.8399236217895478,-0.8209256085645498,0.5545473774409939,-0.05925597566343388,-0.911679902815967,-0.3182251665902458,0.4976502079146581,0.5566000091876875,-0.5728877971283419,0.3734779268393058,0.5711140969467816,0.7784198584336066,-0.9405648232042922,0.806554510299955,0.24354422556786748,-0.29710463613575944,0.11294377383755116,0.9803156699915767,0.6891370027223547,0.08125265027211759,-0.3656541741937889,-0.42621729714056045,-0.8577184591356624,-0.15377930897227943,-0.42248448540048833,-0.11648728369707184,-0.7061430763745387,0.8769570169264893,0.4803161328493242
43,0.7796045906002265,0.9778066751992289,0.2435103711296258,-0.6644282624360507,0.957611300651652,0.22658955521124557,-0.22060453792808765,0.17653259300947766,-0.5750138862927667,0.06377299688315152,-0.9770733153064506,-0.23315599346132299,-0.19936645082614102,0.01179077525956096,0.9240721568313075,-0.3158218366362031,0.16357625704689172,0.796591220849078,0.8510563631726096,0.7933178341662885,0.3900913457559416,-0.46812227010017815,0.0038830432465850606,0.8456291335602109,-0.3945669691251472,0.03031975771588269,0.8908954658090649,0.6177116294083145,0.6581702445580595,-0.7087845809150053,-0.0682636492880635,0.09076659584192637,-0.32168201321185896,0.2224777989449762,0.008855639683660987,-0.24239664062043031
44,0.8172293652838312,-0.1676629985891307,0.296984096695579,0.9412886424789548,0.06263181301037068,-0.06452394986873355,0.5210794148978806,0.5294918076137278,-0.5441788993135803,0.5863993237797647,0.10120187602516895,-0.018377326250704762,0.8776906957254225,-0.37200618725387,-0.2469878001527004,-0.03591776673348712,-0.15975488163084073,-0.5196075068960393,0.999387241467262,0.26008412004303016,0.2659657560501718,0.30930176692994626,-0.3032349269143988,0.7022877950592579,-0.1708275177527545,-0.4209153973460049,0.0345903304649442,-0.23106876641871232,-0.7360146909988214,-0.3909209486193286,-0.24199113850433585,0.45056322148214756,-0.5977124892892978,-0.9973332594750994,0.6989806156410705,-0.19783933402734388
45,-0.05812516302033166,0.2509245032595322,0.6134092552917363,0.30824613539083545,0.5584771035277301,-0.9913605033554014,0.5249461741917449,0.9388009388730834,0.7317679419740497,-0.40904964484425976,0.9611240667530012,0.39386420181365356,-0.5807240302147969,0.9986867040969252,0.33891569541834654,0.1565319128167475,0.21408631453872395,-0.8942966549424245,0.5635338094538997,-0.8203609542988173,-0.5883308858158911,0.10000163212110835,0.18664054450510226,0.04449858480658442,-0.852354453819139,-0.001934846316893779,-0.3585020885914496,-0.9444812685177513,0.7608407971138755,0.11563279173161312,-0.3214387994805419,0.38648199864815713,-0.4746663292821618,0.7690957981658513,-0.16093069021908524,-0.43083485238367314
46,-0.7738048538495703,-0.12707820014168814,0.518585776512636,-0.951104654314048,0.6251474423052001,-0.22595552160542942,0.14987238291372407,0.8328612276867728,-0.5871583149808786,0.9839510188772695,0.9454422309653208,-0.07360453078783014,0.7157853255081097,-0.29228686497491596,-0.1659418959894985,0.678865871555431,-0.505458970474334,-0.09274202111027718,-0.3784721491866019,-0.1510079295493052,-0.26533331167245566,0.5890950553888874,-0.7403340391066446,-0.792308544876325,-0.7533850028938007,-0.22131288147850703,-0.11764399641876366,0.575026788861718,0.2406141816113172,-0.42729509341926564,-0.6452355002810901,0.053836146411559316,0.7106788437672118,-0.6987356165379344,-0.1508271418525624,-0.16904170739588475
47,0.5897510152811287,-0.5882029913853211,0.8662550277727834,-0.22164702308584938,0.9829126214485497,-0.01651129189777345,0.5206512878713072,-0.6972242103726287,-0.013245199385347073,0.8221928940039067,0.5994618920990866,-0.24354166756278173,-0.2741455500242842,0.3714573852364442,-0.42860864234147544,0.8405755612448427,-0.9709218361311331,0.6536762861598178,0.5235700298700019,-0.04749876932233388,0.05930916507977435,0.35290011477623207,-0.03962099976875,-0.18228541967749345,-0.9996290811333399,0.5775355545508059,0.3958665338415128,-0.6798267714643458,-0.9436800327079116,0.08609161828679901,0.9839479048704673,0.48157902486949955,0.25657054651076483,0.24155609554733215,0.7526242441134432,0.7573610634164176
48,-0.7285725406185264,0.976494609256076,0.9997637391004368,0.20009513332932727,0.7780967850500793,0.6974813349151074,0.5215540365568494,0.3388668076768919,0.8805535173704453,0.8074783263831227,0.36997552698675795,-0.722563740926752,-0.3468530647415762,0.9050833237340628,-0.05734565927813029,-0.06888409703949194,0.3696921454801254,0.46882219880799414,0.7983436859898803,0.261282503702883,0.8947720880788426,0.3376981128717653,0.42418818284708526,-0.9883406933946355,-0.09670479033461787,-0.9435091090649204,0.006298413721330887,0.009163221507021424,-0.137070716904226,0.6662957812072703,-0.044782247466989666,-0.687045132598501,-0.2508088839714335,-0.12019916915385265,-0.0679934956400321,0.12586998692416063
49,0.24687809620200607,-0.08619781051197783,-0.2932280557602509,-0.13222950505450304,-0.942405694730261,0.2974008560388106,-0.16539798299438568,-0.799372294836741,0.9144686483141982,0.44049451047152477,-0.4094850897985429,-0.16209028362430522,0.07454907328097526,-0.20001638999749694,0.05537413505398736,0.9896622011688128,-0.24467726955056524,-0.8486889980135617,-0.9562353175450913,0.24733918252290543,0.47117964775187837,0.325878642342875,-0.8229117064175073,0.2990240729565963,-0.6053738346345585,-0.6960714869969706,-0.9637997619964709,0.24043544957520746,-0.28775707356263314,0.6579122513349243,-0.8006624593570282,-0.3120706489612719,0.9044863766959119,0.15794502376078468,0.4879661912307536,-0.570979062126225
50,0.6804466285053523,-0.7901002282121938,0.7616191076334364,-0.22164702308584938,0.9829126214485497,-0.060688211019519045,0.4700711963670481,-0.5988618018115992,-0.013245199385347073,0.7696657391106332,0.6267934879433048,-0.1713474897261802,-0.2747223400664509,0.3714573852364442,-0.42860864234147544,0.8405755612448427,-0.941645274547352,0.6568255672295333,0.5235700298700019,-0.1232395175577583,0.08591202520029362,0.5803833717515647,-0.03238838957583878,-0.18228541967749345,-0.9240502289121093,0.8328671580653921,0.3958665338415128,-0.9550722285736175,-0.9436800327079116,0.10520131678533384,0.9839479048704673,0.48157902486949955,0.11493051143973232,0.24155609554733215,0.7526242441134432,0.6917401912759746
51,-0.9999098992150535,0.031244326776280085,0.9421138606067354,0.7828535127399427,-0.2179140628240135,-0.3256770503968953,0.8597427864122233,-0.3994127640860796,0.7136458388079632,-0.275572140401966,-0.29662146502993236,-0.26566720374136743,-0.8736925204528503,0.6569617268049164,0.46755516513764483,0.37277066587717766,-0.7179167132100177,-0.2516084434298995,0.7427928601887264,-0.6904823485317915,0.3113835253256132,0.8023021698278712,-0.8270487147200023,0.3998751368785982,-0.058817957614473615,0.760032411618623,0.2295435341241696,-0.35063836949244176,0.2610390278957331,-0.912994561728824,0.9520507544541641,0.5301250906834025,0.914068746278464,0.6635216908982398,0.4230665212618496,0.34149029665635067
52,-0.7715451246325566,-0.4426258621724295,0.6489164014845206,-0.6036900384962576,0.8464510876388898,0.12852469983847814,0.28994490204184786,0.6838307463377251,0.7732665765483373,0.5194197283143458,-0.19172237545205562,0.9944930427463059,0.0018550786795177299,-0.10351096915549651,0.48151962431307904,0.10474665429726637,0.5458885725760989,-0.99349944069279,0.007259379211260075,0.9986386383049835,0.6146897388024757,0.5342607315561763,0.6320298448501642,0.738843878943569,-0.4223638537227534,-0.03253118603058902,-0.38173477406757916,-0.5217718639058087,-0.21601525516364428,0.6484426741205624,-0.21009289705766254,0.9912664895043017,-0.2914334833334604,0.1594064985425847,-0.7304893411992184,-0.5102434199110475
53,0.7839770948787566,-0.14329900485095037,-0.5747353786296634,-0.1497051841508017,-0.016003835800382893,-0.6273186593328595,-0.11345621956729435,-0.5205926326371626,0.259280616061242,0.46035928758219136,-0.671477145335583,-0.26867622191464724,-0.4345931544625672,-0.45229075305916533,0.2117597021303348,0.7855644338772967,0.5537861194980191,0.4698494247333975,-0.8568276869331861,0.80654867672124,-0.4396147589916266,0.5587096823949911,0.7532340388990912,0.18314074352701448,0.6740667103194096,-0.8544759109522386,-0.5530635525555003,-0.4456746511689431,0.5534994944332776,0.31767854164449694,-0.9251299667866222,-0.41952158149176877,0.42800199210103496,0.08527056894094742,-0.6700122701463287,-0.876593992535919
54,0.71150685874361,0.7762623356082543,0.7757327236366656,0.4842869058266881,0.42279271371233595,-0.5860500854569111,-0.3917113196504327,-0.09390106216291505,-0.5160454884800882,0.8336426924015712,-0.28829066304176854,0.6215144352550703,-0.0019551523063394693,-0.3389820634542575,0.03317781607205861,0.11594633001012533,0.25207880119990467,0.14635286308993667,0.3437555737898381,0.18517903036515992,0.4205132784711878,-0.7712907082326712,0.8196794524891731,-0.38918865997443475,0.9243197211559828,-0.887103998050222,0.04435769773942133,0.14286981099983165,-0.15876053992514993,-0.43113827628503687,0.9825325263469729,0.6074194327653903,0.9168096125150766,0.035071253271204084,0.09469637881853243,0.2667963010956398
55,0.7275148549390331,0.7297747381337476,-0.6961094927300906,-0.15655511917766773,-0.9589451389816075,-0.27013821333454424,0.7866465925723081,-0.43679483505200123,-0.6694649826235202,0.20530059433554904,-0.20992726223872427,0.686694767657354,0.13938721134122845,0.25056690074479326,-0.2829346015987586,0.8022094976813452,-0.22456911766522913,-0.19896923134378386,0.7299742738116617,-0.09784684725963322,-0.7990899079821114,-0.09395675388116076,-0.839235616613689,0.1356077847310857,0.18096352111559577,0.17348790076060716,0.7048405992416948,-0.8892211197987334,0.9625832455856866,0.492297232464443,-0.10412488467897107,-0.7289963259260457,-0.9201696944686903,-0.1921970410246585,-0.04807715701995252,0.820981004930972
56,-0.30652004999661453,-0.48365298399968615,-0.6272039261544311,0.6747992491740051,-0.2585934580071272,-0.6348242663693844,-0.42197685596363277,0.8889568599352617,-0.9009417269909097,-0.08295643571996347,0.8027536950370895,-0.014293160230158364,0.28373301947830054,0.23969336628891424,0.8406937967864918,-0.207242358982477,0.7234598846489284,-0.8454656611087406,0.1250234392869518,0.5949043776696976,0.7427228112586366,-0.9678137902202364,0.9829245641233233,0.002159435659937925,-0.32997565807754214,0.3517677590141277,-0.4772652433218596,0.3028689115437224,-0.13853949217408612,0.6518689724854787,0.6185562157594855,0.2098687929863683,-0.19241733288561313,0.008699469522547743,-0.1863492576232606,0.0627789413264983
57,-0.4166002619324698,0.5567611115864832,0.9045497238430344,-0.31962820262096936,-0.3128857057590795,0.8870430329297105,0.6326861933439936,0.46108322517765,0.8264502035796493,-0.22887064210958874,-0.24268852150992992,-0.7564099128422532,-0.8382108694227983,0.1621274753979285,-0.39235797299634334,0.92994359376869,0.032460425030530926,0.9781195881195679,0.5550256267482163,-0.15883743040065346,0.6831975356078961,0.7775289712709099,-0.46346956189892596,0.6109662723820957,-0.116985714038367,-0.02249868885963502,-0.6634469688996185,-0.24069480221057127,0.1351655881948337,-0.46435670494269576,-0.33435176189537574,0.0161489544793203,0.14094096096586073,-0.5363107802191556,0.26334901479563366,-0.08052546018897755
58,-0.24771340148873588,0.8414279999164687,-0.08467337711984224,0.6733156443711368,-0.5568814568299905,-0.054836062302664246,0.30299537060325754,0.667628189083995,0.9148898239134386,-0.5425428477229461,0.29019701124793396,0.4494851540016631,-0.05028509468661002,0.717524062953917,-0.6013974331408181,-0.013392624064712644,0.7518106374636904,0.7499402199945475,0.1576799731371996,-0.4005664635610704,0.21340115372690383,-0.748184976013708,0.6032342953217578,0.578462394066152,-0.6425687406005327,0.7567942461756509,-0.6080917032198923,0.4968964113727077,-0.5646193914421851,-0.7831849061555816,-0.12650608121033913,0.6582199358375549,-0.03627768485087546,0.5730502653556178,-0.9381511693950404,0.9346629132063133
59,-0.9899419837957499,0.9721684924245826,0.7875423360044991,-0.5233546642280023,0.2958918631037941,0.9181541011338488,0.6393251268537912,0.8110470091454751,0.9072034035952585,0.10382478900799286,0.9379394717477338,-0.7480040127081675,0.4333582664618121,0.23004919369448795,-0.7133353160397504,0.7603107627923398,-0.2542084710627568,0.47995548421927503,0.42772714980810966,0.23337631621960364,0.8397509881616629,0.22088869905988062,-0.5450243388919966,0.259107369056889,-0.1520897472508378,-0.24887869039584642,0.7562730120771797,-0.04968522865817793,-0.4065708536057253,0.5023505006968172,0.03211916710718077,0.9626234478363753,0.21165558026041698,-0.5358188265601047,0.9095318673633441,0.6489162444853085
60,-0.1044798120933037,0.9874159192164496,0.4691279292565267,-0.603361925633811,0.8753860507733391,0.17677829025992642,-0.7209097339045307,-0.5665079871274543,0.3684050419777247,0.5423499650499903,-0.6189178561313289,-0.6158705881182078,0.4645715367215857,0.35420749537859253,-0.7296536751850691,0.7514448000847342,-0.9948556943350342,-0.32043493490950437,-0.0922555519425321,0.6886627300440467,0.26672461024477956,0.46307006661933614,0.802341403703815,-0.786194532509914,0.953238236189605,0.421241864592125,-0.6737252666924038,-0.25813605265702133,-0.17449310742805202,-0.7435728205182279,0.500705629562948,-0.8546548319817278,0.13512638586584313,0.7568796906812059,0.4351717999308393,0.6787120247427407
61,-0.7584165653304358,-0.40327140892249824,-0.5077264435413675,-0.5641337502580996,-0.46130304462682137,0.8202822674347492,0.16560528100526128,0.968294772435794,-0.3335999614678833,0.6265221774539891,0.8016229218393813,-0.18992063993103758,-0.20155873293733295,-0.16192622913236754,0.5309594027631057,-0.38188614480010097,-0.7517364518541307,0.952238138764415,-0.042075949785420175,0.5936554697861982,-0.6932327818292474,0.29914964455947546,-0.833632882620589,0.25238527932897403,-0.5599480860775723,0.9835667565727579,-0.5458557762478589,-0.7843396984234634,0.2818877553029655,-0.6816003356291489,0.6328735801243317,-0.03339532699858805,0.93630018951755,-0.700173475943243,0.8974438929320958,-0.5714319763266196
62,-0.1044798120933037,0.9451882085471299,0.4691279292565267,-0.603361925633811,0.781455580536802,-0.0780488516616129,-0.7209097339045307,-0.5665079871274543,0.42383570679248517,0.5573314860467375,-0.8113792505535358,-0.6158705881182078,0.516743598056536,0.2763716964682914,-0.7296536751850691,0.7514448000847342,-0.9948556943350342,-0.3595062486879119,-0.0922555519425321,0.6886627300440467,0.14962103766538992,0.46307006661933614,0.802341403703815,-0.786194532509914,0.953238236189605,0.4989847767076374,-0.6737252666924038,-0.26918922377491006,0.055308065136109974,-0.7435728205182279,0.4619123062249455,-0.8546548319817278,0.11181555130301501,0.7568796906812059,0.4351717999308393,0.6638579305722903
63,-0.24771340148873588,0.8414279999164687,-0.2075377992578924,0.6733156443711368,-0.5568814568299905,-0.054836062302664246,0.3457743307963177,0.667628189083995,0.9148898239134386,-0.5425428477229461,0.29019701124793396,0.5018976510389428,-0.05028509468661002,0.710694082797908,-0.4913132920743142,-0.06015849342174229,0.7752705124202615,0.7499402199945475,0.1576799731371996,-0.3633072397340029,0.21340115372690383,-0.6407020131156065,0.5482758974280095,0.578462394066152,-0.6352009193305854,0.5695200315930009,-0.5545203180800933,0.4968964113727077,-0.7407519178572752,-0.6529348064092588,-0.12650608121033913,0.6582199358375549,-0.03627768485087546,0.5871703724533792,-0.9330531726887714,0.6420376720351777
64,-0.8402944794234055,-0.3596026244108239,0.002498169547495044,0.8410256824660944,0.30294982204301557,-0.30311322883380964,-0.6989954291461431,0.05285504471032754,-0.799561520666018,0.21364450058259132,0.7795707382832773,0.4470274179590581,0.3616697362665149,0.7191284854570064,-0.29516997928678324,0.6085486294901701,-0.6743872687583741,-0.13971687047385895,0.8595622774224805,-0.07161172947264238,-0.6067332236375089,0.9197337074953962,0.20560755353341675,-0.8809490530373563,0.06010661326028144,0.11565703413122752,0.4103082381054224,0.27002704364862384,-0.498753687483124,-0.036092314993712016,0.3860360687439519,-0.42771048915337917,0.628411376916252,0.4197923812650284,-0.32457473101359247,0.7853723667680643
65,-0.24771340148873588,0.8414279999164687,-0.2075377992578924,0.6733156443711368,-0.5568814568299905,-0.012171780572405755,0.328887015440662,0.5471104233398936,0.9148898239134386,-0.5425428477229461,0.36609982220409587,0.5018976510389428,-0.09125195391146756,0.7220630117728875,-0.6013974331408181,-0.013392624064712644,0.7518106374636904,0.7499402199945475,0.1576799731371996,-0.3633072397340029,0.21340115372690383,-0.6581387724121046,0.7045224884667174,0.5694735657786376,-0.6352009193305854,0.7567942461756509,-0.6223783483989693,0.4968964113727077,-0.5646193914421851,-0.8549539726983946,-0.3177432414366055,0.6456062114676449,0.0562511636171501,0.5871703724533792,-0.961334885979036,0.9478986167403749
66,0.5804666072560227,0.6494164567769167,-0.2477172381523003,-0.7163750229276356,0.3130305340390298,-0.6295191921634236,0.09906354483467039,0.2581385865117969,0.6685795322592731,-0.37620344323379706,-0.5723775546949394,-0.6542472638502363,-0.9160550833334058,-0.8948158357817699,0.4002553123480639,0.8986855169292294,-0.1398673221312654,0.4769561481548332,-0.5716177259129773,0.11843832045337943,-0.465320946349848,-0.22387815988830995,0.6465176085188495,0.8465355955252241,0.06104684985179065,0.9619483204231842,0.8654244265978517,0.41181209638302096,0.16196901059090085,-0.7618505755362359,-0.6896376006391904,0.9542995583928209,0.4761009872963182,0.28142580310548704,-0.20111564213156674,-0.19292513997998517
67,0.7275148549390331,0.7297747381337476,-0.5993712589088429,-0.07514017003366957,-0.8939755007637362,-0.31559163132052936,0.9993319570497754,-0.43679483505200123,-0.6694649826235202,0.3208458604231117,-0.11123050955564806,0.686694767657354,0.13938721134122845,0.25056690074479326,-0.32617930937625594,0.6423266839173976,-0.3046307579142076,-0.2718105248620162,0.9841121845629079,-0.06470120969547377,-0.749258148682354,-0.09395675388116076,-0.839235616613689,0.1536918764182469,0.12779508232026338,0.2873830351743425,0.63961731253831,-0.7679373899167743,0.7880312413225341,0.4767952772381885,-0.30657275276444507,-0.7636892249118779,-0.9201696944686903,0.010378053976302315,-0.4050792149560527,0.869821789384682
68,0.6688446464830129,0.8694532815643818,-0.6961094927300906,-0.12966167149156194,-0.9589451389816075,-0.388605960397157,0.7866465925723081,-0.23498577898852346,-0.6694649826235202,0.20530059433554904,-0.353298463021112,0.9760346754403362,0.13938721134122845,0.25056690074479326,-0.2594644894946294,0.6280307320810987,-0.3395638504957499,-0.07448900632213395,0.7299742738116617,-0.043573405276104094,-0.7990899079821114,-0.18521191088039823,-0.8521952768090026,0.1356077847310857,-0.008226690096972522,0.2873830351743425,0.7048405992416948,-0.8892211197987334,0.7427824677258812,0.4367568959419392,-0.12389585310605589,-0.7289963259260457,-0.9025385170328728,-0.023474429698718602,-0.04807715701995252,0.8457197772414811
69,-0.24771340148873588,0.8414279999164687,-0.2075377992578924,0.6685116944843625,-0.5568814568299905,0.0712888680716599,0.328887015440662,0.667628189083995,0.9148898239134386,-0.5425428477229461,0.2954541145866181,0.5018976510389428,-0.09125195391146756,0.7716130863688744,-0.6013974331408181,-0.013392624064712644,0.7518106374636904,0.7499402199945475,0.1576799731371996,-0.4259142227628052,0.21340115372690383,-0.6581387724121046,0.6032342953217578,0.5694735657786376,-0.6352009193305854,0.7567942461756509,-0.6080917032198923,0.4968964113727077,-0.5478854582235206,-0.8549539726983946,-0.6624912958599478,0.6582199358375549,0.0562511636171501,0.5270219753624639,-0.961334885979036,0.9478986167403749
70,0.7275148549390331,0.7297747381337476,-0.5993712589088429,-0.017384339551091976,-0.9589451389816075,-0.31559163132052936,0.7866465925723081,-0.2897970892015951,-0.6694649826235202,0.3208458604231117,-0.03458325887034852,0.686694767657354,0.037078293597757606,0.25056690074479326,-0.3654205581419758,0.6515196128498366,-0.22456911766522913,-0.19896923134378386,0.7253296693235867,-0.09784684725963322,-0.7990899079821114,-0.09395675388116076,-0.839235616613689,0.08231060644685728,0.1064547111921974,0.2873830351743425,0.63961731253831,-0.9126523804007947,0.7223807480676738,0.665104992764904,-0.10412488467897107,-0.7265641451505345,-0.9201696944686903,-0.21099902498552203,0.15502967692923986,0.869821789384682
71,0.8172293652838312,-0.1676629985891307,0.296984096695579,0.9412886424789548,0.06263181301037068,-0.14049452022452358,0.5477474146503729,0.5294918076137278,-0.5698947788485489,0.5863993237797647,0.10120187602516895,-0.10581023578074955,0.9625388027670239,-0.37200618725387,-0.1509332602975999,0.06067680391450536,-0.15975488163084073,-0.5196075068960393,0.972162617167696,0.21774474377383868,0.33761838679010014,0.30930176692994626,-0.04483280218952612,0.7022877950592579,-0.29284365882463925,-0.4209153973460049,0.0345903304649442,-0.23106876641871232,-0.7360146909988214,-0.3909209486193286,-0.24199113850433585,0.5406094959266543,-0.8841713155268422,-0.9973332594750994,0.6989806156410705,-0.23482689974090531
72,-0.24771340148873588,0.8414279999164687,-0.08467337711984224,0.6733156443711368,-0.5568814568299905,-0.054836062302664246,0.30299537060325754,0.667628189083995,0.9148898239134386,-0.5425428477229461,0.29019701124793396,0.4494851540016631,-0.05028509468661002,0.717524062953917,-0.6013974331408181,-0.013392624064712644,0.7518106374636904,0.7499402199945475,0.1576799731371996,-0.4005664635610704,0.21340115372690383,-0.748184976013708,0.6223850167084022,0.578462394066152,-0.6780803605114565,0.7567942461756509,-0.6109562833491862,0.3735195191387368,-0.5646193914421851,-0.8207374256473516,-0.02757742285654996,0.6582199358375549,-0.03627768485087546,0.17227934824593016,-0.9381511693950404,0.9346629132063133
73,-0.35600245974186806,-0.07757048430944025,0.6537870169756668,0.4551250884027731,-0.5626291287544201,0.6709070830413721,0.24354034401418567,-0.9247092003456503,-0.688485114717329,0.06816073860008709,-0.17942800809625714,-0.7828943765107714,0.45265956395716667,0.25716241247553095,0.5315209169309478,-0.6690723025872853,-0.8469793324329624,-0.7944307032799927,-0.813686896428651,0.8473566034556215,-0.9584142496438413,0.6399850662139832,0.16639811907989044,-0.2590790016444702,-0.8412857927883348,0.5903632537626662,0.1346080473532667,-0.3033677958155845,0.9951490011429824,-0.5444769307127642,-0.03543731605731937,-0.9592734740056239,0.23727327067483506,-0.9057174994815809,0.9632689347285752,0.6243119559105494
74,-0.10763840638649702,0.9327648665740811,0.4691279292565267,-0.603361925633811,0.781455580536802,0.033713547895807716,-0.7209097339045307,-0.5665079871274543,0.42383570679248517,0.49566657943140324,-0.9773038980103628,-0.6158705881182078,0.516743598056536,0.2763716964682914,-0.5365911495962747,0.7514448000847342,-0.9948556943350342,-0.3595062486879119,-0.0922555519425321,0.6886627300440467,0.26672461024477956,0.5590518084456431,0.802341403703815,-0.786194532509914,0.953238236189605,0.421241864592125,-0.6737252666924038,-0.25813605265702133,0.055308065136109974,-0.8482385527841179,0.500705629562948,-0.8546548319817278,0.1146959901479625,0.8450715173205807,0.4961071206609575,0.6638579305722903
75,0.7735047656131917,0.7297747381337476,-0.5993712589088429,0.07573965717573583,-0.9589451389816075,-0.31559163132052936,0.7866465925723081,-0.297094788640335,-0.6694649826235202,0.24932243926814013,-0.11123050955564806,0.5777225793781504,0.13938721134122845,0.5875563910476824,-0.3898306365623079,0.6515196128498366,-0.22456911766522913,-0.19896923134378386,0.8998388608323906,-0.09784684725963322,-0.5917824869124091,-0.1454049049349433,-0.839235616613689,0.1470758153825109,0.1064547111921974,0.2873830351743425,0.519311009900405,-0.9126523804007947,0.7223807480676738,0.6141265893274526,0.1652967999334949,-0.7636892249118779,-0.9201696944686903,-0.284037021879884,-0.19339582282875245,0.869821789384682
76,-0.35311878515896833,-0.43914641896867357,-0.6272039261544311,0.6747992491740051,-0.2585934580071272,-0.7294263992319765,-0.4193330120686549,0.858939438988072,-0.9009417269909097,0.11771973124557866,0.7099268285695739,-0.014293160230158364,0.2300811668063123,0.36030470057318253,0.8406937967864918,-0.207242358982477,0.7234598846489284,-0.8430347962101195,0.3669208080277204,0.6175863141470912,0.7427228112586366,-0.8665592722812481,0.9857279480508112,0.000656304270914454,-0.32997565807754214,0.6292058414744912,-0.4772652433218596,0.47212548051464576,-0.13853949217408612,0.7026989877673346,0.6185562157594855,0.11196514130661872,-0.19241733288561313,-0.005461173823045451,-0.15941692814524222,0.3274704398660544
77,-0.17201038010864567,0.17854877018431892,0.2897961081462004,0.3175144896416897,-0.7550817596640778,0.5247382529341307,0.6262305976685583,-0.924749083214393,-0.7582779455960889,0.5536128650624128,-0.1655725482093573,-0.911679902815967,-0.3849758686199549,0.34581865313388227,0.5119682713182796,-0.4425921105553732,0.15681835697885993,0.5711140969467816,0.6534469451213518,-0.8131182125234466,0.8048313902027822,0.24354422556786748,-0.29710463613575944,0.11294377383755116,0.9689663511815805,0.6891370027223547,0.08125265027211759,-0.34818368238396036,-0.41011574418283425,-0.8430935603240712,-0.13977575268728515,-0.49347042238404626,-0.10733736767940583,-0.7061430763745387,0.9307914827419144,0.6675695642063872
78,0.4532963469133149,0.46771465827302494,0.6247325804154105,0.941392727983579,0.06375109096678555,0.42102557490394665,-0.13441721038087917,-0.5713558621541623,0.5602824469645717,-0.19318921080283902,-0.41866577641093183,0.4329196986229287,-0.6309906663150024,0.6805158539837755,0.6066907991568191,-0.4368747033832485,0.8483712461475896,0.8105409397567549,-0.12259548649536933,-0.24271927863314313,0.4987312338537677,0.2820890433483674,-0.840994427654943,0.18751369474074897,0.7808222192278775,-0.3558737903692546,-0.22682370445964128,-0.9312377942385108,-0.3319189127297255,-0.7528140046802083,-0.09895459193710421,0.7365212640804486,0.7584302166312991,-0.045234193826878544,0.11432590769704598,0.3321059524209298
79,-0.24771340148873588,0.7191517779893697,-0.2075377992578924,0.6356420705713548,-0.5568814568299905,0.11648539287426662,0.328887015440662,0.667628189083995,0.7739874327500211,-0.5425428477229461,0.2954541145866181,0.5018976510389428,-0.12400309887922645,0.7716130863688744,-0.6013974331408181,-0.013392624064712644,0.7518106374636904,0.7499402199945475,0.1576799731371996,-0.45519914772721615,0.21340115372690383,-0.6581387724121046,0.6032342953217578,0.5694735657786376,-0.7414568725177251,0.7567942461756509,-0.6080917032198923,0.4968964113727077,-0.5478854582235206,-0.8549539726983946,-0.6624912958599478,0.6582199358375549,0.0562511636171501,0.5270219753624639,-0.961334885979036,0.9478986167403749
80,0.9897537285595241,0.7559894377063434,-0.8028419897003323,0.3624671317950765,-0.0682169601078475,0.5290416975424954,0.2994743450701389,0.2137043117748889,-0.7627297354412212,0.48985106861310834,0.4385465076892512,-0.9286162479819096,-0.8150587206466346,0.7869445655924352,-0.3200679375237725,0.26513280223118496,-0.5164770322456083,-0.16377120254518962,-0.8528046367685782,-0.7533144910103737,0.3024033499615668,0.4195349013788596,-0.8666224658024178,-0.8992476178634168,-0.32110312040973343,-0.16048591027244563,-0.43408564443109965,0.07390027350439454,0.8178004935439642,-0.3556305615989577,-0.8410255742013735,0.39790651885054995,0.09095569423500272,0.09723436052830237,0.07782024889354044,-0.5876245694269868
81,0.5578180174620706,-0.8194141214095032,0.9044523942609914,0.1069620660524877,0.9555925113468464,0.8898027323910016,-0.9801691029986506,-0.5146020321164426,-0.7612662363691092,0.1256406225737765,-0.9526253515328413,0.3454131462205967,-0.5490753398011519,-0.9919426427661402,-0.6287507717327689,0.9393861986495935,0.2580296043334558,0.6805867770017249,0.6229100188309549,0.4387876915378548,0.39298121433832467,-0.20417165312973595,-0.6933300564141711,0.09378436798565315,0.9697395497942081,0.4186391571930388,-0.24101140399499088,-0.3762086401741418,0.15789876266660197,-0.24377880601784696,0.2690238331881103,0.6154572141549235,0.4623817506973362,0.9319914575425738,-0.3000002304508089,-0.8424951196152914
82,-0.7598130506248466,0.1718043596597434,0.22749156832279138,-0.24741404606998163,-0.557640102695657,0.348963466131033,-0.3789487681475847,0.09202329740802906,0.7723855908949753,0.08467497038179905,0.5570780679739467,0.17424889995959325,0.1947773712138403,-0.7629750592956748,0.8158850582138193,0.614411842945191,-0.4977279982274905,0.949212060518521,0.5118173711275071,0.5147304911461887,0.987217899452218,0.3722959006311639,-0.6404106029476311,-0.38804412243893727,-0.027728795026153552,-0.0029416458973914317,0.9209860453333598,-0.742803954782213,0.2912449123314633,0.4544816288332012,-0.45367156502326633,-0.16740984433352657,-0.9249001303228668,-0.08075133558698955,-0.30322596749862885,-0.38096184360281193
83,-0.24771340148873588,0.8414279999164687,-0.066176933904319,0.6733156443711368,-0.5262799031082768,-0.06493423223176054,0.30299537060325754,0.667628189083995,0.9148898239134386,-0.5425428477229461,0.29019701124793396,0.4494851540016631,-0.07538842509901844,0.717524062953917,-0.6013974331408181,-0.013392624064712644,0.8395817303429374,0.7499402199945475,0.1576799731371996,-0.4427552667718808,0.21340115372690383,-0.748184976013708,0.6032342953217578,0.578462394066152,-0.6832550566245541,0.7606958531537948,-0.6081051163181073,0.4968964113727077,-0.5646193914421851,-0.7098585907046742,-0.12650608121033913,0.6582199358375549,-0.18057068052095437,0.5730502653556178,-0.966896626956653,0.9346629132063133
84,-0.779340654566411,0.39844014363978064,0.04046371356504119,-0.24741404606998163,-0.557640102695657,0.34660411896519605,-0.25467470262109204,0.09202329740802906,0.6781333488140167,0.17266763233741744,0.4987061109391997,0.16699781061781005,0.1643114867367923,-0.9396998375117476,0.8158850582138193,0.6255788073147197,-0.4977279982274905,0.9852793910667048,0.5081080345540585,0.5147304911461887,0.987217899452218,0.36203719011207247,-0.7119141336591233,-0.42293358146465243,-0.027728795026153552,0.08000507349397679,0.9209860453333598,-0.8724157935532284,0.2456836752796494,0.4544816288332012,-0.6588596777645883,-0.16740984433352657,-0.9549331220322277,0.07362952924420418,-0.30966792768632745,-0.38096184360281193
85,0.9492335065294899,0.752384501810472,0.8968229037719964,0.39083806959992295,-0.501029717380534,0.15152716630273066,-0.9234047206872367,-0.17976156340996519,0.28009394593281844,0.932722531222766,0.12438779768825659,-0.22649308581059713,0.24472746669352285,-0.91776642447293,0.5899128296033915,-0.5631290051592002,0.9613450652903697,0.5307825068392662,-0.719903474417682,0.4224502153080998,0.5368777234486526,0.2236414224771608,-0.8832233537496983,-0.20372673038853395,0.02601981292675104,-0.30011414567792283,-0.01828523334695009,0.9616224021273516,-0.49920168021825284,-0.169477603768045,0.834873455243184,-0.6440544821350558,0.01670439043130867,-0.6632347502463285,0.3572143541663604,0.8318575739400045
86,-0.8265974191433005,-0.3596026244108239,-0.1626985331122075,0.8021394392383141,0.3106161021715639,-0.30311322883380964,-0.7159511470620414,0.05285504471032754,-0.8727413266594075,0.3041239338576798,0.774675581371167,0.7504520832000394,0.3161497863707965,0.7641239421310266,-0.2584180436174526,0.6085486294901701,-0.6743872687583741,-0.06874993589653466,0.47883848820141095,0.07698136585032134,-0.652962615929197,0.8923774649319054,0.20560755353341675,-0.8809490530373563,0.16565715211839782,0.09095231444098384,0.5873151016773266,0.3649780692692768,-0.23955899752460774,0.07440476043361777,0.5728495795416038,-0.42771048915337917,0.628411376916252,0.19798889363274985,-0.3543545618891568,0.7599628378905816
87,-0.8130119796907582,-0.27035594606283686,0.4739695361602161,0.9576905907854758,0.5970415464686567,0.5533889051780849,0.19916651009540653,-0.09902622663242244,-0.7589280548859365,-0.4401950389849445,0.5625073792677657,-0.281164169210701,-0.35609686914006433,-0.9741112258237623,-0.17058372403872735,-0.11431866866045626,0.029636535659412377,0.41878041838414326,0.7372298666361516,0.033569277008715925,-0.22322238036013364,-0.6296816714384639,-0.8015769347191661,0.4675825710531807,-0.6219109135762191,-0.213450567741299,0.4975194665369018,0.9608840889901582,0.6409727496347797,0.7184453589171198,0.6734132970986879,0.3634883966369331,-0.6918170883458308,0.5510508860233401,-0.1614645659230627,-0.08989436068123013
88,-0.8438788789148886,-0.29812659415112175,0.01374817220680824,0.8410256824660944,0.3179657092427335,-0.30311322883380964,-0.6989954291461431,0.05285504471032754,-0.7674702689457318,0.21364450058259132,0.8516417081127265,0.38861722475792515,0.3616697362665149,0.8009448574241185,-0.31763844722005374,0.6085486294901701,-0.649682237471062,-0.08494264643194227,0.5342672579494401,0.07698136585032134,-0.5116267035906599,0.8264293856878615,0.20560755353341675,-0.8809490530373563,0.23025982756451868,0.11946535206206832,0.5121611031195614,0.13739569505038185,-0.43816424899641104,0.2737111620935364,0.34699603778870913,-0.4150397250255704,0.628411376916252,0.22603176815921167,-0.32457473101359247,0.7853723667680643
89,-0.47307920730619757,0.5687889439959211,-0.6427548315977663,0.4921214207142848,-0.23565056480101543,0.42704238257075144,0.4399653638193961,0.5491484386792151,-0.6303075058161425,0.9890243632596005,0.8034913072909633,0.11960856548034893,-0.4576844857499214,-0.7786230022187761,0.8594787054291231,0.2364412794178894,0.7782177796980947,0.026840431468169168,0.6160052299731078,0.38942942584783347,-0.36973914707826805,0.9829223938995064,0.14931017172860006,-0.03410547260652752,-0.2742590629067405,-0.4088099170539752,-0.0610378201143249,0.6191607326609585,-0.8270477903778197,-0.921240275820641,-0.11306592706900465,-0.4964619725695154,0.05937936147599254,0.9698413007571962,0.8663166644978781,0.6490478893120519
90,-0.9999098992150535,0.031244326776280085,0.9421138606067354,0.7828535127399427,-0.19311366282119158,-0.3443940278798916,0.8597427864122233,-0.3994127640860796,0.7377857433941419,-0.275572140401966,-0.29662146502993236,-0.26566720374136743,-0.8736925204528503,0.6569617268049164,0.46755516513764483,0.37277066587717766,-0.7179167132100177,-0.2516084434298995,0.7839361960979212,-0.6904823485317915,0.3113835253256132,0.8023021698278712,-0.8880671253446797,0.21108786082269893,-0.058817957614473615,0.760032411618623,0.2295435341241696,-0.31934243852324307,0.2610390278957331,-0.8567356515183933,0.9520507544541641,0.6781857468866268,0.914068746278464,0.6635216908982398,0.4230665212618496,0.34149029665635067
91,-0.41145007299292535,0.047321116994915924,-0.2536861847236098,-0.532422069911443,-0.5069754360726799,-0.5626433642517628,0.7584333318061096,-0.1872954435644707,0.45217858422399093,0.836774329282238,-0.04132721042487053,-0.03849252817958293,-0.37217743892329014,-0.7694497377434011,0.5796866859881806,0.7642154861652126,0.5215623581450055,-0.30839784657718394,0.5783010491572631,-0.4390420248745066,0.01961001884698299,0.4294386219626214,0.05302985213197786,0.18480444272057306,-0.13060245655802438,-0.7294483282578039,0.46047467179279544,0.07873260067294341,-0.8171937831868958,0.06450151201495258,0.5775376066869768,0.9498367956022742,0.008559243114324211,0.4625832331005999,0.3198690111193989,-0.08183377780350987
92,0.00947100237532239,0.17854877018431892,0.2897961081462004,0.3175144896416897,-0.6519132851184102,0.5247382529341307,0.6262305976685583,-0.924749083214393,-0.7066860577102669,0.5536128650624128,-0.1655725482093573,-0.838979412374721,-0.3849758686199549,0.34581865313388227,0.5119682713182796,-0.508637701820023,0.46389942165006604,0.5711140969467816,0.6534469451213518,-0.8131182125234466,0.8048313902027822,0.20676930442862318,-0.29710463613575944,0.3097416875436634,0.9332673473017552,0.6891370027223547,0.08125265027211759,-0.34818368238396036,-0.41011574418283425,-0.8430935603240712,-0.15118055341802128,-0.42248448540048833,-0.10733736767940583,-0.7061430763745387,0.9307914827419144,0.41487953728921134
93,-0.08629840855222648,0.17854877018431892,0.2580525402276779,0.41486492945441356,-0.44993727197957156,0.5341786538451081,0.6169198710786483,-0.8399236217895478,-0.6944019833111483,0.5545473774409939,-0.05925597566343388,-0.8090754743304447,-0.3182251665902458,0.4976502079146581,0.5892508223239616,-0.5601037820796808,0.3734779268393058,0.5711140969467816,0.7784198584336066,-0.9334235232785579,0.806554510299955,0.24354422556786748,-0.29710463613575944,0.11294377383755116,0.9803156699915767,0.6891370027223547,0.20293342995579589,-0.3656541741937889,-0.33180208733590133,-0.8577184591356624,-0.15377930897227943,-0.42248448540048833,-0.11648728369707184,-0.7061430763745387,0.8769570169264893,0.4803161328493242
94,-0.41145007299292535,0.047321116994915924,-0.2536861847236098,-0.501067928212612,-0.3891878425001061,-0.5626433642517628,0.7584333318061096,-0.308560160686701,0.4759909426972615,0.8415988670007568,-0.04132721042487053,-0.03849252817958293,-0.37217743892329014,-0.7164965689926279,0.5599477752482593,0.6997516750502963,0.5102401361461866,-0.47991013092373347,0.5783010491572631,-0.5352084319437138,0.01961001884698299,0.1897325607012852,-0.0822286869569917,0.04910807364142045,-0.13060245655802438,-0.7294483282578039,0.5340252302234432,0.07873260067294341,-0.9497708358148,-0.13215482507047982,0.5775376066869768,0.9167095625051076,0.04616779002210336,0.4625832331005999,0.4462011098992129,-0.08183377780350987
95,0.6231804053772734,0.7713654287712934,-0.09226402250715826,0.9056443337241493,-0.2527751021043321,-0.7154293189798624,0.35555170943257974,0.9496936698491738,0.27103348498203794,0.6516651984281956,0.3994427635805211,-0.5828467118916776,-0.10484329704446971,-0.6882542417691302,-0.5151833454961037,0.49452009612598147,-0.3172942893550177,0.3453243164298594,-0.7330818310408509,-0.026091675691050975,-0.3016242000052558,0.8243186922402153,0.976060543015961,0.8613029107899877,0.049617945729378166,0.9901869938748615,0.13849822214319163,0.15944534038063374,-0.789740462687748,0.6849653584050348,-0.281994938924953,0.6822163516576225,0.7827681943489619,0.7026684699910597,0.4001299799771454,0.4422307548967437
96,-0.35311878515896833,-0.43914641896867357,-0.6272039261544311,0.5374719860426425,-0.2585934580071272,-0.7294263992319765,-0.4051331529257849,0.858939438988072,-0.9009417269909097,0.2654413178164148,0.7099268285695739,-0.014293160230158364,0.2300811668063123,0.36030470057318253,0.8406937967864918,-0.207242358982477,0.7234598846489284,-0.8430347962101195,0.3669208080277204,0.6175863141470912,0.7427228112586366,-0.8665592722812481,0.9857279480508112,0.000656304270914454,-0.32997565807754214,0.6292058414744912,-0.4772652433218596,0.5129903740602271,-0.13853949217408612,0.7026989877673346,0.6185562157594855,0.11196514130661872,-0.19241733288561313,-0.07330605409591517,-0.15941692814524222,0.3274704398660544
97,-0.3480286368054777,-0.9389336349324531,-0.20740750381198358,0.24483668119511326,-0.8400476650051967,-0.9555827152974465,-0.8238719662460561,0.5806790537451223,-0.44698491118302575,0.6777845639639133,-0.8917380924836864,-0.8428843096340912,-0.6396472269122468,-0.2915986839767166,0.13524223448406603,0.9906469382030496,-0.3273209237441823,0.968975829826239,-0.9070426249066155,0.23237713990503428,-0.45839275200060414,0.8778719488942877,0.15601781944987803,-0.35757521171825424,0.8709128772299728,0.6220770837477434,0.6518613423621566,-0.4813940332919031,0.45006263864297114,-0.528050286348811,0.19573767995172564,0.555094667072789,0.7045509796331879,-0.05258291915405078,-0.2808047263841469,-0.06186141429527736
98,0.8542500091822542,-0.8457329768494846,0.012016326886898243,-0.6383748414422648,-0.34706433374993395,0.03444157735271425,0.6271306639559622,0.036256166366603004,-0.5129372528728515,-0.7395805943197202,-0.8115299898694592,0.30902053670153773,0.21754055253919424,-0.11886261047704338,0.7911601004315638,0.8425087398447337,-0.41884104013983103,0.4279393840010388,-0.2365541069055881,-0.7313133100751226,0.36187942976527454,0.5770412207162481,-0.7719771250167269,0.9887413616576977,0.021348646431335272,0.35240331955962056,0.8076214817858245,-0.5808888685304527,-0.9288002694124189,0.3250860229466157,-0.16964827405466765,-0.19546987061446064,0.08520440490451353,0.5416114352488284,0.6350584145187244,-0.9384436191118148
99,0.6746889931546287,0.752384501810472,0.9176252777645371,0.5457553289872024,-0.7472951325427133,0.15152716630273066,-0.9289536091469148,0.1129777703958994,0.28009394593281844,0.7111370737514833,0.12333331632361233,-0.07518168300278161,0.3011911159157805,-0.9581195316352156,0.5899128296033915,-0.5227672511374954,0.878180011419162,0.6929195004806348,-0.6179148353927251,0.5770315004357998,0.5368777234486526,0.16891547999853862,-0.8433368721540337,-0.3195747141746488,0.02601981292675104,-0.316513420893239,-0.038691112697546215,0.6033826885849529,-0.49920168021825284,-0.14450745178288882,0.6768034428090328,-0.35606463692116597,0.11315119059649947,-0.5646181506268122,0.1812228528070845,0.8318575739400045
100,-0.24771340148873588,0.8414279999164687,-0.2075377992578924,0.6733156443711368,-0.7226981036245523,-0.054836062302664246,0.3457743307963177,0.667628189083995,0.8646546718206753,-0.5425428477229461,0.29019701124793396,0.7023311736017055,-0.05028509468661002,0.710694082797908,-0.5089590374265267,-0.06015849342174229,0.7752705124202615,0.7499402199945475,0.1919144827498065,-0.2784826074773601,0.21340115372690383,-0.6407020131156065,0.5482758974280095,0.578462394066152,-0.6352009193305854,0.4900296003973459,-0.5322196570715447,0.4968964113727077,-0.7407519178572752,-0.5533820728688807,-0.3032222050184694,0.6582199358375549,-0.03627768485087546,0.5871703724533792,-0.9330531726887714,0.6420376720351777
101,-0.6085008174682989,0.12052681575557478,-0.9137368445665066,-0.7331529281674432,0.15598376242608802,0.2651058128174153,0.48694118826643074,0.9788132703039234,-0.10270299804539285,-0.24133183947878534,-0.39721230721635625,-0.8587237073535481,-0.4273010503058523,0.9411852587361549,-0.961369741932071,-0.41753048251436575,0.46560420542545855,-0.2325645770572451,0.2708072762812974,-0.1081671274259397,0.25970563277256775,0.9769915690740276,-0.6777834859920511,0.31788220577734005,0.45380560517218327,-0.24026772454821033,0.4955521851709386,-0.7256627499286128,0.13151336986574558,-0.9343627196038489,0.10062193233098493,-0.40588677494354486,0.0509245095628128,-0.8192167863046655,-0.751436145810146,0.8242777000410162
102,-0.4270767277945615,-0.6238627611522676,-0.8046633930078309,0.7528852042218193,0.4097058181938624,0.8415050956117427,0.07727469046432578,0.6372472365722497,-0.8324257142058173,0.816741154201513,-0.08388203258108784,0.05588102939057493,-0.6511121168287239,0.5052709865554428,0.9114566441801226,-0.716396917112635,0.8138686240262969,0.4813397743833463,-0.7674988986586944,-0.6188781488762769,-0.028741957474227364,0.9269389782139674,-0.5171720448538426,-0.6204364210159257,-0.11075990106984257,0.6792843230751653,-0.8074918518568299,0.6455508366447458,0.5236578018225577,0.8330713410431474,-0.06547792574890865,0.8804672103733031,-0.3910529596029486,-0.08950564279823792,0.7528250119806799,-0.7897956996169331
103,0.13418942158643588,-0.26855442344655045,0.5502687018018497,-0.17686967322803726,0.3321577686252555,0.09440197122083349,0.5207177643619578,0.2360124349814985,0.25174104015716403,0.21114314847189375,0.3232558734077777,0.1567012450655454,-0.575913797602039,-0.14820092141844854,0.45016326450368394,0.27692739794657184,-0.3781980825770501,0.6324554209053717,-0.5214663410109719,0.8093358189375666,0.7906542484776546,0.06575311332913669,-0.8001268704107818,0.7115164335671036,-0.9163629094200896,0.7897939416021342,-0.04262941758309635,-0.03872958636683288,-0.41302754567122624,0.5144115125225301,0.7710650174463116,-0.9735733532138424,-0.5378681277962623,-0.7334748128067952,-0.373557831111047,-0.5746792562104162
104,-0.26539953099293356,0.9790031031035211,-0.2503593157258619,0.6733156443711368,-0.5257086594503009,0.200875613818845,0.3664438376612038,0.667628189083995,0.9148898239134386,-0.43432332914311145,0.2424408482671463,0.5018976510389428,-0.011416515053552567,0.8102509433625658,-0.5468793366952769,-0.013392624064712644,0.7480332500191869,0.7499402199945475,0.29816291630361436,-0.5766006959394994,0.21340115372690383,-0.4275400237484346,0.45700749461914403,0.7182001195309329,-0.6352009193305854,0.8336192947314525,-0.45760838229846224,0.516982420709341,-0.5776149580428149,-0.8549539726983946,-0.3177432414366055,0.6582199358375549,0.08911965409279099,0.5871703724533792,-0.961334885979036,0.8189935528012111
105,0.8414929563973761,0.08387495178955318,-0.9048368971846903,-0.4122632473797909,-0.8283278236769052,-0.19548327331893223,0.3854793472709692,0.14759840665473822,-0.31274662227459293,-0.24577092273563372,0.5635266683518969,0.8550609686759898,0.12756559271864298,0.020482925167741417,0.07457840083754497,0.9535307431137965,-0.6503391929067501,0.46337657099120166,-0.4852881831946989,0.07801888160834558,0.6385858149051107,0.5691397845772015,-0.6138571217109798,-0.6271679911347021,0.41408289518289076,0.12952968199516657,-0.6027185873991978,-0.126022413006166,-0.7070032850234178,-0.5841211098236889,-0.5928819858904022,-0.021389147912181716,0.3969419299478314,-0.9286453396929755,-0.18893705312856324,-0.8897250421905314
106,0.8180448257039485,0.824742987380914,-0.34722485339510434,-0.4375824109242368,0.7461652114599713,0.8492839114246182,0.5674324039468337,0.02007290952662255,-0.2814829614487251,0.7793851770096889,-0.5464622481463686,-0.713248780367636,-0.3518372355270405,-0.3371944140520049,-0.49573704179697575,0.8316741837656685,-0.8955796357463239,-0.390254860093765,0.9677417087446094,0.1374338287695207,0.3915136771383456,0.4435729875122132,0.6673754775688381,-0.07053183130910878,0.9640863256978758,0.7369677390240175,0.9036812366633233,-0.9420522003487368,0.09645232072200072,0.8510251464717871,-0.3446668300090754,-0.970154750342133,0.015195388263191667,-0.5231029869374542,-0.02430749501569296,0.32512100367891095
107,0.25423194602471466,0.403787891436566,-0.6530197680891732,0.11674240891488097,0.8904599145533001,0.7125465942941966,-0.37790244399381123,0.19878294675981945,-0.06055751499314588,0.9207497892294711,-0.8880631989904904,0.7653757793143314,-0.9114277193177411,-0.9437320653612817,-0.7755380152206126,0.5622730939885303,0.12163677992987942,0.679595578612856,0.2519675192190469,-0.41431676321162025,-0.9072647592779146,0.16887706947966685,-0.15649497068735818,0.41500097170038375,0.6921265379167103,0.3201042228453179,-0.6600608542675315,-0.6521461473925099,0.28018704345627854,0.2806522118631918,-0.9886789405041587,-0.9946549654439478,0.8215174747887124,0.0766839801577548,0.9130947628207324,-0.646971736028481
108,-0.85480437304011,-0.5370414226551694,0.5305050181531823,-0.28499812055224694,0.849145573841569,0.24728717208274587,0.39713463556847706,0.6838307463377251,0.4517877812216049,0.3418541280847509,-0.2809721910077916,0.9955578339495814,-0.05163622997717221,-0.19346934622689926,0.3119794205968094,0.23292194434041047,0.5458885725760989,-0.9126438579742024,0.07933283671484492,0.944398038959922,0.6146897388024757,0.5341235810668441,0.5369089461180783,0.6974507986514036,-0.4223638537227534,0.06758777906520663,-0.23152285519862192,-0.36341459713573165,-0.336431289007737,0.7216634636740822,-0.23088214181718691,0.9501327387376142,-0.3039778361862555,-0.13214094035343305,-0.8790168681012638,-0.6154414709770144
109,0.6918825871348817,-0.5237705033510553,-0.35143953066164757,-0.6872786131142405,0.7329342390170237,0.9175125717452812,0.7854169299579807,-0.2281748432227948,-0.6795036223113005,0.5593141470202654,-0.7900539432890608,0.8399276289926993,-0.9236242827807553,-0.5413493830591096,-0.45440576760772955,-0.843773325148319,0.9199480477446582,0.12393872939547568,-0.5991531129296033,0.9948035265136872,-0.4065398372845961,0.30008014300441177,-0.03132681951733196,-0.3185961519114342,0.7737401686588632,0.5859789574200358,0.5755427474540207,0.826993084373141,-0.4343342354543127,-0.9059834056105915,0.6146438479850309,-0.9430962769054092,0.22563382823821643,0.663248122558844,0.6841726741004939,0.8299152319831653
110,-0.8130119796907582,-0.4186367713079122,0.41370926793558405,0.8054920521187663,0.5970415464686567,0.5949861673207479,0.19916651009540653,-0.12951378650633516,-0.7589280548859365,-0.41156353688150427,0.5625073792677657,-0.23926852137495302,-0.37692476329407687,-0.9741112258237623,-0.4529857443333307,0.017750737645950698,0.029636535659412377,0.3520977273882968,0.7372298666361516,-0.0036873391178524617,-0.22322238036013364,-0.6105056067224897,-0.8015769347191661,0.7424045294674719,-0.6238022811816073,-0.2404770797630389,0.4561368761035427,0.929538633197095,0.6589479831543836,0.7184453589171198,0.6734132970986879,0.3304091566989604,-0.6918170883458308,0.5868335412485735,-0.07251353922849813,-0.13584150887499158
111,-0.6958545778132053,0.976494609256076,0.9282749172513121,0.45362335558766653,0.7780967850500793,0.6974813349151074,0.7041386158936782,0.31073096199665295,0.8805535173704453,0.8074783263831227,0.36997552698675795,-0.6596042695987911,-0.3468530647415762,0.9050833237340628,-0.10616807433271225,-0.10269343824273114,0.3696921454801254,0.38862394878106254,0.7983436859898803,0.261282503702883,0.9309454569871563,0.4212875977427071,0.42418818284708526,-0.9883406933946355,-0.09670479033461787,-0.9435091090649204,0.006298413721330887,0.009163221507021424,-0.137070716904226,0.6662957812072703,0.011332276489786075,-0.687045132598501,-0.2508088839714335,-0.12019916915385265,-0.0679934956400321,0.04603200800853058
112,0.6804466285053523,-0.7901002282121938,0.8662550277727834,-0.22164702308584938,0.9829126214485497,-0.060688211019519045,0.5267716431261806,-0.6502809787057042,-0.013245199385347073,0.7696657391106332,0.6267934879433048,-0.15583401690878085,-0.2747223400664509,0.3714573852364442,-0.4806244996427562,0.8405755612448427,-0.9709218361311331,0.6536762861598178,0.5235700298700019,-0.1232395175577583,0.052053230488876334,0.5803833717515647,-0.03238838957583878,-0.18228541967749345,-0.9937732133403694,0.6807513038948056,0.3958665338415128,-0.9550722285736175,-0.9436800327079116,0.10520131678533384,0.9839479048704673,0.48157902486949955,-0.00361622635556591,0.29316188504016827,0.7446664596228545,0.6917401912759746
113,-0.08629840855222648,0.17854877018431892,0.2580525402276779,0.41486492945441356,-0.44993727197957156,0.5341786538451081,0.6169198710786483,-0.8399236217895478,-0.7144976892179431,0.5545473774409939,-0.05925597566343388,-0.911679902815967,-0.3182251665902458,0.49609955489087154,0.5892508223239616,-0.5548392366895094,0.3734779268393058,0.5711140969467816,0.7784198584336066,-0.9334235232785579,0.806554510299955,0.3065622140567055,-0.29710463613575944,0.11294377383755116,0.9803156699915767,0.6891370027223547,0.07641654864293335,-0.3656541741937889,-0.42621729714056045,-0.8577184591356624,-0.15377930897227943,-0.42248448540048833,-0.11648728369707184,-0.7061430763745387,0.8769570169264893,0.4803161328493242
114,-0.9996849772456917,0.031244326776280085,0.9904235239961827,0.6159355747300197,-0.23199123337721872,-0.3256770503968953,0.8297722176592146,-0.3994127640860796,0.7136458388079632,-0.40520018797587865,-0.29662146502993236,-0.2528423711356671,-0.9922896323851988,0.6330037733956664,0.41221985980869436,0.44199566867784146,-0.2909572439229797,-0.2516084434298995,0.6336691649584003,-0.5525754479560563,0.3113835253256132,0.8023021698278712,-0.9186261760256369,0.34587781388413985,-0.16966139632174038,0.6082224289844704,0.20258675670730697,-0.43056697423153345,0.2610390278957331,-0.7944832687238845,0.8505787291813742,0.46428152736084183,0.9783681107572642,0.343178429443989,0.5753391995809485,0.41387819210700294
115,0.6804466285053523,-0.7326543472112095,0.8662550277727834,-0.22164702308584938,0.9829126214485497,0.09922571347230047,0.4700711963670481,-0.5988618018115992,-0.013245199385347073,0.9003144021141496,0.5737321085222118,-0.24354166756278173,-0.2741455500242842,0.4046237882981192,-0.42860864234147544,0.8405755612448427,-0.9225695055038063,0.6536762861598178,0.526981583676936,-0.11307627306409795,0.05930916507977435,0.6056441331580689,-0.031644744461816865,-0.18228541967749345,-0.97827912814347,0.6406059905917876,0.45928422811401837,-0.6798267714643458,-0.9436800327079116,0.08609161828679901,0.9921587762082702,0.48157902486949955,0.25657054651076483,0.24155609554733215,0.7526242441134432,0.8248424968892087
116,-0.497460926453259,-0.5810657886714337,0.8966297079090986,-0.5421978432993644,-0.1699016680076122,-0.24803867330617213,-0.6125834022569616,0.2002421513004231,-0.24675857330179762,0.8991200953332663,-0.8616654789189153,-0.46124297334242126,0.7283494143235825,-0.5223968090786217,0.011334100921443824,-0.7467712580409163,0.6218478915395986,0.14601895807696397,0.6407109294551974,0.306680803837438,-0.9404838454039735,0.4691012841120801,0.6696636644939209,0.9931504388611838,-0.93139398700962,0.4522103565419251,-0.6429570187081353,0.7912682200507308,-0.14051240944313026,-0.2587025691200624,-0.962386394393586,0.09527202705530136,0.7965761859707003,-0.5694276837178345,0.20452796623427205,0.7153299858234319
117,-0.41145007299292535,0.047321116994915924,-0.2536861847236098,-0.501067928212612,-0.2995388337870537,-0.5626433642517628,0.7263347394549933,-0.33026109282694227,0.4759909426972615,0.8415988670007568,-0.04132721042487053,-0.03849252817958293,-0.2286783672031103,-0.7164965689926279,0.5599477752482593,0.6997516750502963,0.5102401361461866,-0.40524932931260316,0.5783010491572631,-0.5352084319437138,0.01961001884698299,0.19902502461245364,-0.0822286869569917,0.04910807364142045,-0.13060245655802438,-0.7294483282578039,0.5340252302234432,0.07873260067294341,-0.9497708358148,-0.13215482507047982,0.5775376066869768,0.8308664476668237,0.04616779002210336,0.4625832331005999,0.4462011098992129,-0.08183377780350987
118,0.8414929563973761,0.08387495178955318,-0.5315629131144497,-0.24620883129986204,-0.8283278236769052,-0.10183514254582948,0.3854793472709692,-0.00021287828624227956,-0.19308586661391325,-0.24577092273563372,0.5239524236134363,0.8550609686759898,0.14411340247243842,-0.18633358376940268,0.09276736103337369,0.9289014899936723,-0.7490985314347789,0.28094413355265635,-0.6027420794902687,0.07801888160834558,0.7240334791848089,0.5691397845772015,-0.6216374527437374,-0.6279122035179237,0.41408289518289076,0.1702223939743599,-0.6695752106570256,-0.01853200712054015,-0.8202783189737726,-0.683503549789529,-0.5441797914510929,-0.2707347765243444,0.5855925402185493,-0.9286453396929755,-0.36138266795132545,-0.8672953698836956
119,0.8316399210288243,-0.43975461916501635,0.8906333811800455,0.12900625967341317,0.2907966864194229,0.6406020494786981,0.29661598079642504,0.5100350532359019,-0.9782378191172838,-0.10381470987807928,0.710697494680258,0.14399585608855836,-0.9818347957191818,0.04389962842404249,0.0341010107147397,0.03401697133239101,0.7854488578887455,-0.29503715650727114,-0.06716588734057893,-0.7407517274890718,0.44645998124893493,-0.6924628372778447,0.3222222843133833,0.8563733736155923,0.7881154254122342,0.969732003247683,0.4943426779906306,-0.5611486191358177,-0.3451295691504923,-0.37158485480392245,0.971942506443632,0.36217794355176625,0.9663135244900538,0.7603775279318752,-0.6290992961605402,-0.9458748951073597
120,0.10670637115705395,-0.5097416880895074,-0.3094749570801054,0.6837357493322733,-0.6506760886045551,0.9159413809216224,-0.2577039690745515,-0.5025830917187182,-0.48717565859420486,-0.1974213213335645,-0.36939414671262805,-0.6748604544119461,0.03730140989075936,0.5437280337986168,-0.16209590711796817,0.45934634699440924,-0.45572866426213765,0.999088349217867,0.8735790357051074,-0.24637304656781578,-0.7974517389661324,0.8679013303367309,-0.17112392354410821,0.4685510253150036,-0.5037243423051201,-0.49848151010130626,-0.030130891776432467,-0.49965388730892446,0.7448032736786758,0.9765747780580498,0.07489617823407735,-0.8351389763530384,-0.6126862102206663,-0.6009339038623669,-0.702962392357561,-0.6797032428001561
121,-0.7598130506248466,0.1718043596597434,0.22749156832279138,-0.24741404606998163,-0.5747354323260876,0.3504666582555698,-0.3789487681475847,0.09202329740802906,0.7723855908949753,0.08467497038179905,0.5570780679739467,0.17424889995959325,0.1947773712138403,-0.7408854637616846,0.8296892063772945,0.614411842945191,-0.4977279982274905,0.949212060518521,0.5118173711275071,0.8398289991633614,0.987217899452218,0.4704483800925645,-0.6404106029476311,-0.38804412243893727,-0.05945160439655317,-0.07395219593993274,0.9985515199691304,-0.742803954782213,0.2912449123314633,0.42852053834658244,-0.4020849436235716,-0.16740984433352657,-0.9249001303228668,-0.08075133558698955,-0.30322596749862885,-0.38096184360281193
122,-0.26170253100312757,0.4524606796202748,-0.5459615127503905,0.058578170794581386,-0.5000953435740731,0.44539887998459093,0.24554638487030367,0.3532179287406987,0.8054827132507203,0.034659729311302456,-0.14279790642989343,-0.36857696521730166,-0.9222641830864482,0.487354595612403,0.9194915202831022,-0.6609103934639393,0.7980148016826702,-0.3743126710131317,0.49872247071400744,0.7532274153856022,-0.9050493370608792,0.29564030441736366,0.08478356325200376,0.593244582036631,0.4239134295865057,0.6201914487924485,0.5003028406864412,-0.7552771542109826,0.33428901142912903,0.5710657230560519,0.8879632063727054,0.19818090850511627,-0.2129237163017279,0.5924728485331237,0.14713300659291706,-0.18689100737546926
123,0.7066448397308391,-0.9663840691207441,-0.7474969610965818,-0.34246959773082475,-0.7355500838810214,0.8619840309467623,-0.41946253389343924,-0.059262720835387084,0.6654301517471495,0.3799402533138001,0.09204094390350859,-0.4006183884476415,0.5395237147881038,-0.3466419418578166,0.48808882053325875,-0.11520542353593677,0.633943457386466,0.31980077913829796,0.02048259721906165,-0.3148559517158527,-0.6334558879096266,-0.5586018169051343,-0.5289669827968411,-0.8072947173529512,0.7652786853107398,-0.3994912627614613,0.19866449888608373,-0.8212871169747429,-0.7017902541446499,-0.363070116985752,0.7982928686242592,0.010998448777026715,-0.6199384247371544,-0.9448180758427369,0.8619626732156977,0.5060432994001367
124,-0.24771340148873588,0.8600834244566034,-0.2075377992578924,0.6733156443711368,-0.5568814568299905,-0.054836062302664246,0.28511503697325247,0.667628189083995,0.9148898239134386,-0.5425428477229461,0.3128632000566314,0.5018976510389428,-0.05028509468661002,0.7017432151165659,-0.6013974331408181,-0.06015849342174229,0.7518106374636904,0.3866580165508655,0.1576799731371996,-0.3633072397340029,0.21340115372690383,-0.6245894264703669,0.6032342953217578,0.578462394066152,-0.6414225323597424,0.7567942461756509,-0.6080917032198923,0.4968964113727077,-0.5646193914421851,-0.7831849061555816,-0.12650608121033913,0.6582199358375549,-0.03627768485087546,0.5871703724533792,-0.9330531726887714,0.9346629132063133
125,0.8496564911565492,-0.5882029913853211,0.8662550277727834,-0.22164702308584938,0.9869927192982957,0.016940612729977378,0.7005323130807424,-0.6972242103726287,-0.013245199385347073,0.8221928940039067,0.5994618920990866,-0.24354166756278173,-0.2741455500242842,0.3714573852364442,-0.42860864234147544,0.8405755612448427,-0.9709218361311331,0.6536762861598178,0.5235700298700019,-0.04749876932233388,0.05930916507977435,0.27700001017071907,-0.03962099976875,-0.35127902533169353,-0.9996290811333399,0.5775355545508059,0.3958665338415128,-0.6798267714643458,-0.9436800327079116,0.014715690833511985,0.9839479048704673,0.48157902486949955,0.24462696593421462,0.1731910270582817,0.7526242441134432,0.7573610634164176
126,-0.8402944794234055,-0.3596026244108239,0.022920690654865794,0.8410256824660944,0.3179657092427335,-0.30311322883380964,-0.6989954291461431,0.05285504471032754,-0.799561520666018,0.21364450058259132,0.7795707382832773,0.4470274179590581,0.3616697362665149,0.8273109752356473,-0.2842053812757699,0.6085486294901701,-0.6743872687583741,-0.13971687047385895,0.8595622774224805,0.07698136585032134,-0.6067332236375089,0.9197337074953962,0.20560755353341675,-0.8809490530373563,0.06010661326028144,0.11565703413122752,0.4103082381054224,0.1999511396870599,-0.43816424899641104,-0.036092314993712016,0.3860360687439519,-0.35752841126928625,0.6818776400511002,0.24429109350414957,-0.32457473101359247,0.7975353143621398
127,0.8485996627194454,-0.1676629985891307,0.296984096695579,0.9412886424789548,0.06263181301037068,-0.06452394986873355,0.5210794148978806,0.5294918076137278,-0.5441788993135803,0.5863993237797647,0.10120187602516895,0.12976077323109547,0.8776906957254225,-0.3861542368526638,-0.2469878001527004,0.04851145166847237,-0.15975488163084073,-0.5196075068960393,0.999387241467262,0.26008412004303016,0.2659657560501718,0.35839667777136675,-0.3032349269143988,0.7022877950592579,-0.1708275177527545,-0.4209153973460049,0.0345903304649442,-0.23106876641871232,-0.7342524476527585,-0.3909209486193286,-0.24199113850433585,0.45056322148214756,-0.5977124892892978,-0.9973332594750994,0.6989806156410705,-0.19783933402734388
128,0.6746889931546287,0.7726338042094019,0.9570007552455531,0.4150246532014248,-0.773873685422342,-0.06004575072635743,-0.8989838031899196,0.1129777703958994,-0.02391600511895997,0.9831487487879569,-0.004954481995999238,0.024475137464496477,0.24472746669352285,-0.812090304253434,0.5899128296033915,-0.5227672511374954,0.878180011419162,0.6929195004806348,-0.719903474417682,0.3715062120153143,0.5368777234486526,0.16891547999853862,-0.8409640835838472,-0.12802877914712507,0.02601981292675104,-0.4631987029257185,-0.038691112697546215,0.9742759479794612,-0.49920168021825284,-0.169477603768045,0.6488970574282242,-0.5873256322373817,0.10817467102643641,-0.6632347502463285,0.41342150120917176,0.9034034603770773
129,-0.26170253100312757,0.4524606796202748,-0.5459615127503905,0.058578170794581386,-0.5000953435740731,0.44539887998459093,0.24554638487030367,0.3532179287406987,0.8054827132507203,0.034659729311302456,-0.14279790642989343,-0.3583867915886576,-0.9145644884809399,0.487354595612403,0.9194915202831022,-0.6609103934639393,0.7980148016826702,-0.3743126710131317,0.49872247071400744,0.7532274153856022,-0.9050493370608792,0.24037373395138784,0.08478356325200376,0.593244582036631,0.4239134295865057,0.6201914487924485,0.699167671331365,-0.7552771542109826,0.33428901142912903,0.5710657230560519,0.8879632063727054,0.19818090850511627,-0.2129237163017279,0.5924728485331237,0.14713300659291706,-0.18689100737546926
130,0.8172293652838312,-0.1676629985891307,0.296984096695579,0.9412886424789548,0.06263181301037068,-0.06452394986873355,0.591644537361758,0.5294918076137278,-0.6370543625379785,0.5863993237797647,0.10120187602516895,-0.018377326250704762,0.8776906957254225,-0.37200618725387,-0.2469878001527004,-0.03591776673348712,-0.15975488163084073,-0.5196075068960393,0.999387241467262,0.26008412004303016,0.28007219386253746,0.30930176692994626,-0.12587471106502202,0.7193608016990038,-0.1708275177527545,-0.4209153973460049,0.0345903304649442,-0.3079806656409616,-0.7360146909988214,-0.3909209486193286,-0.24199113850433585,0.45056322148214756,-0.5977124892892978,-0.9973332594750994,0.6989806156410705,-0.2300308135038156
131,0.4851049074070619,0.4478573241334429,0.4269903461804767,-0.010096511942266906,0.3623106582422917,-0.8218380232024887,-0.6646738856103185,0.0239727303795505,-0.4531271149425946,0.9123901082956067,-0.30015006653091714,0.7509291856723048,-0.01992409968264286,-0.1456844422077319,0.877757944295934,-0.5868401949672448,0.6219901843704616,0.6138419953587824,-0.05022657929012064,-0.29312756552275476,-0.5480686363558,-0.1607594382939872,-0.33898440396071594,-0.07040754677873395,0.9412145787208466,0.10563972031906887,0.5601199395485867,0.6196433396028436,0.04777257783533928,-0.21743828217374306,-0.5787714778128854,0.20720900825335042,-0.5116992074621709,-0.1800110999742932,-0.21335409677948913,-0.8160401939502482
132,-0.4844590145839125,0.48801157895552727,-0.14242097519082386,-0.14394194129712612,-0.2691009423371056,0.618920183782349,-0.19324215269307077,-0.21268503978876074,-0.72113159568361,-0.7005160413195319,-0.8321246937017959,-0.6249994275521606,-0.04006472765075442,0.6753010916309612,0.43974241287202287,-0.8733459263099026,-0.027619627962762516,0.12511042961385477,-0.6104335957756533,-0.2015800477667371,0.13011388078336683,-0.426818562263938,0.3575427555323709,0.9791655930549683,0.33181690115021056,0.5149540056168072,-0.4512776175505939,-0.8858562220761081,0.06428646147110562,-0.7150226128621644,-0.010390850778630112,0.7700889731036249,-0.16176275141366903,0.8587140758180491,-0.11680032504677684,-0.23240579185242183
133,-0.7800876655094908,-0.29812659415112175,0.01374817220680824,0.9121899003420302,0.3179657092427335,-0.30311322883380964,-0.6989954291461431,0.05285504471032754,-0.7674702689457318,0.21364450058259132,0.8516417081127265,0.38861722475792515,0.25445589114757494,0.8009448574241185,-0.31763844722005374,0.6085486294901701,-0.649682237471062,-0.08494264643194227,0.5342672579494401,-0.009808551729543424,-0.5357033646925884,0.65298268933742,0.12648225770419752,-0.8809490530373563,0.23025982756451868,0.11946535206206832,0.526448009669237,0.13739569505038185,-0.39993832515333616,0.2737111620935364,0.23229929072603706,-0.4150397250255704,0.7281483491128595,0.22603176815921167,-0.32457473101359247,0.6939051949534123
134,-0.5719933508720128,0.6298023786365619,-0.7206690657432693,-0.9234255862086149,0.1613603206636891,0.4312405518804556,-0.4166143387100323,-0.8840297111504232,-0.5339610464420499,-0.19064465947507037,0.6103693105711263,-0.7083168023227466,-0.6282943845460718,0.6771767038107812,0.3713373881260158,0.5642757331914736,-0.3459453173883966,-0.46532026516937663,0.8267748388685234,-0.003371580752315362,-0.6476955382010208,-0.7540432727326944,0.8532342339399723,-0.5458430189772703,-0.4005208892272343,-0.5337682972707805,0.27166427354820133,-0.4299075956609282,-0.09846263435198299,-0.3259409045130044,0.5952829038439544,0.5320892134981638,0.6321124595486185,-0.4318302585604983,-0.07171723334004687,0.7761227332479188
135,0.6746889931546287,0.752384501810472,0.9213122347462936,0.4148366499585634,-0.6720684655207418,0.15152716630273066,-0.9289536091469148,0.1129777703958994,0.28009394593281844,0.9430411155934939,0.12333331632361233,-0.22649308581059713,0.2844054202978321,-0.9581195316352156,0.5899128296033915,-0.6459806943775956,0.9869989523715632,0.6929195004806348,-0.719903474417682,0.39586173333304986,0.5686779465836769,0.16891547999853862,-0.8409640835838472,-0.12802877914712507,0.02601981292675104,-0.30011414567792283,-0.038691112697546215,0.9100252206831874,-0.6655813729051698,-0.21216698254502742,0.6488970574282242,-0.45772503819400057,0.10817467102643641,-0.6632347502463285,0.41342150120917176,0.8318575739400045
136,-0.7598130506248466,0.1718043596597434,-0.026857201307024958,-0.24741404606998163,-0.557640102695657,0.6322826841252793,-0.3789487681475847,0.1674199452964893,0.7723855908949753,0.08467497038179905,0.4987061109391997,0.17424889995959325,0.2286845185607329,-0.7608494761988742,0.8158850582138193,0.41525534092874605,-0.4977279982274905,0.8443859323747942,0.5118173711275071,0.3114731060477127,0.987217899452218,0.3722959006311639,-0.6625348673767772,-0.6029511447187659,-0.0028119835844453434,-0.0029416458973914317,0.9209860453333598,-0.7427017481209772,0.2912449123314633,0.5907206356187145,-0.4745538962363858,-0.16740984433352657,-0.7055756601485992,0.07362952924420418,-0.40039947662979913,-0.38096184360281193
137,-0.7598130506248466,0.1718043596597434,0.22749156832279138,-0.2032774923565177,-0.5322157633001223,0.34572386213884077,-0.3789487681475847,0.09202329740802906,0.7723855908949753,0.08467497038179905,0.4987061109391997,0.17424889995959325,0.1643114867367923,-0.828432404894613,0.8158850582138193,0.5194075783170864,-0.4977279982274905,0.9852793910667048,0.5118173711275071,0.6620262668980317,0.987217899452218,0.3722959006311639,-0.6404106029476311,-0.47335151540177134,-0.027728795026153552,-0.0029416458973914317,0.9209860453333598,-0.7427017481209772,0.2912449123314633,0.4544816288332012,-0.4745538962363858,-0.16740984433352657,-0.9249001303228668,0.07362952924420418,-0.30322596749862885,-0.38096184360281193
138,-0.8438788789148886,-0.29812659415112175,0.01374817220680824,0.8410256824660944,0.3969308616021616,-0.30311322883380964,-0.7231463703048839,0.05285504471032754,-0.7674702689457318,0.21364450058259132,0.9199041144663624,0.38861722475792515,0.3616697362665149,0.8150672375616221,-0.31763844722005374,0.6085486294901701,-0.649682237471062,-0.08494264643194227,0.5261081377264223,0.07698136585032134,-0.5116267035906599,0.8243801216907443,0.20560755353341675,-0.8961509771196949,0.23025982756451868,0.11946535206206832,0.5121611031195614,0.13739569505038185,-0.43816424899641104,0.1235983955283364,0.34699603778870913,-0.4150397250255704,0.628411376916252,0.22603176815921167,-0.32457473101359247,0.7853723667680643
139,0.8901612182374958,0.5508652766712945,0.5979696875706624,0.6708721423918158,0.4981333667162353,-0.5504510217848482,-0.37493421818212425,-0.9006610558890531,0.0489657999330968,-0.7742109421142651,0.6865970026022805,-0.4816250217758371,-0.3814423755313918,0.6381213641901242,-0.5275641749734394,-0.45445537179715756,0.5475058294049688,0.9081947776677235,0.4813429064163419,-0.10142405899933116,0.4404138363526693,0.3695869211081144,0.23190914290995934,-0.43333355065476575,0.3718028708062291,0.6582819675710716,0.9173443023946868,0.06070966902088282,0.9823885425534449,0.9325767805574656,-0.28021751666634165,0.4480405196148134,-0.2480414637249777,0.8651993784397969,0.9736538451332071,0.43311469736429986
140,-0.9999098992150535,0.031244326776280085,0.9421138606067354,0.7828535127399427,-0.2179140628240135,-0.5325603494243787,0.8597427864122233,-0.3994127640860796,0.7136458388079632,-0.14266633780788185,-0.29662146502993236,-0.26566720374136743,-0.91187563223037,0.6569617268049164,0.46755516513764483,0.37277066587717766,-0.7179167132100177,-0.2516084434298995,0.5841250249344903,-0.6904823485317915,0.3113835253256132,0.8023021698278712,-0.8270487147200023,0.3998751368785982,-0.058817957614473615,0.8453501556755294,0.2295435341241696,-0.35063836949244176,0.1161092513721631,-0.912994561728824,0.9520507544541641,0.5301250906834025,0.9614225876752112,0.7030769595871009,0.4230665212618496,0.34149029665635067
141,-0.6696546600813411,-0.8014579221353033,0.41370926793558405,0.7624049449784929,0.5970415464686567,0.5238215554618595,0.30361613680498234,-0.12951378650633516,-0.8372485664465363,-0.4143543819911786,0.6124600102583777,-0.658842198050444,-0.35609686914006433,-0.9157380620142757,-0.31090446506828195,-0.16770900942873723,0.029636535659412377,0.25692138022021616,0.7372298666361516,0.033569277008715925,-0.19301465712374788,-0.3871172379717882,-0.765574114435184,0.5085946112535871,-0.5203179606451709,-0.213450567741299,0.3912308719060511,0.9608840889901582,0.7008113423730977,0.7184453589171198,0.6734132970986879,0.3634883966369331,-0.7591754570184261,0.4556567088677481,-0.1614645659230627,-0.13584150887499158
142,-0.06297082669441512,0.052411347012214726,0.6134092552917363,0.30322709501761125,0.5584771035277301,-0.9913605033554014,0.5249461741917449,0.8962742502902463,0.8487356357580897,-0.40904964484425976,0.9611240667530012,0.39386420181365356,-0.5807240302147969,0.9988666346557904,0.33891569541834654,0.1565319128167475,0.23105223531256325,-0.8942966549424245,0.47874917704277076,-0.8203609542988173,-0.5883308858158911,0.10000163212110835,0.20146708864412788,-0.12694226321470814,-0.852354453819139,0.0029070189906306165,-0.3585020885914496,-0.6002873894989778,0.7174545167077879,0.11563279173161312,-0.3214387994805419,0.3113675679606762,-0.4746663292821618,0.7690957981658513,-0.16093069021908524,-0.43083485238367314
143,0.9285983034395062,0.3226995066148133,0.8167143094082217,0.8643334807780296,-0.6222343845609599,0.852796220916239,-0.2831041029100638,-0.8025830640751677,-0.9013543210492794,0.05530739964788456,-0.0005125508637382481,-0.19907324952977978,-0.11466648306530192,-0.8186942924280303,0.0625303482731776,0.11442805299371761,-0.7761481641253263,-0.2144726966897732,-0.5743855349361211,-0.38813069155300317,-0.8292049691088064,0.13294925889404996,0.6052876974809602,-0.6673342091060714,0.206720813877169,0.7212872667583652,0.1198221807601112,-0.6908548355862927,0.0642512181158652,-0.6529470072560168,-0.5868051799091618,0.40160933765519613,0.24119110248440445,0.8254821228451206,-0.02334425021563291,0.9176968911309622
144,0.6804466285053523,-0.69689486088398,0.8662550277727834,-0.22164702308584938,0.9829126214485497,0.09922571347230047,0.4886947799318162,-0.5988618018115992,0.013211555581458034,0.8221928940039067,0.5994618920990866,-0.24354166756278173,-0.2741455500242842,0.3714573852364442,-0.42860864234147544,0.8405755612448427,-0.9709218361311331,0.6536762861598178,0.5235700298700019,-0.1232395175577583,0.18573695682291702,0.6056441331580689,0.0008795346723857733,-0.18228541967749345,-0.9996290811333399,0.6406059905917876,0.3958665338415128,-0.6798267714643458,-0.9436800327079116,0.08609161828679901,0.9839479048704673,0.48157902486949955,0.25657054651076483,0.2427422124807157,0.7526242441134432,0.7573610634164176
145,0.8202183640234082,0.752384501810472,0.9213122347462936,0.24862297303323144,-0.2903634216599844,0.15152716630273066,-0.8609344968129178,0.1129777703958994,0.28009394593281844,0.9714661019774853,0.12333331632361233,-0.22649308581059713,0.24472746669352285,-0.933861198202713,0.4855515784370297,-0.2757526922344624,0.878180011419162,0.7990528616706734,-0.719903474417682,0.4337564799184854,0.6353613635342623,0.2236414224771608,-0.8794317327538212,-0.20546126492519767,0.36761512021647436,-0.5277433179669413,-0.07734469167724667,0.6553258896083507,-0.3665348205854846,-0.169477603768045,0.7725202264553392,-0.6440544821350558,0.10627512415960827,-0.676767410912612,0.5070302729030967,0.8318575739400045
146,-0.5819603810978748,0.7909527223911703,0.44770888220537675,-0.022079217918954397,-0.9325308246450008,0.885350728152754,0.23050156538829336,0.8191368208387599,-0.0799401070532928,0.5567367666572538,0.496540001926431,0.6570738611865801,0.9024432475541233,0.13396036768804254,0.9023624231421781,-0.6580158380413996,0.2695864897247797,-0.10943042059921515,-0.8854203704391281,0.6460021637588669,-0.24069435891212265,0.3492440887594437,-0.9757861141750843,-0.9350619084934182,-0.18780083780317236,-0.5666618438995157,0.533013741918454,0.5344674425849094,-0.08728782586140782,-0.937938030921321,-0.9499914977376083,0.4592161132474619,0.842726275876589,0.3736531646352912,-0.7753065149367058,-0.2773396951013578
147,-0.23454893182154035,0.6803191041031629,-0.08467337711984224,0.6508642518734367,-0.8073659025460087,-0.07200744095602007,0.30299537060325754,0.7088892962863473,0.8223499765126687,-0.6897121729665177,0.29019701124793396,0.6806432474348634,0.05656208595732837,0.717524062953917,-0.6119115363581549,-0.013392624064712644,0.7518106374636904,0.7499402199945475,0.1576799731371996,-0.4005664635610704,0.28301142935430534,-0.748184976013708,0.6223850167084022,0.5554303328831336,-0.6780803605114565,0.7567942461756509,-0.6109562833491862,0.3425339725296779,-0.5646193914421851,-0.9134767762400842,-0.02757742285654996,0.6582199358375549,-0.03627768485087546,0.10545143981003036,-0.9381511693950404,0.9346629132063133
148,0.6051022562832999,-0.5882029913853211,0.9045850259331356,-0.18540034679256912,0.9851916543303667,-0.01651129189777345,0.48597193499908387,-0.6972242103726287,-0.013245199385347073,0.8221928940039067,0.6475129820969852,-0.24354166756278173,-0.2741455500242842,0.3714573852364442,-0.37970084338895216,0.8405755612448427,-0.9709218361311331,0.6536762861598178,0.46468979286329093,-0.04749876932233388,0.012949689944030895,0.3514982637161348,0.007146140411483648,-0.18080750603046036,-0.9999939690132089,0.5775355545508059,0.3958665338415128,-0.8494813445613612,-0.9436800327079116,0.08609161828679901,0.9902343078927258,0.48157902486949955,0.25657054651076483,0.26952935260081934,0.6784775473832285,0.824132660174252
149,-0.053879749107717645,-0.7637592654700969,-0.5638285059191499,-0.7897371340858574,0.09171813126353978,0.24135603172014508,0.171997165740293,0.500786891924401,-0.45716110338173555,0.31002340797935823,-0.6632383605041994,0.41985530916549796,-0.3120559568505039,0.4433060913615554,0.22408127656717225,-0.3846895075762351,0.1972718204787023,-0.08388739390469424,0.3006856646806466,0.741319266255982,0.9736440671083766,0.5611228406698852,-0.6864703146115831,0.6882087771236167,0.10622468399053586,-0.861524509854994,0.5855930289168889,-0.5821529703592501,0.30719916174117934,0.9520133729174707,-0.8142748958251487,-0.04519900931585208,0.1338750643485873,-0.09587974073836314,-0.8703559135854642,-0.07149669550115179
150,-0.1044798120933037,0.9488050288249936,0.4691279292565267,-0.603361925633811,0.7652529765701992,-0.202893868543345,-0.7209097339045307,-0.5665079871274543,0.6380800700512714,0.6669385629108002,-0.9038876207819684,-0.6158705881182078,0.6289480630564004,0.27796114691401264,-0.6592693864701904,0.7514448000847342,-0.9948556943350342,-0.3595062486879119,-0.0922555519425321,0.6886627300440467,0.14962103766538992,0.46307006661933614,0.802341403703815,-0.786194532509914,0.953238236189605,0.3778622932487614,-0.6737252666924038,-0.25813605265702133,0.055308065136109974,-0.5562664635816112,0.5539399379159999,-0.9728266692600289,0.11181555130301501,0.7568796906812059,0.3080809616443636,0.788336799512575
151,0.9501899831809599,-0.5399334006767449,0.36297188012706116,-0.5609954548884724,-0.29305279421233243,-0.16328576843723774,0.2983762428827368,0.04368015615613796,-0.5405144212249731,-0.1925774560607234,0.7984424102624281,-0.6158893314400193,0.15424213610511162,-0.2534525433522439,-0.7686861355969792,-0.911024343437705,-0.6524529002280259,-0.9169328137273864,-0.3914127260202718,0.31514859891764013,-0.0609902774745299,0.8721861612868542,0.014018207396738758,0.7702181547057922,-0.3580704183061103,0.580193285156966,-0.7126840828171752,-0.5897245246773148,-0.5456270534395022,-0.24205667726737512,0.8458281631971576,0.7520484814975212,0.5498112050119277,-0.3681246640107205,-0.7457342999016079,0.029132245904736287
152,-0.41145007299292535,0.047321116994915924,-0.2536861847236098,-0.532422069911443,-0.5215585506955212,-0.5626433642517628,0.7584333318061096,-0.1872954435644707,0.4759909426972615,0.8415988670007568,-0.04132721042487053,-0.0023182221491697685,-0.37217743892329014,-0.7611193447623348,0.5796866859881806,0.7642154861652126,0.5102401361461866,-0.35429998572478816,0.5783010491572631,-0.5352084319437138,0.01961001884698299,0.4294386219626214,-0.0822286869569917,0.18480444272057306,-0.13060245655802438,-0.7294483282578039,0.5340252302234432,0.07873260067294341,-0.8171937831868958,0.06450151201495258,0.5775376066869768,0.9167095625051076,0.04616779002210336,0.6327002611584589,0.4462011098992129,-0.08183377780350987
153,0.13418942158643588,-0.23359001757709352,0.8324677430744494,-0.2612490059515078,0.2865994270027148,0.06871223746360289,0.5207177643619578,0.37494755129033996,0.15434242001579124,0.21114314847189375,0.3232558734077777,0.18352212957475666,-0.575913797602039,-0.265412620986482,0.44981273454053405,0.20084057933618205,-0.43880484374174045,0.6653427910006258,-0.5214663410109719,0.8093358189375666,0.7906542484776546,0.06575311332913669,-0.8001268704107818,0.8211141406478222,-0.9163629094200896,0.6032899647691576,-0.0664147197346574,-0.03872958636683288,-0.41302754567122624,0.528125146288094,0.7710650174463116,-0.9735733532138424,-0.5378681277962623,-0.7719715937760789,-0.3255542601320782,-0.5746792562104162
154,-0.24771340148873588,0.8414279999164687,-0.09979026630996479,0.6324552459167048,-0.5568814568299905,-0.020263303931978616,0.3457743307963177,0.667628189083995,0.9148898239134386,-0.5425428477229461,0.29019701124793396,0.5018976510389428,-0.05028509468661002,0.710694082797908,-0.5061230036407733,-0.06015849342174229,0.7752705124202615,0.7499402199945475,0.23293313166761886,-0.3633072397340029,0.21340115372690383,-0.6407020131156065,0.5482758974280095,0.578462394066152,-0.6352009193305854,0.5695200315930009,-0.5545203180800933,0.4968964113727077,-0.736903231492094,-0.6529348064092588,-0.12650608121033913,0.6582199358375549,-0.03627768485087546,0.5871703724533792,-0.9330531726887714,0.6420376720351777
155,0.7839770948787566,-0.14329900485095037,-0.36046031922631516,-0.1497051841508017,-0.016003835800382893,-0.7189430223649189,-0.22828488186051588,-0.5205926326371626,0.4339086913058372,0.4238318931582439,-0.584753000500648,-0.26867622191464724,-0.4298267361882575,-0.45229075305916533,0.24781436406928914,0.8073848520684459,0.6215876792972828,0.6350981184256164,-0.8568276869331861,0.7337127860774479,-0.4396147589916266,0.8648917246283347,0.7532340388990912,0.18314074352701448,0.6740667103194096,-0.7064557116962555,-0.5530635525555003,-0.5435503456414856,0.5534994944332776,0.46369017640241084,-0.9771316691536902,-0.40474020197375693,0.3950492379087869,0.030625059393060372,-0.6700122701463287,-0.6532720666509906
156,-0.8438788789148886,-0.29812659415112175,0.01374817220680824,0.8410256824660944,0.3179657092427335,-0.30311322883380964,-0.6989954291461431,0.05285504471032754,-0.7674702689457318,0.21364450058259132,0.8516417081127265,0.38861722475792515,0.3616697362665149,0.8009448574241185,-0.2985522372390421,0.5305287208150364,-0.649682237471062,-0.08494264643194227,0.5342672579494401,0.07698136585032134,-0.5116267035906599,0.7964532151354797,0.3006574957330699,-0.8809490530373563,0.23025982756451868,0.11946535206206832,0.5121611031195614,0.13739569505038185,-0.43816424899641104,0.2737111620935364,0.34699603778870913,-0.4150397250255704,0.628411376916252,0.22603176815921167,-0.32457473101359247,0.7853723667680643
157,0.822603969762554,0.6869972345612736,-0.6961094927300906,-0.15655511917766773,-0.9589451389816075,-0.27013821333454424,0.7866465925723081,-0.43679483505200123,-0.6694649826235202,0.20530059433554904,-0.22661643122818176,0.686694767657354,0.14116342785935543,0.25056690074479326,-0.2829346015987586,0.6515196128498366,-0.22456911766522913,-0.19896923134378386,0.7299742738116617,-0.09784684725963322,-0.7990899079821114,-0.09395675388116076,-0.839235616613689,0.38531085824474487,0.3092009734878227,0.2873830351743425,0.7048405992416948,-0.8892211197987334,0.7902532456929299,0.492297232464443,-0.10412488467897107,-0.7303933168777774,-0.9201696944686903,-0.12610513348058228,-0.014277554641505041,0.820981004930972
158,0.7076077556294478,0.7297747381337476,-0.6961094927300906,-0.15655511917766773,-0.9589451389816075,-0.27013821333454424,0.7866465925723081,-0.43679483505200123,-0.6873956292723102,0.20530059433554904,-0.11123050955564806,0.686694767657354,0.13938721134122845,0.4703487694886255,-0.2829346015987586,0.7968393534371925,-0.22456911766522913,-0.19896923134378386,0.7299742738116617,-0.09784684725963322,-0.7990899079821114,-0.09395675388116076,-0.839235616613689,0.1356077847310857,0.1064547111921974,0.2873830351743425,0.7048405992416948,-0.8892211197987334,0.7427824677258812,0.554800448505254,-0.10412488467897107,-0.7289963259260457,-0.8597450834610587,-0.1921970410246585,0.08398558281971225,0.8411127900457143
159,0.8245466794961056,0.7297747381337476,-0.7045939147419022,-0.23378385620320863,-0.927162503030325,-0.27013821333454424,0.7881364569677634,-0.43679483505200123,-0.6694649826235202,0.20530059433554904,-0.11123050955564806,0.9377507252844515,0.13938721134122845,0.25056690074479326,-0.02586045324647146,0.6515196128498366,-0.06830088166527593,-0.19340638266028787,0.7299742738116617,-0.08948787102811595,-0.7990899079821114,-0.09395675388116076,-0.711397532048712,0.1356077847310857,0.1064547111921974,0.1838676154996941,0.7048405992416948,-0.9117756042548795,0.9566520014627979,0.895955494445968,-0.10412488467897107,-0.7289963259260457,-0.9397374733868726,-0.1921970410246585,-0.04807715701995252,0.8475814219264142
160,0.6804466285053523,-0.7901002282121938,0.8662550277727834,-0.22164702308584938,0.9829126214485497,-0.060688211019519045,0.4700711963670481,-0.5988618018115992,-0.013245199385347073,0.7696657391106332,0.5546993885246347,-0.2780011629355872,-0.2747223400664509,0.3714573852364442,-0.42860864234147544,0.8405755612448427,-0.9709218361311331,0.6536762861598178,0.5235700298700019,-0.1232395175577583,0.08591202520029362,0.5803833717515647,-0.03238838957583878,-0.2655889229665209,-0.9937732133403694,0.6807513038948056,0.3958665338415128,-0.9550722285736175,-0.9436800327079116,0.10520131678533384,0.9839479048704673,0.48157902486949955,0.11493051143973232,0.24155609554733215,0.7526242441134432,0.6917401912759746
161,0.6804466285053523,-0.7901002282121938,0.7616191076334364,-0.2680896699638675,0.9829126214485497,-0.060688211019519045,0.4700711963670481,-0.5988618018115992,-0.013245199385347073,0.7696657391106332,0.6267934879433048,-0.1713474897261802,-0.2747223400664509,0.3714573852364442,-0.42860864234147544,0.8405755612448427,-0.941645274547352,0.6568255672295333,0.5235700298700019,-0.1232395175577583,0.08591202520029362,0.5803833717515647,-0.03238838957583878,-0.18228541967749345,-0.9240502289121093,0.8328671580653921,0.2574584207534574,-0.9550722285736175,-0.8444316955145881,0.10520131678533384,0.9839479048704673,0.48157902486949955,0.11493051143973232,0.24155609554733215,0.7526242441134432,0.6917401912759746
162,0.4812916937302678,0.4533997734026085,0.6294515881566998,-0.9693451776557982,-0.23045840599977963,-0.07612660833925466,0.7038270136576272,0.16832101237441743,0.8836843123222531,0.2888120199258617,-0.6516747617825311,-0.8915416664363609,-0.12507870615226713,0.5013676185849698,-0.5185066442102986,0.4794126906174945,-0.11892823570554456,-0.42013879740367344,-0.2633215480484341,-0.9331418532930296,0.47419387734188545,-0.5975820664242788,0.45449313851214335,-0.21453835643729846,-0.3991987481031438,0.17507300898382994,-0.8074790997144006,-0.636431850766985,-0.07898496375100539,0.7328855458911843,-0.294500030126738,0.6547358636712735,-0.12217076740112276,0.31028163978625956,-0.3134159662959666,-0.7224504613128173
163,0.5769135442017685,0.587095480192118,-0.24004419584625847,-0.7163750229276356,0.3130305340390298,-0.6295191921634236,0.2617478986131476,0.2581385865117969,0.8355143796163926,-0.35615314128034004,-0.5723775546949394,-0.6614237739729041,-0.933037909045835,-0.7726839441557731,0.4002553123480639,0.8986855169292294,-0.1398673221312654,0.47474675689779633,-0.8153476182317398,0.11843832045337943,-0.465320946349848,-0.24733960740506733,0.6465176085188495,0.7771364394342777,0.06104684985179065,0.9896649709904142,0.8654244265978517,0.41181209638302096,0.2566031773233506,-0.7618505755362359,-0.7418455074065822,0.9542995583928209,0.4761009872963182,0.29399171052431505,-0.20111564213156674,-0.19292513997998517
164,0.7066448397308391,-0.9417391362900935,-0.7474969610965818,-0.34246959773082475,-0.7224228225597937,0.8619840309467623,-0.41946253389343924,-0.059262720835387084,0.6898115671578082,0.3799402533138001,0.09204094390350859,-0.4006183884476415,0.5395237147881038,-0.3466419418578166,0.48808882053325875,-0.11520542353593677,0.633943457386466,0.3891969932354846,0.015229614764312283,-0.3148559517158527,-0.6334558879096266,-0.5586018169051343,-0.5289669827968411,-0.8072947173529512,0.7652786853107398,-0.3994912627614613,0.19866449888608373,-0.8212871169747429,-0.7843946274173461,-0.41510916714503177,0.7982928686242592,0.010998448777026715,-0.7709430065392444,-0.9448180758427369,0.8619626732156977,0.5157795528029081
165,0.15459129913743652,-0.23359001757709352,0.8324677430744494,-0.2612490059515078,0.2865994270027148,0.06871223746360289,0.5207177643619578,0.37494755129033996,-0.03726721330177285,0.21114314847189375,0.3232558734077777,0.18352212957475666,-0.6050471535356181,-0.265412620986482,0.44981273454053405,0.07766759325784833,-0.43880484374174045,0.6653427910006258,-0.5214663410109719,0.8093358189375666,0.7906542484776546,0.06575311332913669,-0.8001268704107818,0.8211141406478222,-0.9163629094200896,0.6032899647691576,-0.0664147197346574,-0.03872958636683288,-0.41302754567122624,0.528125146288094,0.7710650174463116,-0.9735733532138424,-0.5378681277962623,-0.7719715937760789,-0.26958989615242457,-0.5746792562104162
166,0.3185314914272457,0.9799094398459613,0.25543928274247873,-0.5132225221537414,0.5749237552619764,0.47906301619503955,0.6282173513961851,0.3283718100931461,-0.49278007187622097,0.6210443182921894,-0.8253186265774051,-0.3830637733022215,0.052500243184882,-0.10750588284189178,-0.2866372031097839,-0.6278876513825675,0.7130391950582464,-0.35816835810603265,-0.3295268497057515,-0.9444668478351643,0.8386737847403609,0.029291514055066914,0.48255972348548215,0.5253410594424783,-0.3391173456522958,0.9595037752126403,-0.7141156623383307,0.7674164428455394,0.8978749957207628,0.11124936965276921,0.9815945602544314,-0.20056463713765216,0.7267207047201172,-0.5114151780993956,-0.5097522775653403,0.5695644985453849
167,-0.06297082669441512,0.052411347012214726,0.6134092552917363,0.30322709501761125,0.5584771035277301,-0.9913605033554014,0.5249461741917449,0.9388009388730834,0.7955958002295949,-0.40904964484425976,0.9722711884519082,0.39386420181365356,-0.5807240302147969,0.9986867040969252,0.33891569541834654,0.1565319128167475,0.21408631453872395,-0.9395294532567156,0.5635338094538997,-0.8203609542988173,-0.5790952237808185,0.10000163212110835,0.23491715714135375,-0.10957007095390736,-0.897185282980693,0.0029070189906306165,-0.32700897923318695,-0.6002873894989778,0.7608407971138755,0.11563279173161312,-0.3214387994805419,0.38648199864815713,-0.4746663292821618,0.7690957981658513,-0.10017301720384553,-0.43083485238367314
168,-0.2827871366179395,0.15502585239226363,0.838420112005855,0.20087138683589312,-0.1591593040965904,-0.09633778891841582,0.8840171833577521,0.47403182662068466,-0.6969538756046267,-0.9969856759402291,-0.22319195154281912,-0.21352973803069353,0.8435173735848145,-0.6327145707571573,-0.4080607535264158,-0.6620967285274391,-0.09993226174988856,0.8674223706663611,0.6609174062189469,-0.9635181964776891,-0.29045835432187084,-0.035251404684262466,-0.6119251717191352,-0.448308283612165,-0.6203926375468043,0.10350792614753956,0.43459866282700865,0.2750813270426826,-0.8457298631708616,-0.8552656804370464,-0.8671776791911234,-0.8410633558206329,0.08116354749147492,0.7148690022559678,-0.676977933821503,0.431113815403404
169,0.4406681794622087,-0.5283149979132242,-0.12001148605087275,-0.7222010997766974,-0.05493713621666463,-0.9643430760136535,-0.8731077172578448,-0.6691525136758647,-0.7996504168684699,-0.6492048080839816,-0.5106911070999451,0.3084056627390006,-0.18798725984743037,-0.1409907667312711,-0.5388601118112124,-0.5316102678843126,0.8711756695558177,0.7171728459755515,0.20574835310158268,0.8437825457835153,0.33399595611174404,0.5103522920354522,0.9936511178603549,0.4325252829131807,-0.8456366013133583,0.814104107335867,0.9903846685701057,0.7795374898906882,0.3969953101578909,0.17427161366498267,0.39034286888765246,0.8170908384344271,0.608585408856603,0.863782019770198,-0.7103705415154857,-0.5698114207623359
170,-0.481857793891852,-0.7634515152193289,-0.7064222466708108,0.5990016086250327,0.0684912386947929,0.42630264865124645,-0.8065168354759851,0.6675599774312881,-0.438017969057271,-0.6744457216194086,0.574703682669568,-0.6608413248188487,0.4529094567279177,0.5257105806727647,0.9896906406070154,-0.38939637796206794,-0.8364549903539003,0.35210444540541674,0.7910844456191106,0.8489255537102773,-0.16247829848353224,0.18964191154642607,0.7819597058680987,-0.2695572276920697,0.5371638829938592,-0.2692357149314841,0.6464979808317401,-0.4648297546234639,-0.57487601408031,-0.3633245029310175,0.0219584879390462,-0.5966652506067036,-0.42667117306092806,0.6177860385445075,0.8972436379101429,0.5334507856050599
171,-0.45221766085912796,-0.5730259470650054,0.8966297079090986,-0.5421978432993644,-0.06236216588734167,-0.24803867330617213,-0.6125834022569616,0.2002421513004231,-0.24675857330179762,0.8991200953332663,-0.9573144083194345,-0.5364226763114217,0.6970507702496613,-0.5223968090786217,-0.16229438109930316,-0.7467712580409163,0.6218478915395986,0.14601895807696397,0.6407109294551974,0.306680803837438,-0.9404838454039735,0.4691012841120801,0.6631222105554224,0.9931504388611838,-0.93139398700962,0.4522103565419251,-0.6429570187081353,0.7912682200507308,-0.14051240944313026,-0.2587025691200624,-0.962386394393586,0.09518887138489629,0.7965761859707003,-0.5694276837178345,0.20452796623427205,0.7153299858234319
172,0.13418942158643588,-0.23359001757709352,0.72331757908995,-0.29658036539252164,0.2865994270027148,0.06871223746360289,0.5023465734514041,0.37494755129033996,0.15434242001579124,0.19116424557705725,0.3232558734077777,0.18352212957475666,-0.7662279976545718,-0.23010471147531475,0.44981273454053405,0.40524871524050265,-0.43880484374174045,0.6653427910006258,-0.5214663410109719,0.8093358189375666,0.7906542484776546,0.06575311332913669,-0.8001268704107818,0.9507888018029664,-0.9163629094200896,0.6032899647691576,-0.0664147197346574,-0.03872958636683288,-0.41302754567122624,0.528125146288094,0.7710650174463116,-0.9794549454297667,-0.5378681277962623,-0.7719715937760789,-0.37165971841487044,-0.5746792562104162
173,-0.41145007299292535,0.047321116994915924,-0.2536861847236098,-0.501067928212612,-0.3891878425001061,-0.5626433642517628,0.7584333318061096,-0.308560160686701,0.4759909426972615,0.8415988670007568,-0.04132721042487053,-0.03849252817958293,-0.37217743892329014,-0.7194733014856485,0.34450669309579895,0.6997516750502963,0.5102401361461866,-0.4152879266526355,0.5783010491572631,-0.5352084319437138,0.01961001884698299,0.1897325607012852,-0.0822286869569917,0.04910807364142045,-0.13060245655802438,-0.7294483282578039,0.561502493337019,0.07873260067294341,-0.9497708358148,-0.21889571117037887,0.5775376066869768,0.9167095625051076,0.04616779002210336,0.4625832331005999,0.4462011098992129,-0.08183377780350987
174,0.27199843136364366,0.2142553385342314,-0.7227460552413034,0.9758279030650205,-0.06157707270201995,-0.5251331586908381,0.5616199142614389,-0.3905128808013427,-0.25265303231991654,-0.6837583346905765,-0.2368871193232518,-0.32368941927649786,0.23306485313064784,-0.024334925325973478,-0.6321294251353713,-0.9511777725008925,-0.8607275923546971,-0.520916925270638,0.7743581986828314,0.9974910091339897,0.3258699899254016,0.4559735535090581,-0.04782039546879879,-0.09636337622382096,0.996411054988456,-0.19858472295881557,0.7939152805539873,0.2739250513483853,-0.3343755357687077,0.827047660506744,-0.4988202615780917,0.06814275855363916,-0.37220016987408444,0.7052723101691043,0.5283902816296189,-0.5768134699141798
175,0.5510933725368152,-0.9894393792007212,0.28254436955909656,0.5720638515685348,-0.9891366863020963,-0.10450664325656223,-0.48457250672836993,0.2344514714868433,0.7017625161361274,0.5958945021562108,0.3072636776892237,0.12220291376905501,-0.7730496430881693,0.4464131253125485,0.2730985161949717,0.395543816714907,0.8809740331100997,0.8035318833400802,0.13074905706901463,0.10256790590110554,-0.44960932958742306,0.3902489368204398,-0.03798992672017354,0.2617022552829138,0.9280698193897075,0.1436019920548992,0.9702176729098613,-0.17880178809323954,0.2578988408420788,0.23712420170628112,-0.910171294264182,0.09817288905321808,-0.3368983760465336,0.471440017757804,0.3794313820670674,-0.6590277054310221
176,0.00947100237532239,0.1301408278372631,0.2897961081462004,0.3146347631846127,-0.6519132851184102,0.5247382529341307,0.6262305976685583,-0.924749083214393,-0.7066860577102669,0.5536128650624128,0.06668650392974884,-0.838979412374721,-0.3849758686199549,0.34581865313388227,0.5119682713182796,-0.508637701820023,0.49535018120504914,0.5711140969467816,0.6534469451213518,-0.8131182125234466,0.8048313902027822,0.20676930442862318,-0.29710463613575944,0.3097416875436634,0.9613422516854162,0.6891370027223547,0.07100102230576222,-0.34818368238396036,-0.41011574418283425,-0.7449841409665803,-0.15118055341802128,-0.42248448540048833,-0.10733736767940583,-0.6877936090132177,0.9307914827419144,0.5099336062581643
177,-0.07386374685620467,0.17854877018431892,0.23059397644047008,0.37061245210498917,-0.6519132851184102,0.6067918469059235,0.5464746402008838,-0.8892862445141181,-0.7066860577102669,0.5609913903385995,-0.1655725482093573,-0.8206310500754903,-0.13680519498583776,0.34581865313388227,0.6690265226796208,-0.4425921105553732,0.42017986947726804,0.5711140969467816,0.6867432730407927,-0.8595502845653209,0.7247121006090245,0.1062592718440003,-0.29710463613575944,-0.08291534758800245,0.9689663511815805,0.7680827581034433,0.08125265027211759,-0.39566839242758967,-0.41011574418283425,-0.8282635676828745,-0.2793532055471639,-0.5833436635189562,-0.10733736767940583,-0.7061430763745387,0.9307914827419144,0.41487953728921134
178,0.7832551713343572,-0.14329900485095037,-0.5375821114173385,0.04664807536846216,-0.016003835800382893,-0.7125661439124709,-0.11345621956729435,-0.4749642570289747,0.23963982307230824,0.3628954158324784,-0.671477145335583,-0.40663797712150385,-0.3516336086612215,-0.33665815296878776,0.12731960345576865,0.9126754929103906,0.5153755736826904,0.4698494247333975,-0.8576390183695175,0.80654867672124,-0.3707113635868373,0.5914568015306552,0.7532340388990912,0.06666219130578077,0.7557463946842873,-0.8106501857179607,-0.42171747766711065,-0.3418020973913185,0.5534994944332776,0.31767854164449694,-0.9251299667866222,-0.5779682496026295,0.4840435052430303,0.08527056894094742,-0.6700122701463287,-0.876593992535919
179,-0.26170253100312757,0.4524606796202748,-0.5459615127503905,0.058578170794581386,-0.5000953435740731,0.44539887998459093,0.24554638487030367,0.29564599119854007,0.5632489864474108,-0.010825652956079734,-0.14279790642989343,-0.6725970501798277,-0.9322659278223329,0.487354595612403,0.9194915202831022,-0.6609103934639393,0.7980148016826702,-0.3743126710131317,0.6595554575279776,0.7532274153856022,-0.9407946829093734,0.29564030441736366,0.08478356325200376,0.593244582036631,0.4239134295865057,0.6201914487924485,0.5003028406864412,-0.7552771542109826,0.33428901142912903,0.5710657230560519,0.802837127917708,0.19818090850511627,-0.2129237163017279,0.5924728485331237,0.14713300659291706,-0.18689100737546926
180,-0.41145007299292535,0.09746414749562282,-0.2856732732513392,-0.24974903871720922,-0.5069754360726799,-0.5626433642517628,0.7584333318061096,-0.1872954435644707,0.45217858422399093,0.9795369187700249,-0.04132721042487053,-0.03849252817958293,-0.5057604040451367,-0.9982954728346065,0.5796866859881806,0.7642154861652126,0.5685331102444857,-0.30839784657718394,0.5783010491572631,-0.4390420248745066,0.01961001884698299,0.4294386219626214,0.04325478564981777,0.18480444272057306,-0.19221334995913097,-0.7294483282578039,0.36595424166200785,0.01149312541841585,-0.8830423458447778,0.06450151201495258,0.47371351077714174,0.9498367956022742,0.008559243114324211,0.4625832331005999,0.3198690111193989,-0.06809347305382518
181,0.8172293652838312,-0.1676629985891307,0.296984096695579,0.9412886424789548,0.06263181301037068,-0.06452394986873355,0.6214729245986186,0.5294918076137278,-0.6370543625379785,0.5863993237797647,0.051313582043252426,-0.018377326250704762,0.8509779004607056,-0.32441267705823296,-0.2469878001527004,-0.03591776673348712,-0.15975488163084073,-0.5196075068960393,0.999387241467262,0.26008412004303016,0.28007219386253746,0.30930176692994626,-0.16920017145047916,0.7193608016990038,-0.1708275177527545,-0.4209153973460049,0.0345903304649442,-0.4055155893265192,-0.7474811085581312,-0.3909209486193286,-0.24199113850433585,0.45056322148214756,-0.5977124892892978,-0.9973332594750994,0.6989806156410705,-0.2300308135038156
182,-0.1998165242855734,0.047321116994915924,-0.2536861847236098,-0.2846368148692422,-0.5069754360726799,-0.5626433642517628,0.7954167722638654,-0.1872954435644707,0.45217858422399093,0.9795369187700249,-0.0654814954462779,-0.3459214072781749,-0.5057604040451367,-0.9982954728346065,0.5796866859881806,0.8265481543874325,0.3420430774388994,-0.2801882431998415,0.5783010491572631,-0.4390420248745066,0.01961001884698299,0.4294386219626214,0.05302985213197786,0.18480444272057306,-0.13060245655802438,-0.7376562082092764,0.36595424166200785,0.20857055093499866,-0.8171937831868958,0.06450151201495258,0.47371351077714174,0.9498367956022742,-0.4098141852630217,0.4625832331005999,0.3198690111193989,-0.08183377780350987
183,-0.41145007299292535,0.047321116994915924,-0.2536861847236098,-0.467259184276563,-0.3891878425001061,-0.5626433642517628,0.7725233605784421,-0.308560160686701,0.47496144992580636,0.8415988670007568,0.006452882384301084,-0.03849252817958293,-0.37217743892329014,-0.7025062235988999,0.34450669309579895,0.7971173006067862,0.5102401361461866,-0.4152879266526355,0.5783010491572631,-0.5352084319437138,0.13937350278409233,0.1897325607012852,-0.0822286869569917,0.04910807364142045,-0.13060245655802438,-0.7294483282578039,0.5449845298375284,0.07873260067294341,-0.952645183894945,-0.21889571117037887,0.5775376066869768,0.9167095625051076,0.04616779002210336,0.4625832331005999,0.4462011098992129,-0.08183377780350987
184,-0.18422574899032185,0.9451882085471299,0.4691279292565267,-0.603361925633811,0.781455580536802,-0.0780488516616129,-0.7209097339045307,-0.5665079871274543,0.163821356060055,0.5760699397084825,-0.6468318769170489,-0.6158705881182078,0.516743598056536,0.4407020459282298,-0.7296536751850691,0.7407747040691248,-0.9986226362362249,-0.3595062486879119,-0.14710289328859538,0.7696836510430269,0.16688800619249844,0.46307006661933614,0.802341403703815,-0.8062886772902074,0.9763652333597648,0.4989847767076374,-0.7088230588593067,-0.26918922377491006,0.055308065136109974,-0.7646957894961293,0.4619123062249455,-0.8546548319817278,0.11181555130301501,0.7568796906812059,0.6346786788121854,0.3962393101719426
185,-0.999995286071605,0.031244326776280085,0.9231717173662406,0.693554289546503,-0.2179140628240135,-0.23013609720833283,0.8597427864122233,-0.3994127640860796,0.7136458388079632,-0.275572140401966,-0.3775978055351281,-0.26566720374136743,-0.9982109862368469,0.6569617268049164,0.46755516513764483,0.39199317850629556,-0.9747155092883322,-0.05348863855558639,0.7427928601887264,-0.6904823485317915,0.0537010950524599,0.8030889534644323,-0.955226839306855,0.49205755463946854,-0.058817957614473615,0.760032411618623,0.2295435341241696,-0.35063836949244176,0.32749834539460765,-0.912994561728824,0.9520507544541641,0.5301250906834025,0.914068746278464,0.6635216908982398,0.3231991935443721,0.3392177652256645
186,-0.24771340148873588,0.8414279999164687,-0.2075377992578924,0.7101231849778942,-0.5568814568299905,-0.11769992013913133,0.20966801411694114,0.40045760458822266,0.9148898239134386,-0.5425428477229461,0.29019701124793396,0.46016162467746,-0.05028509468661002,0.7896688784094597,-0.4913132920743142,-0.06015849342174229,0.7752705124202615,0.7499402199945475,0.1576799731371996,-0.3633072397340029,0.21340115372690383,-0.6407020131156065,0.5482758974280095,0.578462394066152,-0.6352009193305854,0.5695200315930009,-0.5545203180800933,0.4968964113727077,-0.7407519178572752,-0.6529348064092588,-0.12650608121033913,0.6582199358375549,-0.03627768485087546,0.5871703724533792,-0.9330531726887714,0.64312884617469
187,0.6002629078523052,-0.26146032108067985,0.9012277538640905,-0.3047747024248433,0.5530757959286126,0.02951557264575122,-0.15883926654278935,-0.028748787197587333,0.3377154239317237,-0.37887342137179814,0.03245552257609874,-0.28559530474043804,0.51975507745154,-0.5724827703060127,-0.9851550426142925,0.9558660739194293,-0.8047295058717827,0.39486537951849177,0.6631755153907217,0.2345713583457405,-0.13380691223210817,-0.41405614203617835,0.45123242445959466,0.5106929139868692,0.6293881990832482,-0.38038749920364134,0.5976889293867442,0.35729467889579447,0.03417101304350867,0.6828409341028121,0.8425866399748747,0.4904664083458765,0.8881724643115867,0.7107609582856611,0.5099757819248982,-0.6040593389584421
188,-0.5322844594136276,-0.46178810922195357,-0.24318889015132084,-0.5732861108454936,-0.7195637354343845,-0.9865842418698565,-0.1717429685829428,-0.22104899811689505,0.3944740782217431,-0.15249000622241815,0.8131043193721355,0.4205124164771177,0.8118809123583934,-0.8094561818533348,0.05182933412798296,0.5177074485043054,-0.5334401251202836,-0.01949167362008386,-0.8543466373391133,0.9051269166809639,-0.4269114907697351,-0.2534843971625216,-0.4796454310119185,0.26670523865363016,-0.5523967488508039,-0.34266279638949815,-0.6879386291136056,0.19935341592484024,-0.43154394906212046,0.46964923054757124,-0.47624722449171664,0.6633653063114873,-0.6810404224990194,0.8019024242314214,0.8237334033304171,0.6241433313011675
189,0.07185575158332158,-0.683031275852299,-0.09711580822380927,-0.45962021968667144,0.586762508943989,-0.3376194915573505,-0.8483924993503671,-0.8644205100768898,-0.33821972267446365,0.7123825354309166,-0.34317407022117985,-0.9923264903410491,-0.9041972099031192,-0.25139100515251145,0.9122254058335613,-0.3718717406921588,0.32123728097359794,-0.5431318784258048,0.34869081847978567,-0.5232609560131456,0.19300385356706995,0.04673854386982956,-0.14812907695958288,0.1486012559666139,-0.09554326988787643,-0.8290208138701944,-0.11943372336405988,-0.04733117813755916,0.40994016265249344,0.662046760017178,-0.8042002850681185,0.02530104215795248,0.5617467776044298,0.653578907600588,-0.9948086165864367,-0.14123752084294905
190,0.9163878914426671,-0.4291055743291583,0.296984096695579,0.857323830635119,0.06263181301037068,0.07916235404279037,0.49129012747371337,0.5294918076137278,-0.5441788993135803,0.5863993237797647,0.10120187602516895,-0.018377326250704762,0.8776906957254225,-0.37200618725387,-0.2906996533744486,-0.03591776673348712,0.0399474870304406,-0.5196075068960393,0.999387241467262,0.26008412004303016,0.2659657560501718,0.24063551736414568,-0.3032349269143988,0.7022877950592579,-0.1708275177527545,-0.4209153973460049,0.0345903304649442,-0.23106876641871232,-0.7360146909988214,-0.3909209486193286,-0.24199113850433585,0.45056322148214756,-0.5977124892892978,-0.9973332594750994,0.6989806156410705,-0.19783933402734388
191,0.9374515071591734,-0.6450301890687338,-0.5733160192988564,-0.3110681760648244,0.9575744677914093,0.22448774583254716,-0.3799011808360431,0.7034650165210374,-0.34767223200461195,-0.6902339104202819,-0.27306542932102706,0.6084181960474859,0.9582505828163075,-0.47910059631950674,0.9041756576780746,-0.13865370320751058,-0.5419457456064483,0.691026364899759,-0.22620118907491515,-0.557101543675415,0.6908660380948553,-0.9296419875966886,0.9538565605060043,0.8688458235367373,-0.8909826879993932,-0.017059511276084738,-0.9064437772938896,-0.37894922178947854,0.720715884479366,0.09382668679763806,-0.3758985080009898,-0.06561377472511776,-0.31079966981335483,-0.42505451568890984,-0.6009525833463281,0.17712170670409355
192,-0.10763840638649702,0.9327648665740811,0.4691279292565267,-0.603361925633811,0.781455580536802,0.033713547895807716,-0.7209097339045307,-0.5665079871274543,0.5693106563645205,0.37081730278534164,-0.9773038980103628,-0.6158705881182078,0.5266735551686255,0.2763716964682914,-0.5365911495962747,0.7514448000847342,-0.9948556943350342,-0.3595062486879119,-0.0922555519425321,0.6886627300440467,0.26672461024477956,0.5175935904861753,0.802341403703815,-0.786194532509914,0.8593623854986483,0.421241864592125,-0.6737252666924038,-0.25813605265702133,0.055308065136109974,-0.8482385527841179,0.500705629562948,-0.8546548319817278,0.1146959901479625,0.8450715173205807,0.4961071206609575,0.6638579305722903
193,-0.7324651833316402,-0.40489268689552493,0.7561481346432939,-0.9435148289375643,0.6318493421535043,0.018328013396210485,0.1888962177896134,0.8018527846476633,0.6958987559720449,0.03835636267498521,-0.5469073978139503,-0.7777113000380593,-0.12203203180762201,-0.45426553965665084,-0.9221136181997631,0.5033752201861328,-0.7498104445507168,0.001895800468312725,-0.08092028786535876,-0.7627785902583681,-0.3970796639326579,-0.0987193893788334,-0.6940854193811197,0.8258609041580227,-0.0885992824304247,0.5818847567741408,0.04506409455722382,-0.9011489286352248,-0.46404969929728046,-0.2823476924869861,-0.839183867615825,-0.7561258413501255,0.008924102008682988,0.1752846388821252,-0.340329361202093,0.9214987231842457
194,-0.991912500479393,-0.5957909059529138,-0.32066901809682613,0.5190748068979807,0.2752013013750212,0.69926461766211,0.2716629831516888,-0.2447361738747238,-0.09946023892245548,0.6464527906690472,-0.7213752756509979,0.09216340169457227,-0.7827529147830756,-0.3023517088337122,0.6407276488481308,0.15990952765634336,0.376618695845897,-0.4900818658067063,-0.11983230086898944,0.8439833080916586,0.9015548773876172,-0.8268964179422118,0.11960252184645759,-0.8269317685432256,0.06017775885435994,0.7645842563786795,0.8179596937557607,0.3672584183280845,0.2817193321694649,-0.34369377315574146,0.27576554469950865,-0.2426341786265287,-0.6622616932278633,0.6575925963605005,-0.4170895564537964,0.6281527234715982
195,0.7348944235452122,-0.7901002282121938,0.8662550277727834,-0.0854064028844419,0.9105862059871785,0.09922571347230047,0.4700711963670481,-0.5988618018115992,-0.013245199385347073,0.8221928940039067,0.5994618920990866,-0.24354166756278173,-0.2741455500242842,0.3714573852364442,-0.42860864234147544,0.8405755612448427,-0.9709218361311331,0.6536762861598178,0.5235700298700019,-0.09442575767640693,0.05930916507977435,0.6056441331580689,-0.031644744461816865,-0.18228541967749345,-0.9996290811333399,0.6406059905917876,0.346458164049011,-0.6798267714643458,-0.9436800327079116,0.08609161828679901,0.9839479048704673,0.48157902486949955,0.25657054651076483,0.24155609554733215,0.7526242441134432,0.7508887341117367
196,0.7721607154271546,0.2177944974367445,0.09057265882969912,0.4817328896515183,-0.12636016659806049,-0.24401525482769504,0.23965226792151428,-0.5056369523886195,-0.44795529314676785,0.334834537782315,0.49224347182266515,-0.2651466004801999,0.5176724880525394,0.822810685033246,-0.044766104725896705,0.8145705276166713,-0.8803772708316695,0.07835695621639238,0.9669490194515362,0.8466463283519565,-0.6095749060706099,-0.5348564344186357,-0.4074882718350117,0.45167760272234214,0.27099696728305145,0.8722317471645071,0.1348560563896477,0.5512049913084238,0.8179938352423488,0.2773055958245956,-0.8868718314065984,-0.4099618228259956,0.9034568323036831,0.06060325076662676,0.420224460659677,-0.5495080070988114
197,0.8031592853124285,0.5549955785552012,-0.5993712589088429,0.13757365557610068,-0.9715096208926626,-0.31559163132052936,0.7969827581571749,-0.47769653356315755,-0.7142553778016767,0.4897763747024064,-0.11123050955564806,0.8263817539837917,0.13938721134122845,0.33225666930890485,-0.34291012238148855,0.6515196128498366,-0.22456911766522913,-0.22437799415859372,0.7011273448551798,-0.24495483512689575,-0.7990899079821114,-0.08219258596358081,-0.6706671987742723,0.12360106000870119,0.1475262466187235,0.41676511342555367,0.6723130095484131,-0.8347180793398319,0.8469320397040043,0.5795475720666086,-0.1809352824791679,-0.7289963259260457,-0.9951667500057393,-0.1921970410246585,-0.19339582282875245,0.869821789384682
198,-0.20755932930837329,0.8299078812608403,-0.2075377992578924,0.6273710999216326,-0.5568814568299905,-0.1417350642477453,0.09622532174872811,0.6491599024331614,0.9792368870503434,-0.5343061832182561,0.29019701124793396,0.4830264884393187,0.03322096611936565,0.6306403621978398,-0.6013974331408181,-0.015909967873257713,0.9820323607342527,0.8847286211954328,0.1576799731371996,-0.3633072397340029,-0.020778225968518305,-0.4521430019874195,0.061371082468534954,0.7146587399379378,-0.6352009193305854,0.7567942461756509,-0.6671567687603146,0.4968964113727077,-0.34395915544722344,-0.6671166131642634,-0.1315489616806671,0.6582199358375549,-0.03627768485087546,0.5871703724533792,-0.9330531726887714,0.9368588772316222
199,-0.6958545778132053,0.976494609256076,0.9282749172513121,0.45362335558766653,0.7780967850500793,0.6876270805520974,0.7041386158936782,0.31073096199665295,0.8805535173704453,0.8074783263831227,0.36997552698675795,-0.6596042695987911,-0.2363394991265635,0.9050833237340628,-0.12292736925845205,-0.10269343824273114,0.3696921454801254,0.38862394878106254,0.7983436859898803,0.31544162737826964,0.9309454569871563,0.4212875977427071,0.42418818284708526,-0.9883406933946355,-0.09670479033461787,-0.9435091090649204,-0.004121489399856015,0.05277571280042803,-0.137070716904226,0.6662957812072703,0.011332276489786075,-0.687045132598501,-0.2508088839714335,-0.12019916915385265,-0.0679934956400321,0.04603200800853058
200,0.5927688151900461,0.8255761976878786,-0.7563033823935323,0.4165984467045529,-0.5501062143522342,-0.8584320502962677,0.0768055947246915,0.7815551852324649,-0.08296692776367243,-0.18197269746553713,-0.6933621170630044,-0.8100113783720158,0.08610809930082874,0.5033219638638349,-0.8321472784407971,0.6692329982741694,0.6833659477530116,0.19332427616415648,0.6470809717309858,0.7301912406800588,-0.4374628436251453,0.7442331906406761,0.6201749102505898,-0.2921273964552238,-0.32788510394922454,0.28175195122391217,-0.18599837135578734,0.3067041415295273,-0.27935838929756707,0.05131269724780263,0.45958795585019696,0.8817321950138466,0.48852297548838686,0.38084702058355724,0.12933290324804392,-0.20023547481996395
201,-0.1452950716243966,-0.22502495440830117,-0.9814993365658926,0.31327316947220774,0.18926548431141765,0.6514262441004335,0.21936615538823068,-0.08936763055164909,-0.3337881428099496,0.3128993870650325,0.4812465971497266,-0.4117996884183668,0.6755580477048668,0.764765385166088,-0.23195158913374447,0.9188238007375344,0.5691167980033325,-0.43186299443271325,0.05836082017516553,-0.29231856850095905,-0.9093510637949314,0.5185162824820213,-0.5625063347745225,0.13765022102597202,-0.04053297508005649,0.08163430767066648,0.3993162001049062,0.41180228838875554,-0.6782264265421991,0.7355927901538475,0.5255295406038398,0.9664535540890609,0.9814449049869007,-0.049952216835273955,0.5303952322384347,-0.5267192822878024
202,0.7839770948787566,-0.14329900485095037,-0.5747353786296634,-0.1497051841508017,-0.15704655744008145,-0.5933717791282584,-0.11762571950644873,-0.5205926326371626,0.3790774226962479,0.46035928758219136,-0.671477145335583,-0.26867622191464724,-0.4345931544625672,-0.4403771811495951,0.2117597021303348,0.703844484435896,0.5537861194980191,0.4698494247333975,-0.8568276869331861,0.80654867672124,-0.4396147589916266,0.5587096823949911,0.6172551578055889,0.18314074352701448,0.6214127263154052,-0.8544759109522386,-0.5530635525555003,-0.4456746511689431,0.5534994944332776,0.31767854164449694,-0.9251299667866222,-0.41952158149176877,0.42800199210103496,0.08527056894094742,-0.769721278755503,-0.876593992535919
203,0.8901612182374958,0.5508652766712945,0.7573959423911019,0.6708721423918158,0.4981333667162353,-0.5504510217848482,-0.3426067692170456,-0.9006610558890531,0.0489657999330968,-0.8372604394331191,0.7693651551614853,-0.4816250217758371,-0.4128078731650886,0.6381213641901242,-0.5275641749734394,-0.6346193428458371,0.5475058294049688,0.7421308058070499,0.4813429064163419,-0.10142405899933116,0.4404138363526693,0.3695869211081144,0.326073113833091,-0.43333355065476575,0.3718028708062291,0.6582819675710716,0.9173443023946868,0.06070966902088282,0.9823885425534449,0.9325767805574656,0.04036502758363025,0.4480405196148134,-0.2480414637249777,0.8843123488465332,0.9736538451332071,0.43311469736429986
204,0.7839770948787566,-0.14329900485095037,-0.312068035503702,-0.1497051841508017,-0.016003835800382893,-0.7189430223649189,-0.11345621956729435,-0.5205926326371626,0.4339086913058372,0.46035928758219136,-0.671477145335583,-0.26867622191464724,-0.4298267361882575,-0.45229075305916533,0.2117597021303348,0.7855644338772967,0.6215876792972828,0.6350981184256164,-0.8568276869331861,0.22780203993755643,-0.4396147589916266,0.5587096823949911,0.7532340388990912,0.06867250744241726,0.6740667103194096,-0.7586102828152819,-0.5530635525555003,-0.4456746511689431,0.5534994944332776,0.5012167840810873,-0.9771316691536902,-0.41952158149176877,0.3950492379087869,0.16149533346854827,-0.6700122701463287,-0.876593992535919
205,0.5705120533659409,-0.6652337620852509,0.7882451802814583,-0.22164702308584938,0.9829126214485497,0.09922571347230047,0.4700711963670481,-0.5988618018115992,-0.013245199385347073,0.8221928940039067,0.5994618920990866,-0.24354166756278173,-0.09963351445407542,0.2571644617333553,-0.42860864234147544,0.8405755612448427,-0.9748660517487884,0.6536762861598178,0.5235700298700019,-0.1232395175577583,0.05930916507977435,0.6056441331580689,-0.031644744461816865,-0.18228541967749345,-0.9996290811333399,0.7076062463099517,0.2402982109730325,-0.6922590838722196,-0.937920646697112,0.14948091704833644,0.9839479048704673,0.5197550557271917,0.25657054651076483,0.23756541104517392,0.7526242441134432,0.7573610634164176
206,-0.8265974191433005,-0.3596026244108239,0.002498169547495044,0.8410256824660944,0.3639193967405856,-0.26759873905317066,-0.6989954291461431,0.05285504471032754,-0.8727413266594075,0.21364450058259132,0.899333229531446,0.41665297850355465,0.3161497863707965,0.8272746930604018,-0.2880003491523151,0.6085486294901701,-0.6743872687583741,-0.13971687047385895,0.48675125520914575,0.07698136585032134,-0.6504143121437433,0.916114220208212,0.20560755353341675,-0.8809490530373563,0.15247559340072336,0.02871034974132658,0.3684791939015801,0.1999511396870599,-0.3621793649936458,0.07440476043361777,0.5728495795416038,-0.42771048915337917,0.628411376916252,0.19798889363274985,-0.32457473101359247,0.7830758433510407
207,-0.4991721503431057,-0.46178810922195357,-0.24318889015132084,-0.5732861108454936,-0.7195637354343845,-0.9760751349044594,-0.16330927029782938,-0.16007433609341715,0.3944740782217431,-0.12588932867443958,0.8131043193721355,0.4205124164771177,0.8118809123583934,-0.8094561818533348,0.05182933412798296,0.5083265923344551,-0.48764135643549245,0.015759017690219368,-0.8543466373391133,0.9051269166809639,-0.4269114907697351,-0.2534843971625216,-0.4796454310119185,0.2619299684882943,-0.5523967488508039,-0.31437823701171363,-0.5184701201643214,0.19935341592484024,-0.43154394906212046,0.46964923054757124,-0.19790816758526097,0.3975908224755369,-0.5619960312163388,0.8019024242314214,0.8237334033304171,0.6241433313011675
208,0.8901612182374958,0.5508652766712945,0.5979696875706624,0.6708721423918158,0.4981333667162353,-0.5504510217848482,-0.37493421818212425,-0.9006610558890531,0.0489657999330968,-0.7742109421142651,0.7693651551614853,-0.4609694844093344,-0.4128078731650886,0.6381213641901242,-0.5275641749734394,-0.582143267102738,0.5475058294049688,0.6995683252333982,0.4813429064163419,-0.10142405899933116,0.4404138363526693,0.3695869211081144,0.326073113833091,-0.43333355065476575,0.3718028708062291,0.6582819675710716,0.9173443023946868,0.06070966902088282,0.8749245951140991,0.9325767805574656,-0.28021751666634165,0.37687168515580205,-0.2480414637249777,0.8843123488465332,0.9736538451332071,0.43311469736429986
209,0.04722577398292738,0.17854877018431892,0.08398758461798361,0.3175144896416897,-0.6519132851184102,0.5247382529341307,0.621192284188631,-0.9173799884879863,-0.7066860577102669,0.5536128650624128,-0.1655725482093573,-0.838979412374721,-0.3849758686199549,0.6185598819485598,0.5119682713182796,-0.508637701820023,0.46389942165006604,0.5723282030913788,0.6534469451213518,-0.8131182125234466,0.6494669498262677,0.30204574620134506,-0.3483158075103785,0.22873922197223995,0.9332673473017552,0.6891370027223547,0.08125265027211759,-0.34818368238396036,-0.41011574418283425,-0.8430935603240712,-0.15118055341802128,-0.42248448540048833,-0.10733736767940583,-0.7061430763745387,0.9307914827419144,0.41487953728921134
210,-0.23412226366182765,0.6065017546509077,-0.5053665791193109,0.6638486456513892,-0.3720441639706724,0.7015788600279835,0.250003346883255,0.49691106689593667,-0.920758901448196,0.9771456677902903,0.8525896242030027,0.3331025570282311,-0.36921459293960224,-0.6188670794565945,0.8594787054291231,0.33401608784675063,0.8331361349672357,0.3598211328072254,0.72303912948725,0.31092943466430634,-0.35735922148566734,0.9890900542097985,0.05110888161191007,-0.11582943438219417,-0.20195088118488602,-0.6345882656439406,-0.28877977205476,0.6824060022214942,-0.682699441509643,-0.9408752454903901,-0.10172360385682633,-0.4964619725695154,0.1779776846314256,0.9663127960565339,0.8908658244678027,0.7362241712160733
211,-0.35311878515896833,-0.6105763923740744,-0.6272039261544311,0.6747992491740051,-0.2585934580071272,-0.7294263992319765,-0.4193330120686549,0.858939438988072,-0.9009417269909097,0.11771973124557866,0.7099268285695739,-0.04650955150495406,0.2300811668063123,0.36030470057318253,0.8406937967864918,-0.207242358982477,0.7234598846489284,-0.8430347962101195,0.3669208080277204,0.6175863141470912,0.7427228112586366,-0.8665592722812481,0.9857279480508112,0.000656304270914454,-0.32997565807754214,0.6292058414744912,-0.5971025703435222,0.45520694147839347,-0.13853949217408612,0.7026989877673346,0.6185562157594855,0.11196514130661872,-0.2677315731109706,-0.005461173823045451,-0.15941692814524222,0.3274704398660544
212,0.5304524270552771,-0.7901002282121938,0.7951187617333706,-0.3111088046043613,0.9829126214485497,-0.060688211019519045,0.3489412341819338,-0.4559122072352131,-0.013245199385347073,0.60637371273106,0.6267934879433048,-0.25242633674261916,-0.46176601963894814,0.3714573852364442,-0.42860864234147544,0.8405755612448427,-0.9361133777549515,0.6536762861598178,0.4280631304546354,-0.1232395175577583,-0.11169151051451576,0.6486866862442751,-0.06919726615684829,-0.2435172040596738,-0.9937732133403694,0.7348343642013553,0.3958665338415128,-0.9550722285736175,-0.894564950224203,0.10520131678533384,0.9839479048704673,0.48157902486949955,0.11493051143973232,0.2888759787353157,0.7526242441134432,0.7644796634656605
213,0.014454017817634224,-0.42208708261429884,0.12827434596799892,-0.2938715772511835,-0.6945229377392144,0.5663771660462591,-0.8610213041366916,-0.17623622074789558,0.1980820798906895,0.7868181818303854,0.5654270138078301,0.1675415228289756,-0.4195176754899883,-0.06855114637158133,-0.2912601028305766,0.7744380621851685,-0.4603422736534659,-0.3617628009572986,-0.96021065373126,-0.04770623040999533,0.5061137250645018,-0.3496277723463961,-0.42169395633051177,-0.05500405182954782,0.851223095766189,0.16754107815038255,0.9483426494210458,0.15076988222954957,0.4020289885157944,0.7706697360702495,0.8199821728537797,0.47851350675125914,0.9048269130365445,-0.597919487727347,0.8965612076709109,0.09065319307583719
214,0.8901612182374958,0.6375690501777718,0.5979696875706624,0.6910998785978897,0.4981333667162353,-0.5504510217848482,-0.4944625783001815,-0.9006610558890531,0.0489657999330968,-0.7742109421142651,0.8912034794494403,-0.4816250217758371,-0.4128078731650886,0.6381213641901242,-0.5275641749734394,-0.6346193428458371,0.5475058294049688,0.6995683252333982,0.4813429064163419,-0.10142405899933116,0.4404138363526693,0.3695869211081144,0.324570913043823,-0.43333355065476575,0.3718028708062291,0.6582819675710716,0.9173443023946868,0.06070966902088282,0.937685395329078,0.9256654950531533,-0.28021751666634165,0.4480405196148134,-0.2480414637249777,0.9955056813936054,0.9736538451332071,0.5024432981435092
215,0.8485996627194454,-0.1676629985891307,0.296984096695579,0.9412886424789548,0.06263181301037068,-0.05510744854683658,0.5297443408024092,0.46296259210373014,-0.5441788993135803,0.5863993237797647,0.10120187602516895,0.12976077323109547,0.8481716405448363,-0.3861542368526638,-0.24199280912739463,0.04851145166847237,-0.33761862642577145,-0.5196075068960393,0.999387241467262,0.26008412004303016,0.2659657560501718,0.17045495154941803,-0.12000278338480364,0.779270119924959,-0.1708275177527545,-0.4209153973460049,0.0345903304649442,-0.23106876641871232,-0.7342524476527585,-0.4243144938303487,-0.24199113850433585,0.45056322148214756,-0.5977124892892978,-0.8947591978680509,0.6989806156410705,-0.1856024766817228
216,-0.5322844594136276,-0.46178810922195357,-0.24318889015132084,-0.49621538978401736,-0.7195637354343845,-0.9865842418698565,-0.1717429685829428,-0.45934198635015333,0.3944740782217431,-0.05660717169455953,0.8131043193721355,0.4293677481159244,0.8118809123583934,-0.8002325493380003,0.05182933412798296,0.5177074485043054,-0.5334401251202836,-0.01949167362008386,-0.8453357508924404,0.9051269166809639,-0.42412825138937493,-0.2534843971625216,-0.4796454310119185,0.26670523865363016,-0.5523967488508039,-0.34266279638949815,-0.6879386291136056,0.19935341592484024,-0.43154394906212046,0.46964923054757124,-0.47624722449171664,0.6633653063114873,-0.6810404224990194,0.8019024242314214,0.8237334033304171,0.6241433313011675
217,0.9077735235403919,-0.5882029913853211,0.8662550277727834,-0.22164702308584938,0.9869927192982957,0.016940612729977378,0.7005323130807424,-0.6972242103726287,-0.013245199385347073,0.8221928940039067,0.5994618920990866,-0.24354166756278173,-0.2741455500242842,0.3714573852364442,-0.42860864234147544,0.8405755612448427,-0.9709218361311331,0.6536762861598178,0.5235700298700019,-0.04749876932233388,0.08432280052099106,0.27700001017071907,0.02803450874882274,-0.35127902533169353,-0.9996290811333399,0.5775355545508059,0.3958665338415128,-0.6798267714643458,-0.9436800327079116,0.014715690833511985,0.9839479048704673,0.5060894148072135,0.24462696593421462,0.1731910270582817,0.7831076255251208,0.7573610634164176
218,0.014454017817634224,-0.9753446566382726,0.12827434596799892,-0.2938715772511835,-0.6945229377392144,0.5663771660462591,-0.8610213041366916,-0.17623622074789558,0.1980820798906895,0.7868181818303854,0.5654270138078301,0.1675415228289756,-0.4195176754899883,-0.06855114637158133,-0.24871334548850954,0.8802081395028358,-0.4603422736534659,-0.3617628009572986,-0.96021065373126,-0.04770623040999533,0.5061137250645018,-0.3496277723463961,-0.5198806900873103,-0.05500405182954782,0.851223095766189,0.16754107815038255,0.9483426494210458,0.15076988222954957,0.5099721495067275,0.7706697360702495,0.8199821728537797,0.47851350675125914,0.9048269130365445,-0.597919487727347,0.8965612076709109,0.18365179399150788
219,0.2593128508703808,0.27057243902356154,-0.1089835327055646,0.9997465076059251,-0.437967276547536,0.3092616877431984,-0.42420009184678875,0.31702726579820717,0.11144692584112259,0.7228391648436552,-0.17640076430723184,-0.32023858843788733,-0.0954003105825616,-0.229468349571482,-0.08616802181127059,0.2342077047101747,-0.3653163078178996,0.40499262652983203,0.38301471441937096,-0.26519862066027233,-0.9397558800313193,0.6308597159689397,0.8528793831784531,0.8738558441876658,-0.29555708079596643,0.6614208466968017,0.48358263412941094,0.6633593244436786,0.7513628318675829,-0.505451285169233,-0.3584058082783379,-0.8221892597322034,0.16142321080436717,0.034717650378752074,0.26465386922796363,0.025379158862124607
220,0.6828475766441706,0.6389509243754827,-0.1678859911404864,-0.6737827357731168,0.3130305340390298,-0.6295191921634236,-0.045421023501645896,0.2581385865117969,0.6685795322592731,-0.37620344323379706,-0.5723775546949394,-0.7751533071452077,-0.9160550833334058,-0.8948158357817699,0.3893448054515489,0.8639532047856642,-0.2076988371440438,0.30828243761309415,-0.6681433120237414,0.0580068231019546,-0.5527431472330293,-0.18570920533801516,0.6465176085188495,0.8465355955252241,0.14638651945332293,0.7698380856946359,0.8654244265978517,0.43084809751449016,0.14163314613736988,-0.7811950196093422,-0.6896376006391904,0.9906869867616845,0.4761009872963182,0.28142580310548704,-0.20111564213156674,0.17317139104647583
221,0.5517612824630291,0.6864894847652132,-0.8750538779177122,0.07680166095160512,0.7885160873126278,0.24811315472584083,-0.0048864935806312015,0.6919362994478373,0.5154147052117704,-0.5512809013405282,-0.5960644349779292,0.4746768075102141,-0.8492888563534793,-0.43186972140448043,0.07355427658309521,-0.5065815246926169,0.1790490821415316,0.3815875334122636,0.7008648473435128,-0.6856803413268433,0.2144255324408173,0.8485348099757624,-0.852094281555813,0.7175809912981159,0.33510421177840666,-0.8994506012737864,0.8596472693726176,-0.3061070339070875,0.8994418376885724,0.33161354016098055,-0.6089370007141244,-0.7936571784434034,0.15518393909232198,0.3440063097064445,-0.10561061489314283,0.8545380136443135
222,0.7275148549390331,0.6934857086974551,-0.5993712589088429,-0.017384339551091976,-0.9321216448050056,-0.31559163132052936,0.7866465925723081,-0.47769653356315755,-0.7142553778016767,0.4897763747024064,-0.11123050955564806,0.686694767657354,0.13938721134122845,0.33225666930890485,-0.34291012238148855,0.6515196128498366,-0.22456911766522913,-0.2171701052998345,0.742454239218655,-0.1062376471434261,-0.7990899079821114,-0.08219258596358081,-0.6345879752021453,0.12360106000870119,0.1064547111921974,0.41674827233863687,0.6761700039567882,-0.9126523804007947,0.827774149093127,0.5795475720666086,-0.15252626121396662,-0.7289963259260457,-0.9951667500057393,-0.1921970410246585,-0.1189632534177687,0.869821789384682
223,0.9285983034395062,0.3226995066148133,0.8167143094082217,0.8643334807780296,-0.5330252814838938,0.852796220916239,-0.2831041029100638,-0.8025830640751677,-0.7380571152740403,0.05530739964788456,-0.0005125508637382481,-0.15252710431792083,-0.11466648306530192,-0.7324147025534433,0.0625303482731776,0.11442805299371761,-0.7761481641253263,-0.2106114156984431,-0.5743855349361211,-0.38813069155300317,-0.8292049691088064,0.235992076632628,0.6052876974809602,-0.6816857082585124,0.206720813877169,0.797731150083705,0.1198221807601112,-0.6908548355862927,0.0642512181158652,-0.6529470072560168,-0.7013578892302856,0.40160933765519613,0.30774782872588147,0.8254821228451206,-0.02334425021563291,0.9176968911309622
224,-0.35311878515896833,-0.43914641896867357,-0.6272039261544311,0.6747992491740051,-0.2585934580071272,-0.8919480480856232,-0.2759060418971684,0.858939438988072,-0.9009417269909097,0.11771973124557866,0.7099268285695739,-0.018324110675695282,0.2300811668063123,0.40092002927332726,0.8406937967864918,-0.2194440434818301,0.7234598846489284,-0.8430347962101195,0.3669208080277204,0.6175863141470912,0.7427228112586366,-0.8621417502121507,0.9857279480508112,0.000656304270914454,-0.32997565807754214,0.6292058414744912,-0.4772652433218596,0.47212548051464576,-0.13853949217408612,0.7026989877673346,0.6185562157594855,0.19118282455381697,-0.19241733288561313,-0.005461173823045451,-0.15941692814524222,0.3274704398660544
225,-0.24771340148873588,0.8491680430361526,-0.13795161783875898,0.6733156443711368,-0.5568814568299905,-0.054836062302664246,0.30299537060325754,0.667628189083995,0.9148898239134386,-0.6064359091081493,-0.0990418378050737,0.5518325729201419,-0.05028509468661002,0.717524062953917,-0.6013974331408181,-0.013392624064712644,0.7887997566874405,0.6704942773536158,-0.01139550758383745,-0.3633072397340029,0.24619974866718963,-0.6581387724121046,0.6032342953217578,0.578462394066152,-0.6352009193305854,0.7567942461756509,-0.6080917032198923,0.4968964113727077,-0.5646193914421851,-0.7959476886219179,-0.12650608121033913,0.7381683865445527,-0.03627768485087546,0.5871703724533792,-0.9030063192996447,0.9725425434995938
226,-0.19495696256089223,0.9977763741520913,0.4328513080573875,-0.603361925633811,0.7652529765701992,-0.33228497148044656,-0.7856858309334251,-0.5665079871274543,0.6380800700512714,0.6669385629108002,-0.9625435367719013,-0.7090892491860641,0.6289480630564004,0.27796114691401264,-0.6592693864701904,0.7514448000847342,-0.9966551900933176,-0.05155536521351811,-0.12427611396008986,0.6886627300440467,0.14962103766538992,0.46307006661933614,0.802341403703815,-0.786194532509914,0.953238236189605,0.3778622932487614,-0.5137485291660187,-0.25813605265702133,0.055308065136109974,-0.5562664635816112,0.5619824632792021,-0.9728266692600289,0.11181555130301501,0.7568796906812059,0.39037334949770885,0.9150780077233878
227,-0.35311878515896833,-0.43914641896867357,-0.6272039261544311,0.9213552430700518,-0.3321935807718943,-0.7294263992319765,-0.43408126223643095,0.858939438988072,-0.9009417269909097,0.07224309516364058,0.9004518678478188,-0.014293160230158364,0.2300811668063123,0.3818203201562109,0.9660000383410816,-0.207242358982477,0.7234598846489284,-0.7813019932233405,0.3669208080277204,0.6175863141470912,0.7427228112586366,-0.7119124548116489,0.9857279480508112,0.015950792231697042,-0.40965662490909893,0.6292058414744912,-0.47040616552923376,0.38105338908366804,-0.13853949217408612,0.7026989877673346,0.6185562157594855,0.11196514130661872,-0.19241733288561313,-0.005461173823045451,-0.15941692814524222,0.3274704398660544
228,-0.6085008174682989,0.12052681575557478,-0.9137368445665066,-0.7791565798363551,0.15598376242608802,0.2651058128174153,0.48694118826643074,0.9788132703039234,-0.026242215469431507,-0.24133183947878534,-0.39721230721635625,-0.8587237073535481,-0.4273010503058523,0.9411852587361549,-0.9499883529342628,-0.41753048251436575,0.46560420542545855,-0.2325645770572451,0.2708072762812974,-0.0449457196781764,0.25970563277256775,0.9769915690740276,-0.6777834859920511,0.31788220577734005,0.45380560517218327,-0.24026772454821033,0.4955521851709386,-0.7256627499286128,0.13151336986574558,-0.9343627196038489,0.10062193233098493,-0.40588677494354486,0.0509245095628128,-0.8199178971426637,-0.751436145810146,0.8242777000410162
229,0.8109426440296774,0.7297747381337476,-0.721845130213763,-0.15655511917766773,-0.927162503030325,-0.27013821333454424,0.7881364569677634,-0.43679483505200123,-0.6694649826235202,0.20530059433554904,-0.08082320686377975,0.9676598386877755,0.13938721134122845,0.25056690074479326,-0.02586045324647146,0.6515196128498366,-0.06830088166527593,-0.19340638266028787,0.8247540155678743,-0.08948787102811595,-0.7990899079821114,-0.09395675388116076,-0.840843726131977,0.08981280900372268,0.1064547111921974,0.2873830351743425,0.7048405992416948,-0.9117756042548795,0.9566520014627979,0.8796321237922458,-0.26504466512217184,-0.7240938893366897,-0.9397374733868726,-0.23816407542263351,-0.04807715701995252,0.8475814219264142
230,0.7839770948787566,-0.14329900485095037,-0.5747353786296634,-0.1497051841508017,-0.15704655744008145,-0.5933717791282584,-0.3917430686861656,-0.5205926326371626,0.3002121483919693,0.46035928758219136,-0.671477145335583,-0.27380061885042717,-0.4345931544625672,-0.4954924242306322,0.2117597021303348,0.703844484435896,0.5537861194980191,0.4698494247333975,-0.8169858971081505,0.8455410777109484,-0.4396147589916266,0.5587096823949911,0.6172551578055889,0.18314074352701448,0.6216982948904584,-0.8544759109522386,-0.5530635525555003,-0.4456746511689431,0.5534994944332776,0.31767854164449694,-0.9251299667866222,-0.6271358903073605,0.42800199210103496,0.08527056894094742,-0.7280808184207206,-0.876593992535919
231,0.8901612182374958,0.5508652766712945,0.5979696875706624,0.7028178700021992,0.4981333667162353,-0.5504510217848482,-0.37493421818212425,-0.9006610558890531,0.0489657999330968,-0.7742109421142651,0.7693651551614853,-0.4101630046993241,-0.4128078731650886,0.6850625629279905,-0.5275641749734394,-0.582143267102738,0.5475058294049688,0.6995683252333982,0.4813429064163419,-0.10142405899933116,0.4404138363526693,0.3695869211081144,0.326073113833091,-0.43333355065476575,0.3718028708062291,0.6582819675710716,0.9173443023946868,0.06070966902088282,0.8749245951140991,0.9325767805574656,-0.28021751666634165,0.37693262043812314,-0.2480414637249777,0.8843123488465332,0.9736538451332071,0.43311469736429986
232,0.7076077556294478,0.7582584612734642,-0.6002105569318819,-0.15655511917766773,-0.9653569642450355,-0.21900394651206212,0.7866465925723081,-0.43679483505200123,-0.6873956292723102,0.20530059433554904,-0.11123050955564806,0.686694767657354,0.13938721134122845,0.4703487694886255,-0.2829346015987586,0.9028549988425554,-0.3042317230497724,-0.19896923134378386,0.7299742738116617,-0.09784684725963322,-0.7990899079821114,-0.09395675388116076,-0.7862728102738483,0.1356077847310857,0.1064547111921974,0.2873830351743425,0.7048405992416948,-0.8892211197987334,0.7427824677258812,0.4909775615681524,-0.10412488467897107,-0.7289963259260457,-0.8597450834610587,-0.1921970410246585,0.19828473747456998,0.8411127900457143
233,0.6746889931546287,0.7726338042094019,0.8980886671216928,0.4150246532014248,-0.773873685422342,-0.06004575072635743,-0.8989838031899196,0.1129777703958994,-0.02391600511895997,0.9831487487879569,-0.004954481995999238,0.024475137464496477,0.24472746669352285,-0.7894241101098189,0.5899128296033915,-0.5227672511374954,0.878180011419162,0.6929195004806348,-0.719903474417682,0.3715062120153143,0.5368777234486526,0.16891547999853862,-0.8409640835838472,-0.12802877914712507,0.2505488754391447,-0.4631987029257185,-0.038691112697546215,0.9742759479794612,-0.49920168021825284,-0.06124550439003462,0.6488970574282242,-0.5873256322373817,0.10817467102643641,-0.6632347502463285,0.41342150120917176,0.8362337067912935
234,0.7832551713343572,-0.28533545609010313,-0.5375821114173385,0.04664807536846216,-0.016003835800382893,-0.7125661439124709,-0.19960547214433366,-0.6139527033790515,0.23963982307230824,0.46035928758219136,-0.671477145335583,-0.37450551155842926,-0.42352855759902863,-0.33665815296878776,0.2117597021303348,0.9126754929103906,0.5153755736826904,0.42939401875348304,-0.8568276869331861,0.80654867672124,-0.3707113635868373,0.5914568015306552,0.7532340388990912,0.13565425041670687,0.8321212261649469,-0.8166816580914718,-0.5083171624422005,-0.3418020973913185,0.5534994944332776,0.31767854164449694,-0.9251299667866222,-0.5779682496026295,0.42800199210103496,0.08527056894094742,-0.9459699180272994,-0.8433861431626775
235,-0.7433075897303674,0.022714947094895743,0.8090373279446219,0.23526437582477167,0.2985615268960258,0.9541335220065361,-0.01023427274332911,-0.5400694285115604,-0.26574634693475874,-0.6566594391844642,-0.22082609372299622,0.37802978924660047,-0.9684344071833657,-0.015838445821984903,0.8750023551898363,0.9412592754793216,-0.0332673554121381,-0.6790800526945784,-0.7123015793213112,-0.03876988140219284,0.09248349447711735,0.4519113665494696,0.6813852986230553,0.4588890464352924,0.6766061828489198,0.40459291193314506,-0.6642404224379519,0.988945813489158,0.3236027210561261,0.3311017685686386,-0.15435085472317933,-0.8107945303525872,0.8177815117689806,-0.18428866832318525,0.3558509246557364,0.2624548853573374
236,-0.8265974191433005,-0.3596026244108239,0.002498169547495044,0.8410256824660944,0.34452855209173316,-0.30311322883380964,-0.6989954291461431,0.05285504471032754,-0.8727413266594075,0.30779457734789095,0.774675581371167,0.41665297850355465,0.3161497863707965,0.7126634417635247,-0.2880003491523151,0.6085486294901701,-0.6743872687583741,-0.13058562999045797,0.48675125520914575,0.07698136585032134,-0.6504143121437433,0.916114220208212,0.20560755353341675,-0.8809490530373563,0.08420033028902685,0.09095231444098384,0.3684791939015801,0.18438044257898079,-0.3687837029910477,0.07440476043361777,0.2700429073164876,-0.42771048915337917,0.628411376916252,0.19798889363274985,-0.4711004801532479,0.7830758433510407
237,0.7348944235452122,-0.7901002282121938,0.8296652426302926,-0.19594278586853142,0.9270881271182387,0.09922571347230047,0.3539485457090199,-0.5988618018115992,-0.013245199385347073,0.9818817239713,0.5994618920990866,-0.24354166756278173,-0.2741455500242842,0.3714573852364442,-0.42860864234147544,0.8405755612448427,-0.9709218361311331,0.6536762861598178,0.5235700298700019,-0.15407078643208116,0.13763986340615042,0.6056441331580689,-0.031644744461816865,-0.18228541967749345,-0.9996290811333399,0.6406059905917876,0.346458164049011,-0.6798267714643458,-0.9436800327079116,0.10712372141907989,0.9839479048704673,0.5325804497286653,0.25657054651076483,0.2536295346334334,0.7526242441134432,0.826278355941948
238,0.5769135442017685,0.6494164567769167,-0.3527384639674571,-0.7163750229276356,0.3130305340390298,-0.6295191921634236,0.12639162628467937,0.2581385865117969,0.8248185247549504,-0.37620344323379706,-0.5723775546949394,-0.6614237739729041,-0.9160550833334058,-0.8948158357817699,0.4002553123480639,0.8986855169292294,-0.1398673221312654,0.47474675689779633,-0.5716177259129773,0.11843832045337943,-0.465320946349848,-0.24733960740506733,0.6465176085188495,0.7408223518340094,0.06104684985179065,0.8576335678376621,0.8654244265978517,0.41181209638302096,0.16196901059090085,-0.7618505755362359,-0.6896376006391904,0.9868350858253927,0.4761009872963182,0.28142580310548704,-0.33488221123317463,-0.19292513997998517
239,0.8515921250029936,0.7297747381337476,-0.7009330017520321,-0.017384339551091976,-0.9589451389816075,-0.31559163132052936,0.7866465925723081,-0.5213543793051632,-0.7142553778016767,0.4897763747024064,-0.11123050955564806,0.686694767657354,0.13938721134122845,0.33225666930890485,-0.34291012238148855,0.6515196128498366,-0.22456911766522913,-0.22437799415859372,0.7011273448551798,-0.1062376471434261,-0.7990899079821114,-0.01900155494305844,-0.646691495715457,0.12360106000870119,0.1064547111921974,0.41674827233863687,0.7836435776776984,-0.9126523804007947,0.827774149093127,0.5893472267948945,-0.15252626121396662,-0.7289963259260457,-0.9951667500057393,-0.1921970410246585,-0.1778779304554612,0.869821789384682
240,-0.3087117831876496,0.4524606796202748,-0.5459615127503905,0.058578170794581386,-0.5000953435740731,0.5971923988290087,0.05648809403371313,0.3532179287406987,0.8054827132507203,0.034659729311302456,-0.14279790642989343,-0.3583867915886576,-0.9145644884809399,0.487354595612403,0.9194915202831022,-0.6032748333457967,0.8774633478397289,-0.5113780694565158,0.49872247071400744,0.7532274153856022,-0.929611769295531,0.24037373395138784,0.08478356325200376,0.593244582036631,0.4239134295865057,0.6866747421531343,0.699167671331365,-0.7552771542109826,0.47750642964768786,0.5710657230560519,0.9374892174171483,0.19818090850511627,-0.2129237163017279,0.5924728485331237,0.14713300659291706,-0.18689100737546926
241,0.9163878914426671,-0.4339500433741741,0.296984096695579,0.857323830635119,0.06263181301037068,0.07916235404279037,0.49129012747371337,0.5294918076137278,-0.5441788993135803,0.5863993237797647,0.06595055695282537,-0.018377326250704762,0.8776906957254225,-0.3825884091754763,-0.2906996533744486,-0.03591776673348712,0.057377982747708334,-0.5196075068960393,0.999387241467262,0.26008412004303016,0.2659657560501718,0.24063551736414568,-0.006799662574322296,0.7022877950592579,-0.1708275177527545,-0.4209153973460049,0.0345903304649442,-0.3931041472033272,-0.7360146909988214,-0.3909209486193286,-0.24199113850433585,0.45056322148214756,-0.5977124892892978,-0.9979542610188354,0.7191161174489005,-0.19783933402734388
242,-0.9006056542011724,0.09709780547573676,-0.9063531349212353,0.7239245986317377,0.8488992503883881,-0.4401513920387885,-0.6620539394664249,-0.9482632866850416,0.6605270535392762,-0.1223570361636086,0.7721620758518706,0.25394661866391055,0.37634306385855054,-0.8469146808551107,-0.7308732471308286,-0.9758011586438824,0.8520318822425681,0.40326890076270216,-0.23065247904025976,-0.3764334369284412,0.3307144239476312,-0.17949168993622822,-0.5381609387364299,-0.25644133380318457,-0.6455045698639772,0.5806582977847532,-0.09794155896759227,0.04971458545375551,-0.850786282216679,0.17210255611796965,-0.18276145630703278,0.3521139637136954,0.5153615251143762,-0.2572658143351907,-0.5017685589768768,-0.9884752423570291
243,-0.30979959660426615,-0.5722403725765521,-0.9148785011263585,0.8838307939389505,-0.2753809266481686,-0.1667608334844224,-0.9413281724823792,-0.5745743331716247,0.14799794505031771,0.4740288477209855,0.3338013135868001,-0.8023873753341495,0.9526239755913903,-0.9797942769974815,0.11309045066535828,0.4041387895579709,-0.6740523797137925,-0.4422785746216713,-0.8487063168908469,0.18522326558306168,0.2012499248657882,-0.7352957416424521,0.4287768287652154,0.6265449096797282,-0.1070243182589461,0.9487163906951159,0.2647802533745265,-0.9694967006252109,0.009407685998348514,0.021515511232817586,-0.36393593011155256,0.16095622616265248,0.4212703239440534,-0.04332162569088682,0.47920699798639377,-0.4719302285529712
244,-0.8130119796907582,-0.4186367713079122,0.41370926793558405,0.8054920521187663,0.5970415464686567,0.7221878541300466,0.19916651009540653,-0.12951378650633516,-0.7589280548859365,-0.41156353688150427,0.6423984305288688,-0.5611848871323306,-0.37692476329407687,-0.9752374308559648,-0.4529857443333307,-0.2593342390489106,0.029636535659412377,0.3520977273882968,0.7372298666361516,0.08746710610303166,-0.22322238036013364,-0.6105056067224897,-0.8015769347191661,0.7424045294674719,-0.6238022811816073,-0.2634699050136047,0.4561368761035427,0.929538633197095,0.6589479831543836,0.7184453589171198,0.6734132970986879,0.3304091566989604,-0.6918170883458308,0.5868335412485735,-0.07251353922849813,-0.13309176477545526
245,0.5804666072560227,0.6494164567769167,-0.2477172381523003,-0.672469054935545,0.3130305340390298,-0.6295191921634236,0.02244453845581118,0.47452681714886036,0.6685795322592731,-0.37620344323379706,-0.5723775546949394,-0.6542472638502363,-0.8385342933571194,-0.8948158357817699,0.4002553123480639,0.8986855169292294,-0.1398673221312654,0.4769561481548332,-0.5716177259129773,0.11843832045337943,-0.45491082084961354,-0.34538116607951763,0.6465176085188495,0.8465355955252241,0.06104684985179065,0.8463201738341639,0.6886456613398457,0.6856174133649942,0.16196901059090085,-0.7618505755362359,-0.6896376006391904,0.9542995583928209,0.7454634608417445,0.3652402494553957,-0.1931470372230748,-0.19292513997998517
246,0.6804466285053523,-0.7901002282121938,0.8662550277727834,-0.22164702308584938,0.9829126214485497,0.09922571347230047,0.4700711963670481,-0.5988618018115992,-0.013245199385347073,0.8280856456811023,0.5994618920990866,-0.08303114923416466,-0.2741455500242842,0.42915118213069503,-0.42860864234147544,0.8405755612448427,-0.9225695055038063,0.6536762861598178,0.5235700298700019,-0.09215405609227068,0.05930916507977435,0.5781765202251827,-0.031644744461816865,-0.18228541967749345,-0.97827912814347,0.6406059905917876,0.45928422811401837,-0.6798267714643458,-0.9436800327079116,0.08609161828679901,0.9839479048704673,0.48157902486949955,0.25657054651076483,0.24155609554733215,0.5682896791782068,0.7301908576247773
247,-0.41145007299292535,0.08147826994725293,-0.30152289047173486,-0.501067928212612,-0.3891878425001061,-0.5626433642517628,0.7584333318061096,-0.308560160686701,0.4759909426972615,0.8415988670007568,-0.12730574210815004,0.060888184851926264,-0.4996096010548976,-0.7164965689926279,0.5599477752482593,0.6997516750502963,0.5102401361461866,-0.47991013092373347,0.8102689440703412,-0.5352084319437138,0.01961001884698299,0.1897325607012852,0.13936890483383935,0.04910807364142045,-0.18602344185877473,-0.7364113735714823,0.5340252302234432,0.07873260067294341,-0.9497708358148,-0.13215482507047982,0.5775376066869768,0.9167095625051076,0.04616779002210336,0.737388460235773,0.4462011098992129,-0.08183377780350987
248,-0.18445523386361873,0.4524606796202748,-0.5459615127503905,0.058578170794581386,-0.5850884385711699,0.44539887998459093,0.24554638487030367,0.3532179287406987,0.8883906716892156,0.034659729311302456,-0.13345988420366783,-0.3583867915886576,-0.9145644884809399,0.487354595612403,0.9194915202831022,-0.7494527188537303,0.7980148016826702,-0.7068182922141255,0.49872247071400744,0.7532274153856022,-0.9050493370608792,0.24037373395138784,0.08478356325200376,0.5740703708842916,0.411628716120773,0.6201914487924485,0.699167671331365,-0.7336723530049536,0.33428901142912903,0.4148981956730353,0.8879632063727054,0.19818090850511627,-0.2129237163017279,0.5924728485331237,0.14713300659291706,-0.18689100737546926
249,-0.8130119796907582,-0.4116700084387077,0.41370926793558405,0.8054920521187663,0.5970415464686567,0.5949861673207479,0.19916651009540653,-0.26544995917131864,-0.7433453926829658,-0.6067759704426938,0.5625073792677657,-0.23016444424637728,-0.37692476329407687,-0.9807517730872095,-0.4529857443333307,0.017750737645950698,0.029636535659412377,0.3520977273882968,0.7372298666361516,-0.0036873391178524617,-0.22322238036013364,-0.6105056067224897,-0.8015769347191661,0.7424045294674719,-0.6296151246391033,-0.2404770797630389,0.4561368761035427,0.929538633197095,0.6589479831543836,0.7184453589171198,0.5683700649265355,0.3304091566989604,-0.6918170883458308,0.5868335412485735,-0.07251353922849813,-0.18888607808997904
250,-0.7598130506248466,0.1718043596597434,-0.026857201307024958,-0.24741404606998163,-0.5626748586383012,0.6322826841252793,-0.3789487681475847,0.40282870604119103,0.7978267984898082,0.08467497038179905,0.4987061109391997,0.17424889995959325,0.22110331727006738,-0.7608494761988742,0.8158850582138193,0.41525534092874605,-0.4977279982274905,0.7660248215367063,0.7101081498948993,0.3567684085713645,0.987217899452218,0.3722959006311639,-0.6625348673767772,-0.6029511447187659,0.07875262687380524,-0.0029416458973914317,0.9209860453333598,-0.7427017481209772,0.2912449123314633,0.5907206356187145,-0.47160842714685236,-0.16740984433352657,-0.7055756601485992,0.010659783995562444,-0.40039947662979913,-0.38096184360281193
251,-0.41145007299292535,0.047321116994915924,-0.2536861847236098,-0.532422069911443,-0.5069754360726799,-0.5626433642517628,0.7584333318061096,-0.1872954435644707,0.4955392615415062,0.836774329282238,-0.04132721042487053,-0.03849252817958293,-0.37217743892329014,-0.7694497377434011,0.5796866859881806,0.7613722292152598,0.5008642982086808,-0.47498896190020945,0.5783010491572631,-0.5352084319437138,0.01961001884698299,0.4294386219626214,-0.0822286869569917,0.18480444272057306,-0.13060245655802438,-0.894023204050713,0.46047467179279544,0.07873260067294341,-0.9054707390730135,0.06450151201495258,0.6458256010384569,0.9498367956022742,0.008559243114324211,0.4625832331005999,0.4145462374804294,-0.08183377780350987
252,0.16723840537483592,0.9327648665740811,0.4691279292565267,-0.603361925633811,0.8601568461971036,0.033713547895807716,-0.7209097339045307,-0.5665079871274543,0.5693106563645205,0.37081730278534164,-0.9773038980103628,-0.1862893435940498,0.5266735551686255,0.2763716964682914,-0.5365911495962747,0.7514448000847342,-0.9972255940855397,-0.3595062486879119,-0.0922555519425321,0.6931386874001042,0.26672461024477956,0.5500042300300576,0.802620051647915,-0.786194532509914,0.8593623854986483,0.421241864592125,-0.6737252666924038,-0.25813605265702133,0.055308065136109974,-0.8482385527841179,0.500705629562948,-0.8546548319817278,0.1146959901479625,0.947012453909639,0.4961071206609575,0.6638579305722903
253,-0.20755932930837329,0.8299078812608403,-0.2075377992578924,0.6273710999216326,-0.5568814568299905,-0.1417350642477453,0.09622532174872811,0.5161843839848712,0.9792368870503434,-0.5343061832182561,0.29019701124793396,0.4830264884393187,0.03322096611936565,0.6306403621978398,-0.46932392700474557,-0.015909967873257713,0.9924284042169988,0.8847286211954328,0.3031306347816083,-0.3633072397340029,-0.020778225968518305,-0.4898288781525084,0.061371082468534954,0.7146587399379378,-0.6352009193305854,0.7567942461756509,-0.6671567687603146,0.4968964113727077,-0.370846837131779,-0.6349221107284131,-0.1315489616806671,0.6582199358375549,0.015407607220613073,0.5871703724533792,-0.9330531726887714,0.9368588772316222
254,0.5769135442017685,0.5148775575456743,-0.24004419584625847,-0.7163750229276356,0.3130305340390298,-0.6295191921634236,0.2617478986131476,0.2581385865117969,0.8975848167364788,-0.4466688693373646,-0.5723775546949394,-0.803011735045482,-0.933037909045835,-0.7873669431588846,0.4002553123480639,0.8986855169292294,-0.1398673221312654,0.47474675689779633,-0.8153476182317398,0.19882388979256582,-0.465320946349848,-0.22704025582884935,0.6465176085188495,0.8181492576036071,0.06104684985179065,0.9896649709904142,0.8654244265978517,0.41181209638302096,0.2566031773233506,-0.7618505755362359,-0.7438873965013717,0.9542995583928209,0.4761009872963182,0.29399171052431505,-0.21384820326982124,-0.19292513997998517
255,0.8901612182374958,0.6375690501777718,0.5979696875706624,0.6910998785978897,0.4981333667162353,-0.5504510217848482,-0.4944625783001815,-0.9006610558890531,0.0489657999330968,-0.8130905731992615,0.8912034794494403,-0.4816250217758371,-0.4128078731650886,0.6381213641901242,-0.5275641749734394,-0.6346193428458371,0.5475058294049688,0.6995683252333982,0.4813429064163419,-0.10142405899933116,0.4601529985529649,0.3695869211081144,0.324570913043823,-0.43333355065476575,0.3718028708062291,0.5537967160362052,0.9173443023946868,0.06070966902088282,0.937685395329078,0.8524857252801505,-0.28021751666634165,0.4480405196148134,-0.3906792047792169,0.9375569841273343,0.9451446371735595,0.5024432981435092
256,-0.7130960884430839,0.1718043596597434,0.22749156832279138,-0.24741404606998163,-0.557640102695657,0.3453282469629859,-0.3081589927929964,0.09202329740802906,0.7723855908949753,0.08467497038179905,0.4987061109391997,0.052522963311143256,0.2286845185607329,-0.7608494761988742,0.8158850582138193,0.41525534092874605,-0.4977279982274905,0.9852793910667048,0.5118173711275071,0.3114731060477127,0.987217899452218,0.3722959006311639,-0.6631974445143567,-0.38804412243893727,-0.06315932322354212,-0.01868337790050356,0.9209860453333598,-0.7427017481209772,0.2912449123314633,0.5907206356187145,-0.4745538962363858,-0.207695823650919,-0.9249001303228668,0.11900849329394592,-0.40039947662979913,-0.38096184360281193
257,0.6991929858245305,-0.1676629985891307,0.296984096695579,0.9436148551467987,0.06263181301037068,-0.08236837118251827,0.5477474146503729,0.5294918076137278,-0.5698947788485489,0.6196334537511703,0.12685169678064034,-0.10581023578074955,0.9625388027670239,-0.530290534488725,0.03179669601532975,0.07189712536823412,-0.15975488163084073,-0.4907008188888877,0.9722778622249046,0.21774474377383868,0.33761838679010014,0.30930176692994626,-0.04483280218952612,0.6109483440516661,-0.29284365882463925,-0.4209153973460049,0.0345903304649442,-0.23106876641871232,-0.7360146909988214,-0.34391230759325664,-0.22811630178352904,0.5406094959266543,-0.8841713155268422,-0.9973332594750994,0.6989806156410705,-0.18787210876972482
258,0.00947100237532239,0.17854877018431892,0.2897961081462004,0.3513353337498206,-0.513094497145608,0.5231800600356087,0.6577185284706768,-0.924749083214393,-0.7066860577102669,0.7881960267551387,-0.1655725482093573,-0.838979412374721,-0.3849758686199549,0.34581865313388227,0.49783581296752355,-0.508637701820023,0.459416340919357,0.5711140969467816,0.6534469451213518,-0.8365117280972185,0.8681375495376817,0.3100594013546951,-0.26418879430430375,0.3097416875436634,0.9332673473017552,0.6891370027223547,0.08125265027211759,-0.34818368238396036,-0.41011574418283425,-0.8698607051547733,-0.15118055341802128,-0.4860839684012739,-0.10733736767940583,-0.7061430763745387,0.9307914827419144,0.41487953728921134
259,0.5897510152811287,-0.5882029913853211,0.8662550277727834,-0.16245975866319884,0.9829126214485497,-0.01651129189777345,0.5206512878713072,-0.7853784688904795,-0.013245199385347073,0.8221928940039067,0.5994618920990866,-0.24354166756278173,-0.2741455500242842,0.3714573852364442,-0.42860864234147544,0.8405755612448427,-0.9709218361311331,0.6536762861598178,0.5235700298700019,-0.04749876932233388,0.05930916507977435,0.22821154715270264,-0.03962099976875,-0.18228541967749345,-0.9996290811333399,0.6501399308563174,0.3958665338415128,-0.6798267714643458,-0.9750129618108632,0.08609161828679901,0.9839479048704673,0.48157902486949955,0.25657054651076483,0.3665301342771736,0.7526242441134432,0.7573610634164176
260,0.6021152070385483,-0.9894393792007212,0.32038428223739435,0.6095512318058558,-0.985937126641256,-0.10450664325656223,0.22876859143276773,0.2344514714868433,0.5846351311504865,0.37382084554929107,0.328901098539117,0.12220291376905501,-0.7978906497396683,0.40640515919111,0.38060719425563416,0.20888984983976422,0.8797158146402351,0.7398132049467465,0.12965766994867356,0.12062254434491426,-0.34519581209035755,0.3902489368204398,-0.15872052731109343,0.3341930690615762,0.9280698193897075,0.022246492175468813,0.9753216810761869,-0.6089904611248291,0.5601264289357157,0.3536408915885254,-0.8916014437087627,0.09817288905321808,-0.4766641545505417,0.3956988229207461,0.3794313820670674,-0.5368991588445011
261,0.9573729304064076,-0.9894393792007212,0.32038428223739435,0.6593559814107193,-0.985937126641256,-0.10450664325656223,-0.19038097295692946,0.354703330670326,0.5454597178136469,0.37382084554929107,0.328901098539117,0.12220291376905501,-0.7978906497396683,0.40640515919111,0.4184201098964535,0.25061721559298555,0.8797158146402351,0.6429451666307682,0.12965766994867356,0.12062254434491426,-0.35359223775197357,0.3902489368204398,-0.05870401250545321,0.3341930690615762,0.9280698193897075,0.022246492175468813,0.7652888382313978,-0.35013020081509816,0.5344752634406471,0.3610815491881869,-0.9030894400686673,0.09817288905321808,-0.3368983760465336,0.3956988229207461,0.3794313820670674,-0.6930897266951175
262,0.8901612182374958,0.5508652766712945,0.5979696875706624,0.6708721423918158,0.4981333667162353,-0.5504510217848482,-0.37493421818212425,-0.9006610558890531,0.0489657999330968,-0.7742109421142651,0.6865970026022805,-0.4816250217758371,-0.3814423755313918,0.46933394576166587,-0.5275641749734394,-0.3791946141318434,0.5475058294049688,0.9081947776677235,0.4813429064163419,-0.10142405899933116,0.4404138363526693,0.3695869211081144,0.23190914290995934,-0.43333355065476575,0.3718028708062291,0.6582819675710716,0.9173443023946868,0.00211030451792249,0.9823885425534449,0.879482409634325,-0.28021751666634165,0.5206906105251641,-0.2480414637249777,0.8651993784397969,0.9736538451332071,0.6041020164216728
263,-0.24771340148873588,0.8491680430361526,-0.13795161783875898,0.7568524711669304,-0.5568814568299905,-0.054836062302664246,0.30299537060325754,0.667628189083995,0.9148898239134386,-0.6064359091081493,-0.0990418378050737,0.5518325729201419,-0.05028509468661002,0.717524062953917,-0.6013974331408181,-0.013392624064712644,0.7887997566874405,0.6704942773536158,-0.01139550758383745,-0.3633072397340029,0.24619974866718963,-0.5324421621699822,0.6032342953217578,0.578462394066152,-0.6240900674267975,0.7567942461756509,-0.6080917032198923,0.4968964113727077,-0.5646193914421851,-0.7959476886219179,-0.12650608121033913,0.7381683865445527,-0.03627768485087546,0.5871703724533792,-0.9452960112806594,0.9725425434995938
264,0.5517612824630291,0.5445712832706147,-0.8750538779177122,0.07680166095160512,0.7885160873126278,0.23404608749499478,-0.0048864935806312015,0.6919362994478373,0.5154147052117704,-0.5512809013405282,-0.5960644349779292,0.4746768075102141,-0.5962602146235596,-0.43186972140448043,0.07355427658309521,-0.5396537093436744,0.1790490821415316,0.4170726470333581,0.7008648473435128,-0.6856803413268433,0.2144255324408173,0.8485348099757624,-0.852094281555813,0.46392669575153356,0.3803045300770789,-0.8994506012737864,0.8596472693726176,-0.3061070339070875,0.8994418376885724,0.33161354016098055,-0.5599226744941801,-0.7936571784434034,0.15518393909232198,0.3440063097064445,-0.10561061489314283,0.8545380136443135
265,0.8901612182374958,0.5508652766712945,0.7573959423911019,0.6708721423918158,0.4981333667162353,-0.5504510217848482,-0.3426067692170456,-0.7375484601436324,-0.15369724459512724,-0.8372604394331191,0.7693651551614853,-0.4816250217758371,-0.4128078731650886,0.6381213641901242,-0.5275641749734394,-0.6453641399476913,0.5792685914598756,0.7421308058070499,0.4813429064163419,-0.10142405899933116,0.4404138363526693,0.3695869211081144,0.35597948492423503,-0.43333355065476575,0.3718028708062291,0.6582819675710716,0.9173443023946868,0.06070966902088282,0.9823885425534449,0.9351969992740521,0.14947179334532779,0.4480405196148134,-0.2480414637249777,0.8843123488465332,0.9736538451332071,0.43311469736429986
266,-0.2731382994452054,-0.47700892937987494,-0.6272039261544311,0.6747992491740051,-0.2585934580071272,-0.8919480480856232,-0.4832845380329809,0.7987406686535954,-0.9009417269909097,0.11771973124557866,0.7099268285695739,-0.018324110675695282,0.2300811668063123,0.40092002927332726,0.8406937967864918,-0.1669266101629483,0.7234598846489284,-0.8430347962101195,0.3669208080277204,0.6175863141470912,0.7427228112586366,-0.8621417502121507,0.987676783226143,-0.008737712757240779,-0.32997565807754214,0.5972133200506506,-0.4772652433218596,0.47212548051464576,-0.13853949217408612,0.7026989877673346,0.6185562157594855,0.19118282455381697,-0.19241733288561313,-0.005461173823045451,-0.15941692814524222,0.3274704398660544
267,-0.5322844594136276,-0.46178810922195357,-0.24318889015132084,-0.5822759010704353,-0.7774335433075144,-0.9636626707094331,-0.1717429685829428,-0.45934198635015333,0.3944740782217431,-0.05660717169455953,0.8131043193721355,0.4293677481159244,0.8118809123583934,-0.8002325493380003,0.05182933412798296,0.5177074485043054,-0.5334401251202836,-0.01949167362008386,-0.8453357508924404,0.9051269166809639,-0.42412825138937493,-0.2534843971625216,-0.4796454310119185,0.2595993082786616,-0.5523967488508039,-0.36965710704310895,-0.6879386291136056,0.21128786092630958,-0.43154394906212046,0.46964923054757124,-0.47624722449171664,0.6633653063114873,-0.6810404224990194,0.8019024242314214,0.8234157988994704,0.6241433313011675
268,-0.49163809161042105,-0.021656007235574704,-0.2536861847236098,-0.5602286180811866,-0.5069754360726799,-0.5626433642517628,0.7584333318061096,-0.1872954435644707,0.4955392615415062,0.836774329282238,-0.04132721042487053,0.05501234812932343,-0.37217743892329014,-0.5465522991193186,0.5796866859881806,0.7613722292152598,0.5008642982086808,-0.31688439467388796,0.5783010491572631,-0.5352084319437138,0.01961001884698299,0.4294386219626214,-0.0822286869569917,0.18480444272057306,-0.13060245655802438,-0.894023204050713,0.46047467179279544,0.07873260067294341,-0.9054707390730135,0.06450151201495258,0.6664634660622017,0.9498367956022742,0.008559243114324211,0.4625832331005999,0.4145462374804294,-0.08183377780350987
269,-0.48066763008073,-0.053488767622028366,-0.2536861847236098,-0.532422069911443,-0.5588496843101027,-0.46398180603269346,0.7390986241090742,-0.05527053082938527,0.411662131918219,0.8415988670007568,-0.04275409892882842,-0.03849252817958293,-0.37217743892329014,-0.8788328917339283,0.5796866859881806,0.7642154861652126,0.33615134460767737,-0.5019516986867616,0.5783010491572631,-0.5352084319437138,0.01961001884698299,0.5293953201334678,-0.0822286869569917,0.18480444272057306,-0.1947921071285308,-0.7576048790523626,0.5340252302234432,0.07873260067294341,-0.8171937831868958,0.10263152206912962,0.5775376066869768,0.9167095625051076,0.04616779002210336,0.6916487539885701,0.42722503803340617,-0.08183377780350987
270,0.6804466285053523,-0.7901002282121938,0.8598830559860755,-0.1476548249641787,0.9829126214485497,-0.060688211019519045,0.481537876135709,-0.5988618018115992,-0.013245199385347073,0.7696657391106332,0.6267934879433048,-0.1713474897261802,-0.2747223400664509,0.3714573852364442,-0.42860864234147544,0.8405755612448427,-0.941645274547352,0.6568255672295333,0.5235700298700019,-0.1232395175577583,0.08591202520029362,0.5803833717515647,0.00902589785921104,-0.18228541967749345,-0.9240502289121093,0.8328671580653921,0.2574584207534574,-0.9550722285736175,-0.8444316955145881,0.10520131678533384,0.9505318294529426,0.48157902486949955,0.11493051143973232,0.24155609554733215,0.7526242441134432,0.6917401912759746
271,0.8026103701590332,0.7297747381337476,-0.8889258070148387,-0.15655511917766773,-0.897441029820653,-0.27013821333454424,0.7866465925723081,-0.43679483505200123,-0.6694649826235202,0.40023445466095664,-0.20992726223872427,0.686694767657354,0.13938721134122845,0.23610596005740314,-0.2829346015987586,0.8022094976813452,-0.22456911766522913,-0.19896923134378386,0.7299742738116617,-0.09784684725963322,-0.7990899079821114,-0.09395675388116076,-0.839235616613689,0.1356077847310857,0.18096352111559577,0.17348790076060716,0.7048405992416948,-0.8892211197987334,0.9625832455856866,0.5368730865979321,-0.10412488467897107,-0.7289963259260457,-0.9201696944686903,-0.2776314369665467,-0.04807715701995252,0.820981004930972
272,-0.8450808062562458,-0.3596026244108239,0.002498169547495044,0.8410256824660944,0.3402351685196956,-0.30311322883380964,-0.6989954291461431,0.05285504471032754,-0.799561520666018,0.15387575694446998,0.7795707382832773,0.4470274179590581,0.3616697362665149,0.8273109752356473,-0.29516997928678324,0.6085486294901701,-0.6743872687583741,-0.13971687047385895,0.8595622774224805,0.07698136585032134,-0.6067332236375089,0.9197337074953962,0.20560755353341675,-0.8809490530373563,0.06010661326028144,0.11565703413122752,0.4103082381054224,0.4777850941079791,-0.5259295999412943,-0.036092314993712016,0.3860360687439519,-0.42771048915337917,0.628411376916252,0.24429109350414957,-0.32457473101359247,0.7853723667680643
273,0.8901612182374958,0.5508652766712945,0.8478684842962236,0.7403451968199104,0.4981333667162353,-0.5504510217848482,-0.3426067692170456,-0.7375484601436324,-0.15369724459512724,-0.8372604394331191,0.7693651551614853,-0.4816250217758371,-0.4691144566908969,0.5964353525324013,-0.5275641749734394,-0.46015660399145264,0.5792685914598756,0.7421308058070499,0.4813429064163419,-0.10142405899933116,0.4404138363526693,0.3695869211081144,0.35597948492423503,-0.43333355065476575,0.3718028708062291,0.6582819675710716,0.9173443023946868,0.07853616241152128,0.9170148809907244,0.9351969992740521,0.14947179334532779,0.4480405196148134,-0.3124636203585387,0.8843123488465332,0.9736538451332071,0.34151700201224555
274,0.3166753110737499,0.6864894847652132,-0.8750538779177122,0.07680166095160512,0.7175387002679943,0.29905030077755823,-0.0048864935806312015,0.9275424538831849,0.44864734195117917,-0.5059505325238758,-0.5979418545778048,0.4746768075102141,-0.8492888563534793,-0.4045373947806783,0.07355427658309521,-0.5065815246926169,0.1790490821415316,0.5233187049006938,0.7008648473435128,-0.6856803413268433,0.2581856774208744,0.8485348099757624,-0.852094281555813,0.7175809912981159,0.33510421177840666,-0.8994506012737864,0.5943051144038356,-0.40693472153230137,0.8994418376885724,0.26153738091344403,-0.22454802053395606,-0.7505060365190752,0.15518393909232198,0.1710988994909255,-0.04670122440019764,0.8545380136443135
275,-0.24771340148873588,0.9499613349582023,-0.13795161783875898,0.6733156443711368,-0.5656561246012421,-0.054836062302664246,0.29946432852756977,0.667628189083995,0.9148898239134386,-0.6064359091081493,-0.0990418378050737,0.5518325729201419,-0.05028509468661002,0.717524062953917,-0.6013974331408181,-0.02367025021634306,0.7887997566874405,0.6704942773536158,-0.00445025488063866,-0.3633072397340029,0.2759423814693225,-0.6581387724121046,0.6032342953217578,0.578462394066152,-0.6352009193305854,0.7567942461756509,-0.6080917032198923,0.4968964113727077,-0.5646193914421851,-0.7959476886219179,-0.12322827310560247,0.7381683865445527,-0.03627768485087546,0.5871703724533792,-0.9030063192996447,0.9725425434995938
276,0.8485996627194454,-0.1676629985891307,0.32639791884137104,0.9412886424789548,0.06263181301037068,-0.06452394986873355,0.5210794148978806,0.5294918076137278,-0.37192141134792966,0.5863993237797647,0.10120187602516895,0.12976077323109547,0.8776906957254225,-0.3861542368526638,-0.2469878001527004,0.04851145166847237,-0.15975488163084073,-0.5196075068960393,0.999387241467262,0.26008412004303016,0.2659657560501718,0.35839667777136675,-0.3032349269143988,0.7022877950592579,-0.1708275177527545,-0.4209153973460049,0.0345903304649442,-0.23106876641871232,-0.7342524476527585,-0.3909209486193286,-0.24199113850433585,0.45056322148214756,-0.5977124892892978,-0.9980830911468461,0.6989806156410705,-0.19783933402734388
277,0.26160446094588097,-0.1881396050849169,0.14260428704037165,-0.2545675466784374,-0.2324558592322521,-0.9804122420568229,-0.15870271124431423,0.23214077820374324,-0.8388710662263619,-0.06382542526490154,-0.37743494855270865,-0.29510460832950947,0.005259801330222302,-0.17944085773411977,0.22966485092856437,-0.05194637690218529,-0.1555944703639447,-0.5900670288182757,0.43695425180690695,-0.07231452737124444,-0.5545465803858751,-0.046558946125288436,-0.2323140211217336,-0.555448723122977,-0.38081647798513263,0.7946620901540475,0.9582690348948346,-0.15121002407466988,-0.13758043464435343,0.4874995335077368,0.5108148980159188,0.9620022421184327,0.5100141991724112,0.487824977506357,-0.9241990085128362,0.6745880966427875
278,0.5861712297954162,-0.7901002282121938,0.8662550277727834,-0.31273503788615153,0.9851396520827695,-0.060688211019519045,0.5267716431261806,-0.5988618018115992,-0.013245199385347073,0.7696657391106332,0.6267934879433048,-0.24354166756278173,-0.3665078800034376,0.3714573852364442,-0.4806244996427562,0.8405755612448427,-0.9709218361311331,0.4867287104824989,0.6557284494605413,-0.08871115186556588,0.052053230488876334,0.5803833717515647,-0.03238838957583878,-0.18228541967749345,-0.9937732133403694,0.4579272020838747,0.3958665338415128,-0.8876999724675814,-0.7939778256245533,0.03871420001321346,0.9839479048704673,0.48157902486949955,-0.12120317369929623,0.2508088151151433,0.7526242441134432,0.7970480097728547
279,0.6804466285053523,-0.8804379042631325,0.7616191076334364,-0.22164702308584938,0.9829126214485497,-0.060688211019519045,0.45560993041737663,-0.5619075033482626,-0.013245199385347073,0.7696657391106332,0.6267934879433048,-0.1713474897261802,-0.2747223400664509,0.3714573852364442,-0.42860864234147544,0.8405755612448427,-0.941645274547352,0.6568255672295333,0.5235700298700019,-0.1232395175577583,0.08591202520029362,0.5935320682166698,-0.03238838957583878,-0.18228541967749345,-0.9240502289121093,0.8328671580653921,0.3958665338415128,-0.9550722285736175,-0.7852533182201002,0.10520131678533384,0.8234426225264242,0.4784373727759137,0.22335232616347844,0.24155609554733215,0.7526242441134432,0.6917401912759746
280,-0.8265974191433005,-0.3596026244108239,0.002498169547495044,0.8410256824660944,0.3639193967405856,-0.26759873905317066,-0.6989954291461431,0.0500948030332391,-0.8727413266594075,0.21364450058259132,0.899333229531446,0.41665297850355465,0.3161497863707965,0.8272746930604018,-0.2880003491523151,0.6085486294901701,-0.6743872687583741,-0.13971687047385895,0.48675125520914575,0.07698136585032134,-0.6504143121437433,0.840232965308672,0.20560755353341675,-0.8809490530373563,0.15247559340072336,0.02871034974132658,0.404177401869275,0.24632551319540608,-0.3621793649936458,0.07440476043361777,0.5430906488293619,-0.42771048915337917,0.628411376916252,0.19798889363274985,-0.32457473101359247,0.7830758433510407
281,0.8172293652838312,-0.1676629985891307,0.296984096695579,0.9412886424789548,0.06263181301037068,0.03954524151044425,0.5210794148978806,0.5294918076137278,-0.5441788993135803,0.5863993237797647,0.22162725117983917,-0.018377326250704762,0.8776906957254225,-0.37200618725387,-0.2469878001527004,-0.12280275516525929,-0.15975488163084073,-0.5196075068960393,0.999387241467262,0.26008412004303016,0.2659657560501718,0.35723291073254804,-0.3032349269143988,0.7022877950592579,-0.1708275177527545,-0.4209153973460049,0.0345903304649442,-0.23106876641871232,-0.7360146909988214,-0.3909209486193286,-0.24199113850433585,0.45056322148214756,-0.5977124892892978,-0.9973332594750994,0.6989806156410705,-0.19783933402734388
282,0.5688725147677971,-0.7901002282121938,0.8598830559860755,-0.1476548249641787,0.9829126214485497,-0.060688211019519045,0.481537876135709,-0.5988618018115992,-0.013245199385347073,0.7696657391106332,0.6267934879433048,-0.1713474897261802,-0.2917048061128855,0.3714573852364442,-0.42860864234147544,0.8405755612448427,-0.941645274547352,0.6568255672295333,0.5235700298700019,-0.1232395175577583,0.08591202520029362,0.5803833717515647,0.00902589785921104,-0.18228541967749345,-0.9240502289121093,0.8328671580653921,0.2574584207534574,-0.8395173034016705,-0.8444316955145881,0.10520131678533384,0.9505318294529426,0.48157902486949955,0.11493051143973232,0.24155609554733215,0.7526242441134432,0.6917401912759746
283,-0.08109402462928106,0.7455042638577072,0.023140466818753813,-0.2147963689030694,-0.06685888997972467,-0.6058260978413945,0.6688690603808765,-0.23003837190357723,-0.24220291497336466,0.17949125051732207,0.2860336793436373,-0.9166915668998232,-0.2689749523289857,-0.8288632652700527,-0.18793712201597845,0.9581574689345338,0.6682570420129692,-0.5419460178615105,0.05616726267464833,-0.43428549361406477,0.14220637609873155,-0.4334845087998176,0.14500992063642548,0.8489049719366375,-0.3926265839931027,0.9487642778644694,0.1557637384410595,-0.5830467174037053,0.1438656635163984,0.1045685400339138,-0.7459108856184937,-0.07920765723997647,0.5584937462929838,0.5840651344091354,0.724643103225185,-0.4699692398301414
284,-0.7800876655094908,-0.29812659415112175,0.01374817220680824,0.9121899003420302,0.3179657092427335,-0.30311322883380964,-0.6989954291461431,0.05285504471032754,-0.7674702689457318,0.21364450058259132,0.8516417081127265,0.38861722475792515,0.3097652195195493,0.8009448574241185,-0.31763844722005374,0.6514996422933592,-0.649682237471062,-0.10451918484437983,0.42766535760438384,-0.009808551729543424,-0.5357033646925884,0.65298268933742,0.12648225770419752,-0.863955179403739,0.23025982756451868,0.11946535206206832,0.526448009669237,0.13739569505038185,-0.3451649469096687,0.45391279350003355,0.21806756479057188,-0.4150397250255704,0.7281483491128595,0.22603176815921167,-0.32457473101359247,0.6939051949534123
285,-0.20755932930837329,0.7394407517340644,-0.2075377992578924,0.6273710999216326,-0.6310270479232036,-0.1417350642477453,0.09622532174872811,0.6491599024331614,0.9792368870503434,-0.5343061832182561,0.27109593144250965,0.4830264884393187,0.03322096611936565,0.6814115922424537,-0.6013974331408181,-0.015909967873257713,0.9820323607342527,0.8014320269302087,0.1576799731371996,-0.3633072397340029,-0.019082279958111625,-0.4521430019874195,0.061371082468534954,0.7146587399379378,-0.6352009193305854,0.757793552965242,-0.8053065091057887,0.4968964113727077,-0.34395915544722344,-0.6671166131642634,-0.07432365491147586,0.6582199358375549,-0.03627768485087546,0.5773441396885954,-0.8115629986781461,0.8599682064606908
286,-0.26976376980081973,0.11215799885747435,-0.2592902167182216,0.9939478594160713,-0.03165894111602685,0.8871618752090584,-0.622190921215154,-0.4542841042206731,-0.4173823485424455,0.1597502273490483,0.35979261896277537,-0.04997517007057661,-0.8766985564552898,-0.4594691121787058,-0.9907697895636813,0.5512743151361168,0.0033410589755802356,0.21032693079409093,-0.46805387343881,0.6858030632637546,0.4916261999870133,-0.31790764724388576,-0.2826086768231191,0.7449808237455995,0.7591330566499763,-0.2605986154750637,0.15777188898434424,-0.22221798273608018,-0.400846959662448,-0.06286559686875304,0.7138326876739751,-0.10076094594721474,0.8223839403989543,0.47017653232018786,0.6372677010838304,-0.6947645222670016
287,0.8901612182374958,0.8856217521550829,0.5979696875706624,0.6708721423918158,0.4981333667162353,-0.5504510217848482,-0.37493421818212425,-0.9006610558890531,0.0489657999330968,-0.7742109421142651,0.5480644659077254,-0.4816250217758371,-0.24229356107970101,0.5384003859893494,-0.5275641749734394,-0.45445537179715756,0.5475058294049688,0.9081947776677235,0.4813429064163419,-0.10142405899933116,0.4404138363526693,0.3695869211081144,0.23190914290995934,-0.43333355065476575,0.3718028708062291,0.6582819675710716,0.9173443023946868,0.06070966902088282,0.9823885425534449,0.9325767805574656,-0.28021751666634165,0.4480405196148134,-0.2480414637249777,0.8651993784397969,0.9736538451332071,0.43311469736429986
288,0.7855687931984432,0.12165790170481938,0.9262609227531315,0.13748029458437983,-0.9000490746147283,0.459545025032259,-0.7146124780959178,0.8483664623753264,0.6056682765889732,0.24053169048188705,-0.5586708151942867,0.25926452037323866,0.1567712665336065,0.6990635482058569,-0.5264799852179232,-0.821384914967721,0.790197113228154,0.8571211022965115,0.5454664577860762,-0.9422777621395806,0.3266667261166658,0.4382405530237463,-0.10274272595745382,0.4689502781701447,0.8237033322869256,-0.9336911425606544,-0.9267332480673054,0.03174501906754945,0.5264695781391349,-0.7752644367488637,-0.42243117814249853,-0.17667428062366164,-0.5434098990820304,0.6781991254920208,0.7474423700216639,-0.7706035923905605
289,-0.5001893332912835,-0.053488767622028366,-0.25286896339191256,-0.532422069911443,-0.5588496843101027,-0.46398180603269346,0.7390986241090742,-0.17362633501171065,0.42583431854830045,0.6293342395655865,-0.04275409892882842,-0.03849252817958293,-0.37217743892329014,-0.9281822489380305,0.5796866859881806,0.7642154861652126,0.30278556841653836,-0.5019516986867616,0.48387577126677095,-0.5035989693293215,0.01961001884698299,0.5293953201334678,-0.10903831825742771,0.18480444272057306,-0.1947921071285308,-0.8296146851665431,0.5340252302234432,0.07873260067294341,-0.8171937831868958,0.10263152206912962,0.4679587489567303,0.9167095625051076,-0.0469907354028547,0.6916487539885701,0.42722503803340617,-0.08183377780350987
290,-0.1044798120933037,0.9451882085471299,0.4691279292565267,-0.5233214575916738,0.6772965653312077,-0.0780488516616129,-0.7209097339045307,-0.5665079871274543,0.5845688842166321,0.6669385629108002,-0.9985541315752522,-0.4621363467906514,0.6696741463577958,0.2763716964682914,-0.7296536751850691,0.7514448000847342,-0.9948556943350342,-0.3595062486879119,-0.0922555519425321,0.8563596553135746,0.271666852489167,0.46307006661933614,0.802341403703815,-0.786194532509914,0.9279073224709733,0.26615700345117443,-0.6643642098172022,-0.32549198761670417,0.055308065136109974,-0.5562664635816112,0.40337153734858777,-0.8414166644969754,0.11181555130301501,0.7568796906812059,0.4351717999308393,0.6638579305722903
291,-0.10763840638649702,0.7014496484106596,0.4691279292565267,-0.603361925633811,0.781455580536802,0.033713547895807716,-0.7209097339045307,-0.5665079871274543,0.42383570679248517,0.49566657943140324,-0.9773038980103628,-0.6158705881182078,0.516743598056536,0.2763716964682914,-0.6721621222882037,0.7570839318522453,-0.9948556943350342,-0.3595062486879119,-0.2656288733637633,0.6886627300440467,0.26672461024477956,0.5590518084456431,0.802341403703815,-0.786194532509914,0.953238236189605,0.421241864592125,-0.6737252666924038,-0.25813605265702133,0.08784950289139593,-0.8482385527841179,0.4954926904846637,-0.8546548319817278,0.1146959901479625,0.8450715173205807,0.4961071206609575,0.6638579305722903
292,0.8414929563973761,0.17718758106716548,-0.9048368971846903,-0.4122632473797909,-0.8283278236769052,-0.2308727181817758,0.41537877780736143,0.14759840665473822,-0.31274662227459293,-0.24577092273563372,0.5635266683518969,0.8550609686759898,0.12756559271864298,0.020482925167741417,0.12335613745613028,0.9535307431137965,-0.6503391929067501,0.46337657099120166,-0.4852881831946989,0.07801888160834558,0.45589710987090304,0.5691397845772015,-0.6364031722495098,-0.6271679911347021,0.41408289518289076,0.12952968199516657,-0.6027185873991978,-0.01526799141215407,-0.7070032850234178,-0.5841211098236889,-0.5928819858904022,-0.13513007785304132,0.37433412808870536,-0.9286453396929755,-0.18893705312856324,-0.8897250421905314
293,0.9163878914426671,-0.4291055743291583,0.296984096695579,0.857323830635119,0.06263181301037068,0.07916235404279037,0.49129012747371337,0.5294918076137278,-0.5050506236168224,0.5863993237797647,0.10120187602516895,-0.018377326250704762,0.8776906957254225,-0.37200618725387,-0.2906996533744486,-0.08943834311229804,0.0399474870304406,-0.5196075068960393,0.999387241467262,0.26008412004303016,0.2659657560501718,0.24063551736414568,-0.3032349269143988,0.7022877950592579,-0.15635939469138838,-0.4209153973460049,0.0345903304649442,-0.23106876641871232,-0.7360146909988214,-0.3909209486193286,-0.24199113850433585,0.45056322148214756,-0.5977124892892978,-0.9973332594750994,0.6989806156410705,-0.19783933402734388
294,0.9947646724769412,0.5508652766712945,0.7573959423911019,0.6708721423918158,0.4981333667162353,-0.5504510217848482,-0.3426067692170456,-0.7375484601436324,-0.15369724459512724,-0.8372604394331191,0.7693651551614853,-0.41116387071232774,-0.4128078731650886,0.6381213641901242,-0.5275641749734394,-0.6453641399476913,0.5792685914598756,0.7421308058070499,0.4813429064163419,-0.10142405899933116,0.4404138363526693,0.3695869211081144,0.35597948492423503,-0.5258709140766695,0.3718028708062291,0.6582819675710716,0.9173443023946868,0.06070966902088282,0.9823885425534449,0.9351969992740521,0.14947179334532779,0.4004672792006503,-0.2480414637249777,0.8843123488465332,0.9739540975878751,0.43311469736429986
295,0.7348944235452122,-0.7901002282121938,0.8296652426302926,-0.19594278586853142,0.9270881271182387,-0.02754602291015007,0.3539485457090199,-0.5988618018115992,-0.013245199385347073,0.9818817239713,0.5994618920990866,-0.24354166756278173,-0.2741455500242842,0.48577017766562247,-0.42860864234147544,0.8405755612448427,-0.9709218361311331,0.6536762861598178,0.5235700298700019,-0.15407078643208116,0.1089149273931358,0.6056441331580689,-0.031644744461816865,-0.18228541967749345,-0.9030507425224279,0.6406059905917876,0.3235906909478543,-0.6709171857013831,-0.9436800327079116,0.10712372141907989,0.9839479048704673,0.5325804497286653,0.16347391954125023,0.2201610739987674,0.7526242441134432,0.7210689006358646
296,-0.8265974191433005,-0.3596026244108239,0.002498169547495044,0.8410256824660944,0.3639193967405856,-0.26759873905317066,-0.6989954291461431,0.05285504471032754,-0.8727413266594075,0.21364450058259132,0.899333229531446,0.41665297850355465,0.3161497863707965,0.7586336289721811,-0.2880003491523151,0.48463720346635975,-0.6743872687583741,-0.13971687047385895,0.48675125520914575,0.07698136585032134,-0.6504143121437433,0.916114220208212,0.20560755353341675,-0.8727002150624976,0.15247559340072336,0.02871034974132658,0.38880448158541436,0.1999511396870599,-0.3621793649936458,0.07440476043361777,0.5728495795416038,-0.42771048915337917,0.628411376916252,0.3062630187867672,-0.32457473101359247,0.7830758433510407
297,-0.41145007299292535,0.047321116994915924,-0.2536861847236098,-0.12318432567229354,-0.5069754360726799,-0.5626433642517628,0.7584333318061096,-0.1872954435644707,0.254717566141309,0.9795369187700249,-0.04132721042487053,-0.03849252817958293,-0.5716115666481427,-0.9982954728346065,0.5796866859881806,0.8818495746732511,0.5215623581450055,-0.30839784657718394,0.5783010491572631,-0.47888216449070264,0.01961001884698299,0.4294386219626214,0.05302985213197786,0.18480444272057306,-0.13060245655802438,-0.7545543598233118,0.3058723491825315,0.031365298400799935,-0.8171937831868958,0.06450151201495258,0.47371351077714174,0.9498367956022742,0.008559243114324211,0.4625832331005999,0.3198690111193989,-0.08183377780350987
298,-0.9526825724031605,-0.5990710464518094,-0.32066901809682613,0.5190748068979807,0.2752013013750212,0.69926461766211,0.2716629831516888,-0.2447361738747238,-0.09946023892245548,0.6333417916301038,-0.7213752756509979,0.09216340169457227,-0.7827529147830756,-0.3023517088337122,0.6407276488481308,0.15990952765634336,0.3650287180628189,-0.4900818658067063,-0.11983230086898944,0.8419304082248034,0.9015548773876172,-0.8490911889850312,0.1478739227946635,-0.8269317685432256,0.06017775885435994,0.7645842563786795,0.8179596937557607,0.3672584183280845,0.2817193321694649,-0.34369377315574146,0.27576554469950865,-0.2426341786265287,-0.6622616932278633,0.7509731091593608,-0.4170895564537964,0.6281527234715982
299,0.042523772217015976,-0.23611199204082234,-0.11941928512293631,-0.8646084749655905,0.4545586143417397,0.9487163816587965,0.9741335924568821,-0.42471425661164286,-0.1454207234510354,0.48784013808232873,0.4846809630886282,-0.6931834096339802,0.290038638752556,0.9266611689864908,0.907368280579379,0.6254658851003947,-0.9634201144581904,-0.2169864358792144,-0.919781934493827,-0.4016640358304635,0.6059809770343607,-0.6316357549385043,-0.8547656586964654,-0.5634721221772534,-0.5924518354359103,-0.721744112830244,0.639864726924406,0.06102083632477484,-0.5511267405654678,0.9123901666267391,0.35177289259205313,-0.2710606242686844,0.5270118481870183,-0.9441814595729741,0.3073185883753786,-0.2502172694502087
300,0.9881532467461578,0.6375690501777718,0.5979696875706624,0.6910998785978897,0.4981333667162353,-0.5504510217848482,-0.4588804267215083,-0.9006610558890531,0.0489657999330968,-0.8130905731992615,0.8912034794494403,-0.4816250217758371,-0.4128078731650886,0.6381213641901242,-0.5275641749734394,-0.6346193428458371,0.5475058294049688,0.4623987892693284,0.4813429064163419,-0.10142405899933116,0.4601529985529649,0.3695869211081144,0.324570913043823,-0.43333355065476575,0.3718028708062291,0.6323906302110731,0.9173443023946868,0.06070966902088282,0.937685395329078,0.8524857252801505,-0.28021751666634165,0.4480405196148134,-0.3906792047792169,0.9375569841273343,0.9451446371735595,0.5024432981435092
301,0.7839770948787566,-0.14329900485095037,-0.5747353786296634,-0.1497051841508017,-0.016003835800382893,-0.6273186593328595,0.07736831831482016,-0.5187264233638784,0.438891087956341,0.44508828497928543,-0.671477145335583,-0.2021070061432655,-0.32094552911515173,-0.45229075305916533,0.3883734876187199,0.7855644338772967,0.4340221901817909,0.4472200085213318,-0.8851743842320583,0.80654867672124,-0.4396147589916266,0.5415355142713381,0.8421498225128441,0.1966635523354896,0.757615911188257,-0.8801651518810631,-0.5530635525555003,-0.2925826962677174,0.5595290466981881,0.40821778846446843,-0.9251299667866222,-0.6485607351731404,0.1723263177323966,0.15250740018799624,-0.4690953329720391,-0.876593992535919
302,0.8901612182374958,0.6259110564578383,0.790342348512372,0.7394670473789904,0.4981333667162353,-0.5504510217848482,-0.37493421818212425,-0.9006610558890531,0.0489657999330968,-0.7742109421142651,0.5496773249251152,-0.4816250217758371,-0.2164939099387011,0.6381213641901242,-0.5275641749734394,-0.6346193428458371,0.5475058294049688,0.6995683252333982,0.4813429064163419,-0.17266817895608755,0.6060116952042638,0.35478899401346675,0.3204001687510649,-0.43333355065476575,0.3100622495675107,0.6582819675710716,0.9173443023946868,0.06070966902088282,0.9823885425534449,0.8099808177074828,-0.28021751666634165,0.4480405196148134,-0.2480414637249777,0.8843123488465332,0.9736538451332071,0.43311469736429986
303,0.8026103701590332,0.5700092791848119,-0.8889258070148387,-0.15655511917766773,-0.897441029820653,-0.5431880503465025,0.7866465925723081,-0.27358688313450963,-0.6694649826235202,0.40023445466095664,-0.20992726223872427,0.686694767657354,0.13938721134122845,0.23610596005740314,-0.2829346015987586,0.8022094976813452,-0.22456911766522913,-0.19896923134378386,0.4157757411684029,-0.09784684725963322,-0.9297737844709677,-0.09395675388116076,-0.731910112235568,0.1356077847310857,0.2603954843845553,0.17348790076060716,0.7048405992416948,-0.8892211197987334,0.9412562614686051,0.5368730865979321,-0.10412488467897107,-0.7289963259260457,-0.9201696944686903,-0.2776314369665467,-0.04807715701995252,0.973812328045836
304,0.8172293652838312,-0.12872550716222264,0.296984096695579,0.9386682977232172,0.06263181301037068,-0.14394455886230895,0.591644537361758,0.5294918076137278,-0.5417628288227179,0.5863993237797647,0.10120187602516895,-0.018377326250704762,0.7551587642487139,-0.3342566011898962,0.00045624793814402764,-0.03591776673348712,-0.10272222045708213,-0.5228100770546706,0.9994969456829923,0.26008412004303016,0.28007219386253746,0.28519307644605485,-0.12587471106502202,0.6270739483514585,-0.22425792717197868,-0.3044133419115025,0.0345903304649442,-0.3079806656409616,-0.6165864918801236,-0.4491188676590576,-0.24199113850433585,0.45056322148214756,-0.5977124892892978,-0.9973332594750994,0.592333876486095,-0.4214863542010059
305,-0.8130119796907582,-0.4116700084387077,0.41370926793558405,0.8054920521187663,0.5970415464686567,0.5949861673207479,0.19916651009540653,-0.26544995917131864,-0.7433453926829658,-0.6067759704426938,0.5625073792677657,-0.23016444424637728,-0.37692476329407687,-0.9807517730872095,-0.2544484609012043,0.017750737645950698,-0.10134018911484821,0.3520977273882968,0.7372298666361516,-0.0036873391178524617,-0.1414182829608175,-0.35235739761062757,-0.8015769347191661,0.6733826976515851,-0.3730641235064629,-0.2404770797630389,0.4561368761035427,0.9325551929280254,0.6589479831543836,0.7184453589171198,0.5683700649265355,0.2986830821836024,-0.6918170883458308,0.5868335412485735,-0.07251353922849813,-0.18888607808997904
306,0.23867031658690485,-0.23359001757709352,0.8324677430744494,-0.2612490059515078,0.30302811948032193,0.055304190134784825,0.5207177643619578,0.37494755129033996,-0.03726721330177285,0.21114314847189375,0.3232558734077777,0.18352212957475666,-0.6050471535356181,-0.265412620986482,0.44981273454053405,0.07766759325784833,-0.43880484374174045,0.6653427910006258,-0.5214663410109719,0.8093358189375666,0.7906542484776546,0.2061535012435345,-0.8001268704107818,0.8211141406478222,-0.9163629094200896,0.6032899647691576,-0.0664147197346574,0.040144219145280546,-0.41302754567122624,0.528125146288094,0.7583656154215255,-0.9735733532138424,-0.44964680278801494,-0.7719715937760789,-0.26958989615242457,-0.614067470963249
307,-0.756282209505581,0.1316142564464502,-0.9958836052875821,-0.4636246252165044,-0.8451108108724117,0.3346047447686331,-0.9940981231141384,-0.29285682973655014,0.6046127898473566,-0.10780218231429517,-0.5087981779937565,0.16134395823943182,-0.6869772525040836,0.1284908220045511,-0.7141048774913645,0.5070869063453025,0.38206013937761196,0.23207256790843056,-0.07047041661187037,-0.3813626377135473,-0.9257638369756742,-0.8413818546498835,0.5136397323686646,0.05863557289359278,-0.772749995142973,0.17610254723196883,0.415301583449841,-0.28813098045199426,0.8789203621772685,-0.049742129267416724,-0.4826531700819101,-0.5153402318394158,0.08890930474307202,0.615318544860292,0.2002734917224851,0.03066324830759859
308,0.11137132914074677,0.9668732714735997,-0.9839897910216706,-0.05736530893701519,-0.9580430283090391,0.8061996619865264,0.9788765109524957,-0.28018349653208663,-0.12623320182797082,0.4511584704117464,-0.575466438408049,-0.9110824124881003,0.3763206763096769,-0.27620215225993694,0.5882365823318614,0.48270668157569996,0.9176165248324477,0.020030081697071322,-0.9504185602255546,0.41596709513652463,-0.8576518159858411,0.06833191635171665,-0.2812818879320258,0.2661952135894008,-0.6009103970319465,-0.12365022106914281,-0.016658302123712332,0.7379729636999688,0.4165590136857673,-0.08641515496596264,0.7752193226519553,-0.10344181369114502,0.7069657992732676,0.06632994399191672,-0.367801099427862,0.8785588555602466
309,0.7839770948787566,-0.046138596412284016,-0.5747353786296634,-0.1497051841508017,-0.016003835800382893,-0.6273186593328595,0.07736831831482016,-0.7541879500700743,0.4104454582780752,0.4575334226817782,-0.671477145335583,-0.33813533646222127,-0.32094552911515173,-0.5605399027688225,0.3967630069424497,0.7945997356150569,0.4340221901817909,0.4472200085213318,-0.7772822749933708,0.80654867672124,-0.4396147589916266,0.5587096823949911,0.8421498225128441,0.12545600898596,0.757615911188257,-0.8801651518810631,-0.5231213721534156,-0.43262296056019167,0.5595290466981881,0.14773414757707748,-0.9251299667866222,-0.6059728735716448,0.1723263177323966,0.2274065975271946,-0.4690953329720391,-0.876593992535919
310,-0.24771340148873588,0.6803191041031629,-0.08467337711984224,0.6733156443711368,-0.7182321882316807,-0.054836062302664246,0.30299537060325754,0.7088892962863473,0.749328488275026,-0.6897121729665177,0.29019701124793396,0.6806432474348634,-0.001170319616337956,0.7256635963264702,-0.6013974331408181,-0.013392624064712644,0.8520989287370286,0.7499402199945475,0.1576799731371996,-0.4005664635610704,0.28301142935430534,-0.7401810901226902,0.6223850167084022,0.578462394066152,-0.6363491368265803,0.7567942461756509,-0.6109562833491862,0.13943118174083802,-0.5646193914421851,-0.8207374256473516,-0.1105714236433264,0.6582199358375549,-0.03627768485087546,-0.047311571447703704,-0.9381511693950404,0.9346629132063133
311,0.8901612182374958,0.8856217521550829,0.5979696875706624,0.6708721423918158,0.4981333667162353,-0.5504510217848482,-0.37493421818212425,-0.9006610558890531,0.0489657999330968,-0.7742109421142651,0.5480644659077254,-0.4816250217758371,-0.24229356107970101,0.5384003859893494,-0.5830424664389053,-0.44441221723561863,0.5475058294049688,0.9081947776677235,0.4813429064163419,-0.10142405899933116,0.4404138363526693,0.3695869211081144,0.23190914290995934,-0.47674836317344127,0.5303987477325567,0.6582819675710716,0.9173443023946868,0.06070966902088282,0.9823885425534449,0.9325767805574656,-0.28021751666634165,0.4480405196148134,-0.2480414637249777,0.8651993784397969,0.9736538451332071,0.43311469736429986
312,-0.41145007299292535,0.09746414749562282,-0.2856732732513392,-0.24974903871720922,-0.30083626403852404,-0.5626433642517628,0.5868062954434297,-0.34128019836457923,0.45217858422399093,0.9795369187700249,-0.04132721042487053,-0.03849252817958293,-0.5057604040451367,-0.9982954728346065,0.5796866859881806,0.7642154861652126,0.5891066348680869,-0.30839784657718394,0.5680503906181729,-0.4390420248745066,0.01961001884698299,0.4294386219626214,0.04325478564981777,0.18480444272057306,-0.19221334995913097,-0.7294483282578039,0.39405226832940543,0.01149312541841585,-0.8830423458447778,0.06450151201495258,0.47371351077714174,0.9498367956022742,0.008559243114324211,0.4625832331005999,0.3198690111193989,-0.2791935811871702
313,0.6321764030883079,-0.8742395419133904,0.9367668262452207,-0.22164702308584938,0.9281547038440277,0.09922571347230047,0.49630266031387227,-0.5994174801426342,0.05667207207564706,0.8451296665862738,0.5994618920990866,-0.09398891743026838,-0.2741455500242842,0.3714573852364442,-0.42860864234147544,0.8405755612448427,-0.9148833563719656,0.6536762861598178,0.5235700298700019,-0.1232395175577583,-0.06860722326197255,0.5588717869408995,-0.031644744461816865,-0.19703088174464845,-0.97827912814347,0.6406059905917876,0.48491345008864273,-0.6798267714643458,-0.8312032936005216,0.08609161828679901,0.9984905705609319,0.48157902486949955,0.11970869881626367,0.24155609554733215,0.7526242441134432,0.7573610634164176
314,-0.24771340148873588,0.916898484384461,-0.13795161783875898,0.6733156443711368,-0.6253554687601943,-0.06605316412936224,0.30299537060325754,0.667628189083995,0.9148898239134386,-0.6064359091081493,-0.0990418378050737,0.5518325729201419,-0.05028509468661002,0.717524062953917,-0.6013974331408181,0.005841585512420533,0.7887997566874405,0.6704942773536158,-0.01139550758383745,-0.3633072397340029,0.24619974866718963,-0.6581387724121046,0.6032342953217578,0.578462394066152,-0.6352009193305854,0.7567942461756509,-0.6080917032198923,0.4968964113727077,-0.5646193914421851,-0.7959476886219179,-0.365696659236715,0.6524948511365629,-0.03627768485087546,0.5871703724533792,-0.8811146565566401,0.9725425434995938
315,-0.7002644342497493,0.022714947094895743,0.8090373279446219,0.23526437582477167,0.2985615268960258,0.9046393372325807,-0.01023427274332911,-0.5400694285115604,-0.280752290345504,-0.6566594391844642,-0.22082609372299622,0.37802978924660047,-0.9684344071833657,-0.015838445821984903,0.8750023551898363,0.9412592754793216,-0.0332673554121381,-0.6790800526945784,-0.7123015793213112,-0.03876988140219284,0.09248349447711735,0.6750149844659821,0.6226432620817286,0.4588890464352924,0.7488098379643731,0.40459291193314506,-0.6642404224379519,0.988945813489158,0.3236027210561261,0.3311017685686386,-0.15435085472317933,-0.8107945303525872,0.5774984562343912,-0.3468077472835809,0.3558509246557364,0.2624548853573374
316,0.9501899831809599,-0.5399334006767449,0.36297188012706116,-0.5609954548884724,-0.29305279421233243,-0.15823099550065178,0.2983762428827368,0.04368015615613796,-0.5405144212249731,-0.1925774560607234,0.7984424102624281,-0.49859819038779807,0.15424213610511162,-0.2534525433522439,-0.7686861355969792,-0.9506285104630356,-0.6524529002280259,-0.9867114192709145,-0.3914127260202718,0.31514859891764013,-0.0609902774745299,0.8721861612868542,0.014018207396738758,0.7702181547057922,-0.3580704183061103,0.580193285156966,-0.7126840828171752,-0.5897245246773148,-0.5456270534395022,-0.24205667726737512,0.8458281631971576,0.7520484814975212,0.5498112050119277,-0.18854117301193418,-0.7457342999016079,0.029132245904736287
317,0.6804466285053523,-0.7901002282121938,0.8662550277727834,-0.22164702308584938,0.9829126214485497,0.09922571347230047,0.4700711963670481,-0.5988618018115992,-0.013245199385347073,0.8280856456811023,0.5994618920990866,-0.08303114923416466,-0.20563953471189933,0.42605490977865923,-0.34268775535054696,0.8405755612448427,-0.9225695055038063,0.6536762861598178,0.5235700298700019,-0.09215405609227068,0.05930916507977435,0.5317773850742376,-0.031644744461816865,-0.18228541967749345,-0.97827912814347,0.6406059905917876,0.45928422811401837,-0.8122547177920689,-0.9436800327079116,0.08609161828679901,0.9839479048704673,0.48157902486949955,0.2327093008121981,0.24155609554733215,0.5950785929480211,0.7301908576247773
318,-0.41145007299292535,0.047321116994915924,-0.2536861847236098,-0.47196792419597844,-0.5215585506955212,-0.5626433642517628,0.7584333318061096,-0.21284812377163798,0.22463075485504258,0.8415988670007568,-0.04132721042487053,-0.11172659084635361,-0.37217743892329014,-0.7611193447623348,0.5796866859881806,0.7642154861652126,0.5102401361461866,-0.13370223131562198,0.5168332332035261,-0.5588506551205199,0.01961001884698299,0.21274340931396152,-0.0822286869569917,0.20295301866612814,-0.13060245655802438,-0.7294483282578039,0.5340252302234432,0.07873260067294341,-0.7292251265731482,0.06450151201495258,0.5775376066869768,0.9167095625051076,0.04616779002210336,0.6327002611584589,0.4462011098992129,-0.08183377780350987
319,-0.8130119796907582,-0.4116700084387077,0.41370926793558405,0.8054920521187663,0.5970415464686567,0.5949861673207479,0.14808438371819088,-0.2226721481635099,-0.7433453926829658,-0.6067759704426938,0.5625073792677657,-0.23016444424637728,-0.37692476329407687,-0.9807517730872095,-0.4529857443333307,0.17001451285902913,-0.1287472307393438,0.3520977273882968,0.7372298666361516,-0.0036873391178524617,-0.22322238036013364,-0.6105056067224897,-0.7818948796759546,0.7424045294674719,-0.6925449620290272,-0.39580887809233456,0.6157128144558728,0.929538633197095,0.6589479831543836,0.9190211085891993,0.5683700649265355,0.3304091566989604,-0.6918170883458308,0.604195199824636,-0.07251353922849813,-0.18888607808997904
320,-0.7584165653304358,-0.37655388543290025,-0.5077264435413675,-0.5641337502580996,-0.46130304462682137,0.8202822674347492,0.16560528100526128,0.968294772435794,-0.3335999614678833,0.6791209075445315,0.8016229218393813,-0.18992063993103758,-0.20155873293733295,-0.16192622913236754,0.5309594027631057,-0.38188614480010097,-0.786524075952507,0.952238138764415,-0.042075949785420175,0.3709667977014126,-0.6932327818292474,0.29914964455947546,-0.8091814844565517,0.16233520881313868,-0.5599480860775723,0.9977695517533525,-0.5458557762478589,-0.7843396984234634,0.2894997161792019,-0.7387025249512453,0.6328735801243317,-0.03339532699858805,0.93630018951755,-0.700173475943243,0.8974438929320958,-0.5714319763266196
321,-0.439758795871549,0.047321116994915924,-0.2536861847236098,-0.501067928212612,-0.3891878425001061,-0.5626433642517628,0.7584333318061096,-0.308560160686701,0.5062067457078288,0.8415988670007568,-0.04132721042487053,-0.06390562729783245,-0.32588912894558364,-0.7164965689926279,0.5599477752482593,0.6997516750502963,0.5102401361461866,-0.47991013092373347,0.5783010491572631,-0.5352084319437138,0.01961001884698299,0.10674233257513022,-0.0822286869569917,0.04910807364142045,-0.13060245655802438,-0.7294483282578039,0.5340252302234432,0.36979588922447637,-0.9497708358148,-0.13215482507047982,0.623001066402318,0.9538428277976325,0.04616779002210336,0.4625832331005999,0.4574824460910998,-0.08183377780350987
322,-0.5322844594136276,-0.6459337792144715,-0.24318889015132084,-0.5732861108454936,-0.7195637354343845,-0.9563410247012529,-0.11483488300263711,-0.046904194214301365,0.5583272335728529,-0.12588932867443958,0.8131043193721355,0.4205124164771177,0.8118809123583934,-0.8094561818533348,0.05182933412798296,0.5083265923344551,-0.48764135643549245,0.015759017690219368,-0.8275200274062546,0.8108175663028414,-0.4269114907697351,-0.2534843971625216,-0.6312852872838712,0.2619299684882943,-0.5523967488508039,-0.31437823701171363,-0.6879386291136056,0.19935341592484024,-0.43154394906212046,0.46964923054757124,-0.19790816758526097,0.3975908224755369,-0.6810404224990194,0.8019024242314214,0.8237334033304171,0.6241433313011675
323,-0.48066763008073,-0.19649795660594815,-0.2536861847236098,-0.532422069911443,-0.5069754360726799,-0.46398180603269346,0.7584333318061096,-0.05527053082938527,0.43884487482900436,0.7240431128641818,-0.04132721042487053,-0.03849252817958293,-0.37217743892329014,-0.8788328917339283,0.5796866859881806,0.7916393842294596,0.5102401361461866,-0.5019516986867616,0.612075652809545,-0.5352084319437138,-0.006931164316992033,0.5293953201334678,-0.19688185420261894,0.18480444272057306,-0.030429738279679652,-0.7576048790523626,0.4087068281321331,0.07873260067294341,-0.7708327973051523,0.10263152206912962,0.5775376066869768,0.9167095625051076,-0.22324711464443525,0.6916487539885701,0.4462011098992129,-0.08183377780350987
324,-0.24771340148873588,0.8414279999164687,-0.2075377992578924,0.6733156443711368,-0.5019881826699972,0.0712888680716599,0.328887015440662,0.667628189083995,0.9148898239134386,-0.5425428477229461,0.36609982220409587,0.5018976510389428,-0.09125195391146756,0.6958471522682177,-0.7183626127118592,-0.013392624064712644,0.7518106374636904,0.7499402199945475,0.36807801037901755,-0.4114446791142574,0.21340115372690383,-0.6957728783629515,0.8753521542488931,0.5694735657786376,-0.44183678424428185,0.7567942461756509,-0.6080917032198923,0.4968964113727077,-0.5420591714463199,-0.8549539726983946,-0.35955624297481914,0.6582199358375549,0.0562511636171501,0.5871703724533792,-0.961334885979036,0.9665289637727406
325,-0.2731382994452054,-0.47700892937987494,-0.6272039261544311,0.6747992491740051,-0.2691274163178474,-0.8919480480856232,-0.4832845380329809,0.7987406686535954,-0.9265120850330915,0.11771973124557866,0.7099268285695739,-0.018324110675695282,0.2300811668063123,0.40092002927332726,0.8406937967864918,-0.1669266101629483,0.7234598846489284,-0.8430347962101195,0.3669208080277204,0.6175863141470912,0.7427228112586366,-0.8621417502121507,0.987676783226143,-0.008737712757240779,-0.32997565807754214,0.5972133200506506,-0.24087314311461494,0.47212548051464576,-0.13853949217408612,0.7026989877673346,0.6185562157594855,0.19118282455381697,-0.19241733288561313,-0.005461173823045451,-0.15941692814524222,0.290260713734769
326,-0.31520493252799264,0.6648691239729785,0.5625875275379586,-0.5748942152112002,0.9711305991074213,-0.2057767205528338,0.8473431502953586,0.8915869518188744,-0.19026296667990117,-0.15982281699777734,0.319163299232746,0.9129449350594605,0.979287057455722,0.8707532769877881,0.975590768893972,-0.1774989000040048,-0.1036052823046516,0.6648619059938621,0.8882891265650916,-0.21284216492168273,0.8013552350663713,0.06227419275952495,0.9153125524978605,-0.4502873174792976,-0.20025185401571455,-0.3637450289738322,-0.16748975655892862,-0.7519391988489175,-0.7400914426090708,-0.8327023685248549,0.1868301660206364,0.2274411403700598,-0.8909407065967292,0.5538958677665768,-0.11959912808024131,-0.48763914213329684
327,0.6804466285053523,-0.69689486088398,0.8662550277727834,-0.22164702308584938,0.9829126214485497,0.09922571347230047,0.4886947799318162,-0.6416346932217876,0.013211555581458034,0.9625674883957542,0.5994618920990866,-0.24354166756278173,-0.2741455500242842,0.3714573852364442,-0.42860864234147544,0.8178284248069623,-0.9248181362422709,0.8983470099616606,0.5235700298700019,-0.12555774334135927,0.3665207517648059,0.6056441331580689,0.0008795346723857733,-0.18228541967749345,-0.9996290811333399,0.6406059905917876,0.3958665338415128,-0.6798267714643458,-0.8837723840508744,0.08609161828679901,0.9839479048704673,0.3413236838024747,0.09530333306033767,0.30345165286273756,0.7338027806724192,0.7573610634164176
328,0.6804466285053523,-0.7901002282121938,0.8662550277727834,-0.22164702308584938,0.9829126214485497,0.09922571347230047,0.4700711963670481,-0.5988618018115992,0.3064646735043852,0.8221928940039067,0.5994618920990866,-0.24354166756278173,-0.2741455500242842,0.3714573852364442,-0.5626088194687413,0.8690018019130863,-0.9444466181189888,0.6536762861598178,0.5235700298700019,-0.1700109323091996,0.05930916507977435,0.6056441331580689,-0.031644744461816865,-0.14481432555745655,-0.9996290811333399,0.6926298223440284,0.3958665338415128,-0.6798267714643458,-0.9436800327079116,0.08609161828679901,0.932286303548157,0.48157902486949955,0.25657054651076483,0.2613188413330332,0.7526242441134432,0.7573610634164176
329,0.7348944235452122,-0.7901002282121938,0.8296652426302926,-0.19594278586853142,0.9270881271182387,0.09922571347230047,0.3539485457090199,-0.5988618018115992,-0.013245199385347073,0.9818817239713,0.5994618920990866,-0.24982056179416756,-0.2741455500242842,0.3714573852364442,-0.42860864234147544,0.8405755612448427,-0.9820978821701196,0.6870537475593852,0.5235700298700019,-0.15407078643208116,0.21985026201331026,0.6056441331580689,-0.031644744461816865,-0.18228541967749345,-0.9996290811333399,0.6404442703747357,0.346458164049011,-0.49241355119377483,-0.9436800327079116,0.10712372141907989,0.9839479048704673,0.37599753684061654,0.25657054651076483,0.2536295346334334,0.7526242441134432,0.826278355941948
330,-0.003771783321981914,0.9977763741520913,0.4328513080573875,-0.603361925633811,0.7652529765701992,-0.33228497148044656,-0.7856858309334251,-0.5665079871274543,0.6380800700512714,0.6669385629108002,-0.9625435367719013,-0.7090892491860641,0.618232107794241,0.27796114691401264,-0.6592693864701904,0.7514448000847342,-0.9966551900933176,-0.05155536521351811,-0.12427611396008986,0.6886627300440467,0.14962103766538992,0.46307006661933614,0.802341403703815,-0.786194532509914,0.953238236189605,0.3778622932487614,-0.5137485291660187,-0.25813605265702133,0.055308065136109974,-0.5687107045469677,0.5619824632792021,-0.9561106631080707,0.11181555130301501,0.7568796906812059,0.39037334949770885,0.9150780077233878
331,0.9285983034395062,0.3226995066148133,0.8167143094082217,0.8722479721191252,-0.5330252814838938,0.852796220916239,-0.2831041029100638,-0.8025830640751677,-0.7380571152740403,0.05530739964788456,-0.0005125508637382481,-0.15252710431792083,-0.08345249461250215,-0.37985124003445203,0.0625303482731776,0.11442805299371761,-0.7335528253847832,-0.2106114156984431,-0.5743855349361211,-0.38813069155300317,-0.8292049691088064,0.235992076632628,0.5612117062613962,-0.6663807633817262,0.206720813877169,0.797731150083705,0.1198221807601112,-0.5270986237762567,-0.028658783264157606,-0.6529470072560168,-0.7013578892302856,0.40160933765519613,0.30774782872588147,0.8254821228451206,-0.02334425021563291,0.9176968911309622
332,-0.05812516302033166,0.2509245032595322,0.6134092552917363,0.30824613539083545,0.5584771035277301,-0.9913605033554014,0.5249461741917449,0.9388009388730834,0.6839214583600319,-0.40904964484425976,0.9611240667530012,0.47818838269579,-0.5807240302147969,0.9986867040969252,0.538412320976025,0.27427072078531967,0.21408631453872395,-0.846807812704846,0.5926570034868042,-0.8203609542988173,-0.687049900707102,0.0379487325401231,0.18664054450510226,0.04449858480658442,-0.852354453819139,-0.001934846316893779,-0.3585020885914496,-0.9444812685177513,0.6894619123214989,0.11563279173161312,-0.34309007801400737,0.3293729781005206,-0.4746663292821618,0.7690957981658513,-0.16093069021908524,-0.32602569089536826
333,-0.24771340148873588,0.8491680430361526,-0.13795161783875898,0.6733156443711368,-0.558757963233772,-0.054836062302664246,0.30299537060325754,0.667628189083995,0.9148898239134386,-0.6064359091081493,-0.0990418378050737,0.5518325729201419,-0.05028509468661002,0.717524062953917,-0.6013974331408181,-0.013392624064712644,0.7156610687079648,0.6534333716325675,-0.01139550758383745,-0.3633072397340029,0.24619974866718963,-0.7255573132312385,0.6032342953217578,0.578462394066152,-0.6352009193305854,0.7869748271939623,-0.6080917032198923,0.4968964113727077,-0.5646193914421851,-0.7959476886219179,-0.12650608121033913,0.7381683865445527,-0.03627768485087546,0.5871703724533792,-0.9030063192996447,0.9725425434995938
334,0.9163878914426671,-0.4291055743291583,0.296984096695579,0.857323830635119,0.06263181301037068,0.07916235404279037,0.49129012747371337,0.5294918076137278,-0.4669796623376212,0.5863993237797647,0.10120187602516895,-0.0699798544905128,0.8776906957254225,-0.37200618725387,-0.2906996533744486,-0.03591776673348712,0.0399474870304406,-0.5196075068960393,0.9995304552210791,0.26008412004303016,0.11541425329070942,0.24063551736414568,-0.3032349269143988,0.7022877950592579,-0.1708275177527545,-0.4209153973460049,0.0345903304649442,-0.23106876641871232,-0.7360146909988214,-0.35846231078041235,-0.24199113850433585,0.45056322148214756,-0.4627674284175465,-0.9973332594750994,0.6989806156410705,-0.19783933402734388
335,0.8172293652838312,-0.1676629985891307,0.296984096695579,0.9633784769110201,0.017689045149992477,-0.06452394986873355,0.591644537361758,0.5111455394179929,-0.6370543625379785,0.5863993237797647,0.10120187602516895,-0.018377326250704762,0.9007875761101118,-0.37200618725387,-0.2469878001527004,-0.03591776673348712,-0.15975488163084073,-0.5196075068960393,0.7723192068971194,0.296508080931414,0.2533897602604105,0.3236376367629763,-0.12587471106502202,0.7211614649135556,-0.17126033653632478,-0.4209153973460049,0.0345903304649442,-0.3079806656409616,-0.7360146909988214,-0.3909209486193286,-0.24199113850433585,0.5198837307969231,-0.6213716163639418,-0.9973332594750994,0.6989806156410705,-0.2300308135038156
336,0.6991929858245305,-0.1676629985891307,0.296984096695579,0.9436148551467987,0.06263181301037068,-0.08236837118251827,0.5477474146503729,0.5294918076137278,-0.5698947788485489,0.6196334537511703,0.12685169678064034,-0.10581023578074955,0.9625388027670239,-0.530290534488725,0.03179669601532975,0.07189712536823412,-0.15975488163084073,-0.4907008188888877,0.9722778622249046,0.21774474377383868,0.33761838679010014,0.30930176692994626,-0.04483280218952612,0.6271491503385389,-0.29284365882463925,-0.4209153973460049,0.0345903304649442,-0.23106876641871232,-0.7360146909988214,-0.34391230759325664,-0.22811630178352904,0.5406094959266543,-0.8841713155268422,-0.9973332594750994,0.7465999861166053,-0.18787210876972482
337,0.5705120533659409,-0.6652337620852509,0.7882451802814583,-0.22164702308584938,0.9829126214485497,0.09922571347230047,0.4700711963670481,-0.5988618018115992,-0.013245199385347073,0.8221928940039067,0.5994618920990866,-0.16972799577562458,-0.09963351445407542,0.2571644617333553,-0.42860864234147544,0.8405755612448427,-0.9967970417562262,0.6536762861598178,0.5766864003025738,-0.1232395175577583,0.02229145161201007,0.6056441331580689,-0.031644744461816865,-0.18228541967749345,-0.9996290811333399,0.6469812225732783,0.2402982109730325,-0.6922590838722196,-0.937920646697112,0.14948091704833644,0.9839479048704673,0.5197550557271917,0.25657054651076483,0.23756541104517392,0.7526242441134432,0.7573610634164176
338,0.00947100237532239,0.15108404471178982,0.2897961081462004,0.3146347631846127,-0.6519132851184102,0.5779529127380054,0.6262305976685583,-0.924749083214393,-0.7066860577102669,0.5536128650624128,0.06668650392974884,-0.838979412374721,-0.3849758686199549,0.34581865313388227,0.5119682713182796,-0.508637701820023,0.41066403429202936,0.5711140969467816,0.6534469451213518,-0.8131182125234466,0.8048313902027822,0.20676930442862318,-0.29710463613575944,0.28555654223511207,0.9613422516854162,0.8080749001543106,0.3621743557657122,-0.3865503475136989,-0.41011574418283425,-0.7427981253271358,-0.15118055341802128,-0.42248448540048833,-0.06743525284316298,-0.6877936090132177,0.9307914827419144,0.5099336062581643
339,-0.10763840638649702,0.8306180349507388,0.4691279292565267,-0.603361925633811,0.781455580536802,0.033713547895807716,-0.7911701591261042,-0.5665079871274543,0.42383570679248517,0.49566657943140324,-0.9773038980103628,-0.6158705881182078,0.516743598056536,0.2763716964682914,-0.5365911495962747,0.7514448000847342,-0.9948556943350342,-0.3595062486879119,-0.0922555519425321,0.6886627300440467,0.26672461024477956,0.6687558483170353,0.802341403703815,-0.786194532509914,0.953238236189605,0.421241864592125,-0.6737252666924038,-0.25813605265702133,0.055308065136109974,-0.8519401751204729,0.500705629562948,-0.8546548319817278,0.1146959901479625,0.8450715173205807,0.4961071206609575,0.8573212646015462
340,0.9573729304064076,-0.9894393792007212,0.32038428223739435,0.6593559814107193,-0.985937126641256,-0.10450664325656223,-0.19038097295692946,0.354703330670326,0.5454597178136469,0.37382084554929107,0.328901098539117,0.12220291376905501,-0.7978906497396683,0.40640515919111,0.4184201098964535,0.25061721559298555,0.8797158146402351,0.6429451666307682,0.12965766994867356,0.12062254434491426,-0.35359223775197357,0.3902489368204398,-0.05870401250545321,0.31983632631432046,0.9280698193897075,0.022246492175468813,0.7652888382313978,-0.35013020081509816,0.5344752634406471,0.3610815491881869,-0.9030894400686673,0.09817288905321808,-0.3368983760465336,0.3956988229207461,0.3794313820670674,-0.6930897266951175
341,0.7832551713343572,-0.11431395750783735,-0.5393451568254324,0.04664807536846216,-0.016003835800382893,-0.7125661439124709,-0.11345621956729435,-0.6139527033790515,0.23963982307230824,0.46035928758219136,-0.671477145335583,-0.37450551155842926,-0.42352855759902863,-0.591810910794937,0.2117597021303348,0.9126754929103906,0.5153755736826904,0.5490128322715349,-0.8275835884348155,0.80654867672124,-0.3707113635868373,0.6852018183666433,0.7532340388990912,0.13565425041670687,0.8404395159068987,-0.7364851566750377,-0.4828193413173445,-0.3418020973913185,0.39611850724550157,0.1168250628499401,-0.9251299667866222,-0.558421118220551,0.42800199210103496,0.31919582880797837,-0.6700122701463287,-0.8778380372299521
342,-0.2662355449155962,-0.46178810922195357,-0.24318889015132084,-0.5822759010704353,-0.7774335433075144,-0.9636626707094331,-0.1717429685829428,-0.45934198635015333,0.41081085547503005,-0.05660717169455953,0.8436057159997958,0.3741769619177482,0.8118809123583934,-0.8002325493380003,0.05182933412798296,0.5177074485043054,-0.5334401251202836,-0.01949167362008386,-0.8453357508924404,0.9051269166809639,-0.42412825138937493,-0.2534843971625216,-0.4796454310119185,0.4235238178783933,-0.5407368748280716,-0.36965710704310895,-0.7734083666006948,0.038779350861388506,-0.43154394906212046,0.46964923054757124,-0.47624722449171664,0.6633653063114873,-0.6810404224990194,0.8013625511270583,0.8234157988994704,0.6646176898669571
343,-0.35311878515896833,-0.43914641896867357,-0.6272039261544311,0.5374719860426425,-0.2585934580071272,-0.7294263992319765,-0.4051331529257849,0.858939438988072,-0.9009417269909097,0.2654413178164148,0.7099268285695739,-0.014293160230158364,0.16032766913842322,0.36030470057318253,0.9723463006919055,-0.207242358982477,0.7234598846489284,-0.8430347962101195,0.3669208080277204,0.6175863141470912,0.7427228112586366,-0.8665592722812481,0.9857279480508112,0.000656304270914454,-0.32997565807754214,0.6292058414744912,-0.4772652433218596,0.5129903740602271,-0.13853949217408612,0.7026989877673346,0.6185562157594855,0.11196514130661872,-0.19241733288561313,-0.20093427787126594,-0.15941692814524222,0.3274704398660544
344,0.11137132914074677,0.9668732714735997,-0.9827451645120882,-0.05736530893701519,-0.9580430283090391,0.8061996619865264,0.9788765109524957,-0.28018349653208663,-0.12623320182797082,0.4511584704117464,-0.575466438408049,-0.9110824124881003,0.3763206763096769,-0.24130281103772222,0.5566921655688115,0.48270668157569996,0.7011408947731261,0.020030081697071322,-0.7894585517902821,0.41596709513652463,-0.8079500787649074,0.06833191635171665,-0.2812818879320258,0.25273073208832786,-0.6009103970319465,-0.04381320464528948,-0.016658302123712332,0.9121797188129057,0.30289390339567346,-0.2698279980056475,0.7752193226519553,-0.10476200477761433,0.7234361514939911,0.2281506494270218,-0.40160231605790075,0.8785588555602466
345,-0.8450808062562458,-0.3596026244108239,0.002498169547495044,0.8410256824660944,0.3402351685196956,-0.30311322883380964,-0.6989954291461431,0.05285504471032754,-0.799561520666018,0.15387575694446998,0.7795707382832773,0.4470274179590581,0.3616697362665149,0.8624507805817732,-0.29516997928678324,0.6085486294901701,-0.6743872687583741,-0.13971687047385895,0.8823719774620804,0.07698136585032134,-0.6067332236375089,0.9197337074953962,0.20560755353341675,-0.8809490530373563,0.06010661326028144,0.11565703413122752,0.4103082381054224,0.4777850941079791,-0.5269930582424813,-0.036092314993712016,0.3860360687439519,-0.42771048915337917,0.628411376916252,0.2751042392708478,-0.32457473101359247,0.7853723667680643
346,0.5517612824630291,0.5445712832706147,-0.8750538779177122,0.07680166095160512,0.7885160873126278,0.23404608749499478,-0.0048864935806312015,0.6401364900295261,0.5154147052117704,-0.5512809013405282,-0.5960644349779292,0.601257505485004,-0.5962602146235596,-0.43186972140448043,0.07355427658309521,-0.5396537093436744,0.29917694644511483,0.41996887801839167,0.7008648473435128,-0.6559038908635095,0.2144255324408173,0.8485348099757624,-0.852094281555813,0.46392669575153356,0.3803045300770789,-0.9158502079903335,0.8596472693726176,-0.3061070339070875,0.8994418376885724,0.33161354016098055,-0.5599226744941801,-0.7936571784434034,0.15518393909232198,0.3440063097064445,-0.10561061489314283,0.8545380136443135
347,-0.999995286071605,0.031244326776280085,0.9231717173662406,0.693554289546503,-0.2179140628240135,-0.23013609720833283,0.8597427864122233,-0.3994127640860796,0.7136458388079632,-0.275572140401966,-0.3775978055351281,-0.26566720374136743,-0.9982109862368469,0.6569617268049164,0.46755516513764483,0.39199317850629556,-0.9747155092883322,-0.05348863855558639,0.526057421530278,-0.6904823485317915,0.0537010950524599,0.8030889534644323,-0.955226839306855,0.49205755463946854,-0.058817957614473615,0.7357793683813767,0.2295435341241696,-0.35063836949244176,0.32749834539460765,-0.8646953874317709,0.9520507544541641,0.5301250906834025,0.914068746278464,0.6635216908982398,0.3231991935443721,0.3392177652256645
348,0.7423131701551069,-0.5869990661663458,0.9045850259331356,-0.18540034679256912,0.9851916543303667,-0.01651129189777345,0.48597193499908387,-0.6972242103726287,-0.03556117018887761,0.8221928940039067,0.6475129820969852,-0.24354166756278173,-0.2741455500242842,0.3714573852364442,-0.37970084338895216,0.8405755612448427,-0.9709218361311331,0.6536762861598178,0.46468979286329093,-0.04749876932233388,0.012949689944030895,0.3514982637161348,-0.018158853627674443,-0.18080750603046036,-0.9999939690132089,0.5775355545508059,0.3958665338415128,-0.8494813445613612,-0.9436800327079116,0.02619197493235581,0.9902343078927258,0.48157902486949955,0.1260909984650025,0.26952935260081934,0.6784775473832285,0.824132660174252
349,-0.9072095493503083,-0.06688786816256065,-0.4715127452937915,0.9693334555000053,0.32441310990688255,-0.04619888224379576,-0.11467301683784137,0.47986784253077164,0.7627190187566577,0.632549193527157,0.463586053169889,-0.3277657605358433,-0.2178024239917693,0.12824275564978027,-0.04464716889015796,-0.3550500939740089,-0.7428831167583045,-0.5744090429643043,0.060874561723006204,-0.8655719878540515,-0.5937585805388332,-0.0117366872411937,-0.5454547432226835,0.808439568178865,-0.7052848409758934,-0.044132955676130514,-0.3762582449088476,0.9611967303625233,-0.3886796864360935,-0.2932441754786519,-0.3788820520802392,-0.7071509093277264,-0.0230604083163799,-0.3315324249973959,0.855903620380609,0.49090285548073487
350,-0.24771340148873588,0.7191517779893697,-0.2075377992578924,0.6356420705713548,-0.5568814568299905,0.11648539287426662,0.328887015440662,0.490676054578961,0.7739874327500211,-0.5425428477229461,0.2954541145866181,0.5018976510389428,-0.12400309887922645,0.7716130863688744,-0.6013974331408181,-0.013392624064712644,0.7518106374636904,0.7499402199945475,0.1576799731371996,-0.45519914772721615,0.21340115372690383,-0.6581387724121046,0.6032342953217578,0.5694735657786376,-0.7414568725177251,0.7567942461756509,-0.37427935209296104,0.4968964113727077,-0.5478854582235206,-0.8549539726983946,-0.6624912958599478,0.6582199358375549,0.0562511636171501,0.5270219753624639,-0.961334885979036,0.9478986167403749
351,0.8172293652838312,-0.1676629985891307,0.25393500008592995,0.9412886424789548,0.06263181301037068,-0.06452394986873355,0.6214729245986186,0.8192738060853972,-0.6370543625379785,0.5863993237797647,0.051313582043252426,-0.018377326250704762,0.873538964971295,-0.32441267705823296,-0.2469878001527004,-0.03591776673348712,-0.15975488163084073,-0.5196075068960393,0.999387241467262,0.26008412004303016,0.28007219386253746,0.30930176692994626,-0.16920017145047916,0.7193608016990038,-0.1708275177527545,-0.24026952746079533,0.0345903304649442,-0.4055155893265192,-0.7623319446398547,-0.3909209486193286,-0.24199113850433585,0.45056322148214756,-0.5977124892892978,-0.9973332594750994,0.6989806156410705,-0.2300308135038156
352,0.3166753110737499,0.6864894847652132,-0.8261930241554603,0.16494741588741446,0.7175387002679943,0.35387572910714926,-0.0048864935806312015,0.9275424538831849,0.44864734195117917,-0.5059505325238758,-0.5979418545778048,0.4746768075102141,-0.8492888563534793,-0.4045373947806783,0.07355427658309521,-0.5065815246926169,0.18718559239199117,0.5233187049006938,0.7008648473435128,-0.6856803413268433,0.2581856774208744,0.8485348099757624,-0.852094281555813,0.7175809912981159,0.33510421177840666,-0.8994506012737864,0.5943051144038356,-0.40693472153230137,0.8994418376885724,0.26153738091344403,-0.22454802053395606,-0.7505060365190752,-0.0661787530818696,0.1710988994909255,-0.04670122440019764,0.8545380136443135
353,0.6746889931546287,0.752384501810472,0.9176252777645371,0.5457553289872024,-0.7472951325427133,0.15152716630273066,-0.9289536091469148,0.1129777703958994,0.28009394593281844,0.7111370737514833,0.12333331632361233,-0.07518168300278161,0.18137115518979874,-0.9749195574301739,0.5899128296033915,-0.5227672511374954,0.8657924412612046,0.6929195004806348,-0.4861669076300976,0.58621640650913,0.5368777234486526,0.14560639214301863,-0.8433368721540337,-0.48680431237818356,0.02601981292675104,-0.316513420893239,-0.038691112697546215,0.6033826885849529,-0.391447937332253,-0.14450745178288882,0.6768034428090328,-0.35606463692116597,0.11315119059649947,-0.5646181506268122,0.1812228528070845,0.8318575739400045
354,0.16723840537483592,0.9327648665740811,0.4691279292565267,-0.6072287013996334,0.8601568461971036,-0.016958504862676582,-0.7209097339045307,-0.5665079871274543,0.5693106563645205,0.37081730278534164,-0.9773038980103628,-0.1862893435940498,0.5168475435109225,0.2763716964682914,-0.5365911495962747,0.7514448000847342,-0.9972255940855397,-0.4101899700266174,-0.0922555519425321,0.6931386874001042,0.26672461024477956,0.5557066534078337,0.802620051647915,-0.786194532509914,0.8593623854986483,0.421241864592125,-0.6737252666924038,-0.1856974186454643,0.055308065136109974,-0.8482385527841179,0.500705629562948,-0.8546548319817278,0.1146959901479625,0.947012453909639,0.4961071206609575,0.6638579305722903
355,0.8901612182374958,0.5508652766712945,0.5615204188386336,0.6708721423918158,0.4981333667162353,-0.5504510217848482,-0.37493421818212425,-0.9006610558890531,0.0489657999330968,-0.6825165718961865,0.7693651551614853,-0.6229287982959943,-0.4128078731650886,0.6381213641901242,-0.5275641749734394,-0.582143267102738,0.5475058294049688,0.6995683252333982,0.4813429064163419,-0.10142405899933116,0.4404138363526693,0.3695869211081144,0.326073113833091,-0.43333355065476575,0.3718028708062291,0.6582819675710716,0.7913256331665106,0.06070966902088282,0.8749245951140991,0.9325767805574656,-0.2886438385754233,0.37687168515580205,-0.2480414637249777,0.8843123488465332,0.9736538451332071,0.43311469736429986
356,0.8515921250029936,0.7297747381337476,-0.7009330017520321,-0.017384339551091976,-0.9589451389816075,-0.31559163132052936,0.6507436357686316,-0.5213543793051632,-0.7286726089536897,0.4897763747024064,-0.11123050955564806,0.686694767657354,0.13938721134122845,0.33225666930890485,-0.34291012238148855,0.6515196128498366,-0.22456911766522913,-0.4799325891930777,0.5390156209335166,-0.1062376471434261,-0.7990899079821114,-0.01900155494305844,-0.646691495715457,0.12360106000870119,0.1064547111921974,0.41674827233863687,0.7836435776776984,-0.9126523804007947,0.827774149093127,0.5893472267948945,-0.15252626121396662,-0.7289963259260457,-0.9951667500057393,-0.1921970410246585,-0.1778779304554612,0.869821789384682
357,-0.2731382994452054,-0.47700892937987494,-0.6272039261544311,0.8212425774025967,-0.2585934580071272,-0.9447637064410115,-0.4832845380329809,0.7987406686535954,-0.8303582876745745,0.11771973124557866,0.7099268285695739,-0.018324110675695282,0.24927895131684652,0.40092002927332726,0.844550676212056,-0.1669266101629483,0.7234598846489284,-0.8430347962101195,0.3669208080277204,0.6175863141470912,0.7427228112586366,-0.8621417502121507,0.987676783226143,-0.03155922833189617,-0.32110782718585273,0.5972133200506506,-0.4772652433218596,0.47212548051464576,-0.13853949217408612,0.7026989877673346,0.6185562157594855,0.3102518836066144,-0.19241733288561313,-0.005461173823045451,-0.15941692814524222,0.3274704398660544
358,-0.26375095466044396,-0.08125077681404735,0.27618277718041395,0.10836015336326854,0.23954596300848685,0.6639265019720282,0.18903730732793056,0.4077409108970391,-0.5354875598162347,-0.9939786654476712,0.6635844573609371,0.6582138029752076,0.9709370627278062,0.7158597977468439,-0.7602695100522545,-0.43141966085301453,-0.6155327422307106,-0.33742217297379273,-0.8262339825127232,-0.7157782629969465,0.9497295734847775,-0.08782978680815723,0.4753127521110374,-0.39798177977094906,0.854200937591653,-0.5137830206322611,0.8269009328065462,0.6485299827581765,-0.5118383574077465,-0.24474713415686855,0.6995787918475151,-0.05131456580580385,0.8141085581290439,0.3086857913281231,-0.6465856435826169,0.2823494252338077
359,-0.41612726642388154,0.07486948516168312,-0.2536861847236098,-0.4738211987347105,-0.5588496843101027,-0.46398180603269346,0.7390986241090742,-0.05527053082938527,0.411662131918219,0.8415988670007568,-0.04275409892882842,-0.034771334063676385,-0.37217743892329014,-0.8788328917339283,0.5796866859881806,0.8241753342146365,0.33615134460767737,-0.5019516986867616,0.5783010491572631,-0.5352084319437138,0.01961001884698299,0.5293953201334678,-0.1350588178453711,0.05635442423608317,-0.1947921071285308,-0.7576048790523626,0.5340252302234432,0.07873260067294341,-0.8171937831868958,0.12107086462712213,0.5775376066869768,0.9167095625051076,-0.11262316774983527,0.49132616439037013,0.42722503803340617,-0.08183377780350987
360,-0.8130119796907582,-0.22440060604803524,0.41370926793558405,0.6546168468829123,0.5970415464686567,0.7221878541300466,0.19916651009540653,-0.12951378650633516,-0.891112918633455,-0.41156353688150427,0.6916647499718995,-0.49665427313256116,-0.37692476329407687,-0.9752374308559648,-0.4529857443333307,-0.2593342390489106,0.029636535659412377,0.3520977273882968,0.7372298666361516,0.08746710610303166,-0.22322238036013364,-0.6105056067224897,-0.8831738832406084,0.7424045294674719,-0.6238022811816073,-0.2634699050136047,0.4561368761035427,0.929538633197095,0.6589479831543836,0.7184453589171198,0.6734132970986879,0.3304091566989604,-0.6918170883458308,0.5868335412485735,-0.07251353922849813,-0.13309176477545526
361,-0.24771340148873588,0.8414279999164687,-0.2062601235540329,0.6658886302108216,-0.5568814568299905,-0.004671269702594794,0.20966801411694114,0.9053831307520639,0.9148898239134386,-0.5425428477229461,0.29019701124793396,0.5018976510389428,-0.05028509468661002,0.7896688784094597,-0.4913132920743142,-0.04513105261541761,0.7752705124202615,0.7499402199945475,0.1576799731371996,-0.5365741023087396,0.21340115372690383,-0.6407020131156065,0.6200636462742608,0.578462394066152,-0.6352009193305854,0.5573117988579104,-0.8655787782008506,0.658303009280405,-0.7407519178572752,-0.6529348064092588,0.0327144305145286,0.6582199358375549,-0.03627768485087546,0.5871703724533792,-0.9330531726887714,0.45487127504036917
362,0.7839770948787566,-0.14329900485095037,-0.43541771721505684,-0.1497051841508017,-0.15704655744008145,-0.5933717791282584,-0.11762571950644873,-0.3857114845090426,0.3790774226962479,0.512250064151371,-0.671477145335583,-0.26867622191464724,-0.4345931544625672,-0.6085773355254074,0.21422821207889609,0.703844484435896,0.5537861194980191,0.4698494247333975,-0.8568276869331861,0.80654867672124,-0.4396147589916266,0.5587096823949911,0.6172551578055889,0.18314074352701448,0.6214127263154052,-0.8544759109522386,-0.5530635525555003,-0.4456746511689431,0.5534994944332776,0.2895589501425777,-0.9251299667866222,-0.41952158149176877,0.42800199210103496,0.08527056894094742,-0.8306634594532083,-0.876593992535919
363,0.7832551713343572,-0.12868092029506317,-0.5375821114173385,0.04664807536846216,-0.016003835800382893,-0.7125661439124709,-0.19960547214433366,-0.6139527033790515,0.4923126505525839,0.41036775390614366,-0.6044492930764795,-0.37450551155842926,-0.42352855759902863,-0.31233696809952827,0.2117597021303348,0.9126754929103906,0.5153755736826904,0.42939401875348304,-0.8613517243667199,0.8196416465109351,-0.3707113635868373,0.5914568015306552,0.7532340388990912,0.13565425041670687,0.8321212261649469,-0.8166816580914718,-0.5083171624422005,-0.17498908855622175,0.5534994944332776,0.21612620360596368,-0.9251299667866222,-0.5779682496026295,0.42800199210103496,0.08527056894094742,-0.9459699180272994,-0.7146074019791424
364,-0.1452950716243966,-0.22502495440830117,-0.9814993365658926,0.31327316947220774,0.35413717735497463,0.6514262441004335,0.21936615538823068,-0.06360146013951562,-0.3337881428099496,0.23445365077432911,0.4812465971497266,-0.4117996884183668,0.6755580477048668,0.764765385166088,-0.21491333470454443,0.9188238007375344,0.5691167980033325,-0.43931265694935107,0.05836082017516553,-0.29231856850095905,-0.829056172956312,0.5473161533793076,-0.5625063347745225,0.13765022102597202,0.04386142630862988,0.08163430767066648,0.3993162001049062,0.41180228838875554,-0.6782264265421991,0.7355927901538475,0.5255295406038398,0.9664535540890609,0.9814449049869007,-0.049952216835273955,0.5303952322384347,-0.5267192822878024
365,-0.01922663614916198,-0.7949278130762834,-0.9928846579613617,-0.7925155506798971,0.7090773408033195,0.22403457780459957,-0.21870829428508598,0.7512748901170911,0.7009699688425175,-0.8262273163322615,0.7437510900629571,-0.6200482219398173,0.5296845197958222,0.8130414332653721,0.06556564867139292,0.2770799085802076,0.9380032851606295,0.9329131371250232,0.40335294049686965,-0.6933181424729495,-0.1470164902447597,-0.055810904186460286,-0.6939145607205499,-0.46905683729596803,-0.8844626335552053,-0.7937208516914604,-0.5342088691470732,-0.05836242424194005,-0.8457005986667971,0.15659981586629113,-0.013205150866703708,0.6652461938921923,-0.3560498927580973,0.5255328788476319,-0.9550099551899576,-0.6343654381740305
366,-0.7584165653304358,-0.40327140892249824,-0.564317865570404,-0.5641337502580996,-0.46130304462682137,0.8202822674347492,0.16560528100526128,0.968294772435794,-0.3335999614678833,0.6265221774539891,0.8016229218393813,-0.18992063993103758,-0.20155873293733295,-0.16192622913236754,0.5309594027631057,-0.38188614480010097,-0.7411655546836493,0.952238138764415,-0.07005281922594175,0.5936554697861982,-0.6932327818292474,0.29914964455947546,-0.833632882620589,0.25238527932897403,-0.5599480860775723,0.9835667565727579,-0.5458557762478589,-0.7843396984234634,0.2818877553029655,-0.6816003356291489,0.6328735801243317,-0.03339532699858805,0.93630018951755,-0.700173475943243,0.9459286213070803,-0.5714319763266196
367,0.8515921250029936,0.7297747381337476,-0.7009330017520321,-0.017384339551091976,-0.9589451389816075,-0.31559163132052936,0.6507436357686316,-0.5213543793051632,-0.7286726089536897,0.4897763747024064,-0.11123050955564806,0.686694767657354,0.23791555472477044,0.33225666930890485,-0.34291012238148855,0.6515196128498366,-0.24712684840864907,-0.4799325891930777,0.5390156209335166,-0.1062376471434261,-0.7990899079821114,-0.01900155494305844,-0.646691495715457,0.12360106000870119,0.1064547111921974,0.41674827233863687,0.7836435776776984,-0.8697175600918061,0.827774149093127,0.5893472267948945,-0.15252626121396662,-0.7480451317775476,-0.9951667500057393,-0.1921970410246585,-0.1778779304554612,0.869821789384682
368,-0.41145007299292535,-0.0021714043858285237,-0.11460046026379822,-0.47196792419597844,-0.5215585506955212,-0.5626433642517628,0.7584333318061096,-0.21284812377163798,0.22463075485504258,0.8415988670007568,-0.04132721042487053,-0.11172659084635361,-0.37217743892329014,-0.7611193447623348,0.5796866859881806,0.7642154861652126,0.49531842702934115,-0.13370223131562198,0.5168332332035261,-0.5588506551205199,0.01961001884698299,0.17029907937469058,-0.0822286869569917,0.20295301866612814,-0.13060245655802438,-0.7294483282578039,0.5340252302234432,0.07873260067294341,-0.9334777370017604,0.06450151201495258,0.596595610711274,0.9167095625051076,0.04616779002210336,0.6327002611584589,0.6231994365457256,-0.05135568221152731
369,-0.13615708151240313,-0.6511936182495615,-0.5303170785650875,-0.07876877527528037,0.3499678992919857,0.9831399117142559,-0.6050642634796333,-0.028992542825630796,-0.14365223244848124,-0.4157792639729687,0.7859482028412559,-0.2624191192304641,-0.3752773641904137,0.6078021122118493,-0.222340799708171,0.6321182964356538,0.38698610658902277,-0.2784200621500392,0.5396385586988817,0.1257453575159999,-0.0709444308349978,0.33977924538098936,0.7425646562133268,0.038780814717409795,0.7586898591883724,-0.37595238479021154,-0.8387552507448177,-0.9436293423970379,0.7825608584441719,-0.4376295534448007,0.4110023295864633,0.8335580109447354,-0.569445919192666,0.1598259042444088,0.44684402717857585,0.5616426723683905
370,-0.7598130506248466,0.1718043596597434,0.22749156832279138,-0.0769177999054631,-0.6841829832001853,0.3453282469629859,-0.3789487681475847,0.14152614316836076,0.7723855908949753,0.09970533634798473,0.475007910216352,0.17424889995959325,0.1643114867367923,-0.7913749518508484,0.9164997149157723,0.614411842945191,-0.4977279982274905,0.9852793910667048,0.5118173711275071,0.5147304911461887,0.9740362284609749,0.3722959006311639,-0.6404106029476311,-0.38804412243893727,-0.027728795026153552,-0.0029416458973914317,0.9771127502382093,-0.2778250787550496,0.40021048544324644,0.4544816288332012,-0.4745538962363858,-0.23664616394991267,-0.9249001303228668,0.07362952924420418,-0.3068450257192916,-0.38096184360281193
