,alg_name,iteration,cont_size,max0,elapsed
0,algoQD,0,1,0.3793922000461154,5.916444513015449
1,algoQD,0,2,0.7962440066867404,5.245752023998648
2,algoQD,0,3,0.9473630375332303,5.5536100280005485
3,algoQD,0,4,0.988055968284607,5.07736058300361
4,algoQD,0,4,0.988055968284607,5.621628670021892
5,algoQD,0,4,0.988055968284607,4.973296778043732
6,algoQD,0,5,0.988055968284607,6.015719517949037
7,algoQD,0,6,0.988055968284607,5.933305719983764
8,algoQD,0,7,0.988055968284607,5.661824824986979
9,algoQD,0,8,0.988055968284607,5.464214277919382
10,algoQD,0,8,0.988055968284607,4.970215026056394
11,algoQD,0,8,0.988055968284607,5.914654599968344
12,algoQD,0,8,0.988055968284607,5.2264578910544515
13,algoQD,0,9,0.988055968284607,5.421563104959205
14,algoQD,0,10,0.988055968284607,5.75774493208155
15,algoQD,0,10,0.988055968284607,4.657799732056446
16,algoQD,0,10,0.988055968284607,4.773492376087233
17,algoQD,0,10,0.9881365723080106,5.7079324290389195
18,algoQD,0,11,0.9881365723080106,5.759247971931472
19,algoQD,0,12,0.9881365723080106,5.235208975034766
20,algoQD,0,12,0.9881365723080106,4.797202933928929
21,algoQD,0,12,0.9898191319571601,5.209580271970481
22,algoQD,0,13,0.9898191319571601,5.99841469398234
23,algoQD,0,14,0.9898191319571601,5.853150516981259
24,algoQD,0,14,0.9898191319571601,5.606688171043061
25,algoQD,0,14,0.9898191319571601,5.102974044973962
26,algoQD,0,14,0.9898191319571601,4.877758510992862
27,algoQD,0,14,0.9898191319571601,5.281029936973937
28,algoQD,0,14,0.9898191319571601,5.41696967498865
29,algoQD,0,14,0.9945177488856846,5.1719623890239745
30,algoQD,0,14,0.9945177488856846,5.3640581669751555
31,algoQD,0,14,0.9945177488856846,5.792514443979599
32,algoQD,0,14,0.9945177488856846,5.999706855043769
33,algoQD,0,14,0.9945177488856846,4.760921917040832
34,algoQD,0,14,0.9945177488856846,5.773821998038329
35,algoQD,0,15,0.9945177488856846,5.322323575033806
36,algoQD,0,16,0.9945177488856846,6.080529447994195
37,algoQD,0,17,0.9945177488856846,6.277251516003162
38,algoQD,0,17,0.9945177488856846,5.596110176993534
39,algoQD,0,18,0.9945177488856846,5.662228315952234
40,algoQD,0,19,0.9945177488856846,6.056417051004246
41,algoQD,0,20,0.9945177488856846,5.288710447959602
42,algoQD,0,20,0.9945177488856846,5.41140230698511
43,algoQD,0,20,0.9945177488856846,5.776616637012921
44,algoQD,0,20,0.9945177488856846,5.7806745449779555
45,algoQD,0,20,0.9945177488856846,5.702360571012832
46,algoQD,0,20,0.9945177488856846,5.909044511965476
47,algoQD,0,20,0.9945177488856846,5.936870474019088
48,algoQD,0,20,0.9945177488856846,6.072330174967647
49,algoQD,0,20,0.9998325030008952,4.624112584046088
50,algoQD,0,21,0.9998325030008952,6.1267162300646305
51,algoQD,0,21,0.9998325030008952,5.253126397961751
52,algoQD,0,21,0.9998325030008952,5.48410518898163
53,algoQD,0,22,0.9998325030008952,5.844050343963318
54,algoQD,0,23,0.9998325030008952,5.723711711005308
55,algoQD,0,23,0.9998325030008952,5.090220570098609
56,algoQD,0,23,0.9998325030008952,5.82128182600718
57,algoQD,0,24,0.9998325030008952,5.278227602015249
58,algoQD,0,25,0.9998325030008952,5.692241362994537
59,algoQD,0,25,0.9998325030008952,5.219334110966884
60,algoQD,0,25,0.9998325030008952,5.483310176059604
61,algoQD,0,25,0.9998325030008952,5.708308638073504
62,algoQD,0,26,0.9998325030008952,5.500373654998839
63,algoQD,0,26,0.9998325030008952,5.665788984973915
64,algoQD,0,27,0.9998325030008952,6.059120410005562
65,algoQD,0,27,0.9998325030008952,5.941829995950684
66,algoQD,0,27,0.9998325030008952,5.667788572027348
67,algoQD,0,27,0.9998325030008952,5.354179281974211
68,algoQD,0,27,0.9998325030008952,5.290339466999285
69,algoQD,0,27,0.9998325030008952,5.05688986601308
70,algoQD,0,27,0.9998325030008952,6.01170904096216
71,algoQD,0,27,0.9998325030008952,5.310286412015557
72,algoQD,0,27,0.9998325030008952,5.8209206039318815
73,algoQD,0,28,0.9998325030008952,5.925458243000321
74,algoQD,0,28,0.9998325030008952,5.600000235950574
75,algoQD,0,28,0.9998325030008952,5.657129593077116
76,algoQD,0,29,0.9998325030008952,5.078412359929644
77,algoQD,0,29,0.9998325030008952,5.629165838938206
78,algoQD,0,30,0.9998325030008952,5.826858582906425
79,algoQD,0,31,0.9998325030008952,6.031100808992051
80,algoQD,0,31,0.9998325030008952,5.71015333395917
81,algoQD,0,31,0.9998325030008952,5.316576477023773
82,algoQD,0,31,0.9998325030008952,5.872586698969826
83,algoQD,0,31,0.9998325030008952,4.888884724932723
84,algoQD,0,32,0.9998325030008952,5.347572380094789
85,algoQD,0,32,0.9998325030008952,5.9488602969795465
86,algoQD,0,32,0.9998325030008952,5.100357961957343
87,algoQD,0,32,0.9998325030008952,5.391445540939458
88,algoQD,0,32,0.9998325030008952,4.754923306987621
89,algoQD,0,32,0.9998325030008952,5.170881080906838
90,algoQD,0,32,0.9998325030008952,5.384825501940213
91,algoQD,0,32,0.9998325030008952,4.9692565279547125
92,algoQD,0,33,0.9998325030008952,5.184689869987778
93,algoQD,0,33,0.9998325030008952,5.838288121973164
94,algoQD,0,34,0.9998325030008952,5.864754706970416
95,algoQD,0,35,0.9998325030008952,6.08179248298984
96,algoQD,0,35,0.9998325030008952,5.535847629071213
97,algoQD,0,36,0.9998325030008952,5.92564458202105
98,algoQD,0,36,0.9998325030008952,5.381602111971006
99,algoQD,0,36,0.9998325030008952,6.3127980679273605
100,algoQD,1,36,0.9998325030008952,5.640517901047133
101,algoQD,1,36,0.9998325030008952,5.08057234401349
102,algoQD,1,36,0.9998325030008952,5.042433024966158
103,algoQD,1,36,0.9998325030008952,4.949796161032282
104,algoQD,1,36,0.9998325030008952,5.544467846979387
105,algoQD,1,36,0.9998325030008952,5.290834478917532
106,algoQD,1,36,0.9998325030008952,5.454377741902135
107,algoQD,1,36,0.9998325030008952,5.939676451031119
108,algoQD,1,36,0.9998325030008952,5.561504743993282
109,algoQD,1,36,0.9998325030008952,6.049787583993748
110,algoQD,1,37,0.9998325030008952,6.129757886985317
111,algoQD,1,37,0.9998325030008952,5.60801780608017
112,algoQD,1,37,0.9998325030008952,6.011830589035526
113,algoQD,1,37,0.9998325030008952,4.874793942086399
114,algoQD,1,38,0.9998325030008952,5.662541780970059
115,algoQD,1,38,0.9998325030008952,5.736056798952632
116,algoQD,1,38,0.9998325030008952,5.593220705981366
117,algoQD,1,38,0.9998325030008952,6.232917102985084
118,algoQD,1,38,0.9998325030008952,5.735301283071749
119,algoQD,1,38,0.9998325030008952,5.872792492969893
120,algoQD,1,38,0.9998325030008952,4.706023673061281
121,algoQD,1,38,0.9998325030008952,5.042305444017984
122,algoQD,1,38,0.9998325030008952,5.3143299400107935
123,algoQD,1,38,0.9998325030008952,5.9286457219859585
124,algoQD,1,39,0.9998325030008952,5.614945986075327
125,algoQD,1,39,0.9998325030008952,6.007362074917182
126,algoQD,1,39,0.9998325030008952,5.9724050590302795
127,algoQD,1,39,0.9998325030008952,5.7464512480655685
128,algoQD,1,39,0.9998325030008952,5.611476500052959
129,algoQD,1,40,0.9998325030008952,6.081697333022021
130,algoQD,1,40,0.9998325030008952,5.047488938085735
131,algoQD,1,40,0.9998325030008952,4.9407377960160375
132,algoQD,1,40,0.9998325030008952,5.849643076071516
133,algoQD,1,40,0.9998325030008952,6.070240286993794
134,algoQD,1,41,0.9998325030008952,6.036169603932649
135,algoQD,1,41,0.9998325030008952,5.759034501970746
136,algoQD,1,41,0.9998325030008952,5.438485765014775
137,algoQD,1,41,0.9998325030008952,5.972238995018415
138,algoQD,1,42,0.9998325030008952,5.904713943949901
139,algoQD,1,42,0.9998325030008952,5.128058493952267
140,algoQD,1,42,0.9998325030008952,5.830000011948869
141,algoQD,1,43,0.9998325030008952,6.088216800009832
142,algoQD,1,43,0.9998325030008952,5.2801051759161055
143,algoQD,1,43,0.9998325030008952,5.277064651949331
144,algoQD,1,43,0.9998325030008952,5.628481097985059
145,algoQD,1,44,0.9998325030008952,5.446694394922815
146,algoQD,1,45,0.9998325030008952,5.721322500961833
147,algoQD,1,46,0.9998325030008952,5.938949870062061
148,algoQD,1,46,0.9998325030008952,6.020578636904247
149,algoQD,1,46,0.9998325030008952,5.240683302981779
150,algoQD,1,46,0.9998325030008952,6.181249685003422
151,algoQD,1,46,0.9998325030008952,5.232820086996071
152,algoQD,1,46,0.9998325030008952,5.578896015067585
153,algoQD,1,47,0.9998325030008952,5.936217897920869
154,algoQD,1,47,0.9998325030008952,5.305818928987719
155,algoQD,1,48,0.9998325030008952,5.661207561031915
156,algoQD,1,48,0.9998325030008952,5.868031137972139
157,algoQD,1,49,0.9998325030008952,5.85939382808283
158,algoQD,1,49,0.9998325030008952,5.526083191041835
159,algoQD,1,49,0.9998325030008952,6.01294851093553
160,algoQD,1,49,0.9998325030008952,5.939738819026388
161,algoQD,1,48,0.9998325030008952,5.4134409269317985
162,algoQD,1,48,0.9998325030008952,5.214266552007757
163,algoQD,1,48,0.9998325030008952,6.099502373021096
164,algoQD,1,48,0.9998325030008952,5.583114012959413
165,algoQD,1,49,0.9998325030008952,5.731761332019232
166,algoQD,1,49,0.9998325030008952,5.341567512019537
167,algoQD,1,49,0.9998325030008952,5.794240398914553
168,algoQD,1,49,0.9998325030008952,5.619292838033289
169,algoQD,1,49,0.9998325030008952,6.04814838594757
170,algoQD,1,49,0.9998325030008952,4.9606517989886925
171,algoQD,1,49,0.9998325030008952,5.294457923038863
172,algoQD,1,50,0.9998325030008952,5.972354232915677
173,algoQD,1,50,0.9998325030008952,5.399934218963608
174,algoQD,1,50,0.9998325030008952,5.481208104989491
175,algoQD,1,51,0.9998325030008952,6.082440284895711
176,algoQD,1,51,0.9998325030008952,5.07872986397706
177,algoQD,1,51,0.9998325030008952,5.906505780061707
178,algoQD,1,51,0.9998325030008952,5.772639636998065
179,algoQD,1,51,0.9998325030008952,5.564472502912395
180,algoQD,1,52,0.9998325030008952,5.889452971983701
181,algoQD,1,52,0.9998325030008952,5.655886576976627
182,algoQD,1,53,0.9998325030008952,5.804724598070607
183,algoQD,1,54,0.9998325030008952,5.91082239698153
184,algoQD,1,54,0.9998325030008952,5.860584829933941
185,algoQD,1,54,0.9998325030008952,5.771050915936939
186,algoQD,1,54,0.9998325030008952,5.22366034204606
187,algoQD,1,54,0.9998325030008952,4.5824372209608555
188,algoQD,1,54,0.9998325030008952,5.277647292939946
189,algoQD,1,54,0.9998325030008952,4.776326038991101
190,algoQD,1,54,0.9998325030008952,5.868491878034547
191,algoQD,1,54,0.9998325030008952,5.604157391004264
192,algoQD,1,54,0.9998325030008952,5.182044010958634
193,algoQD,1,54,0.9998325030008952,5.581113571999595
194,algoQD,1,54,0.9998325030008952,5.251475885044783
195,algoQD,1,54,0.9998325030008952,5.321592581109144
196,algoQD,1,55,0.9998325030008952,5.98246454494074
197,algoQD,1,55,0.9998325030008952,5.692913866019808
198,algoQD,1,55,0.9998325030008952,5.130066878045909
199,algoQD,1,55,0.9998325030008952,5.934608547016978
200,algoQD,2,55,0.9998325030008952,5.5574236429529265
201,algoQD,2,55,0.9998325030008952,4.895768181071617
202,algoQD,2,55,0.9998325030008952,5.00107355194632
203,algoQD,2,55,0.9998325030008952,5.573052191990428
204,algoQD,2,55,0.9998325030008952,5.894521969021298
205,algoQD,2,55,0.9998325030008952,4.887970407959074
206,algoQD,2,55,0.9998325030008952,5.289471062016673
207,algoQD,2,55,0.9998325030008952,5.205289721954614
208,algoQD,2,55,0.9998325030008952,5.198013144079596
209,algoQD,2,54,0.9998325030008952,5.994937221053988
210,algoQD,2,54,0.9998325030008952,5.076118019060232
211,algoQD,2,54,0.9998325030008952,5.482360412948765
212,algoQD,2,54,0.9998325030008952,5.107837870018557
213,algoQD,2,54,0.9998325030008952,5.896862861933187
214,algoQD,2,55,0.9998325030008952,5.874918429995887
215,algoQD,2,56,0.9998325030008952,5.872718543978408
216,algoQD,2,56,0.9998325030008952,5.95750129094813
217,algoQD,2,56,0.9998325030008952,5.696499711018987
218,algoQD,2,57,0.9998325030008952,5.736175383091904
219,algoQD,2,57,0.9998325030008952,5.888557518017478
220,algoQD,2,57,0.9998325030008952,5.829860489000566
221,algoQD,2,57,0.9998325030008952,5.630781624931842
222,algoQD,2,57,0.9998325030008952,5.15390838298481
223,algoQD,2,58,0.9998325030008952,5.440223750076257
224,algoQD,2,58,0.9998325030008952,6.147928719059564
225,algoQD,2,58,0.9998325030008952,5.691184278926812
226,algoQD,2,58,0.9998325030008952,6.056564187980257
227,algoQD,2,59,0.9998325030008952,5.878519654972479
228,algoQD,2,59,0.9998325030008952,5.000928197056055
229,algoQD,2,59,0.9998325030008952,5.337182696093805
230,algoQD,2,59,0.9998325030008952,5.83633377100341
231,algoQD,2,59,0.9998325030008952,5.180410236003809
232,algoQD,2,59,0.9998325030008952,5.38738952705171
233,algoQD,2,59,0.9998325030008952,5.232125896029174
234,algoQD,2,59,0.9998325030008952,5.948367995093577
235,algoQD,2,59,0.9998325030008952,5.8700441509718075
236,algoQD,2,59,0.9998325030008952,6.013524929061532
237,algoQD,2,59,0.9998325030008952,5.9204709669575095
238,algoQD,2,59,0.9998325030008952,5.955258912988938
239,algoQD,2,59,0.9998325030008952,5.6807189650135115
240,algoQD,2,59,0.9998325030008952,5.392014825949445
241,algoQD,2,59,0.9998325030008952,4.757123718969524
242,algoQD,2,59,0.9998325030008952,6.0205839480040595
243,algoQD,2,59,0.9998325030008952,4.678268822957762
244,algoQD,2,59,0.9998325030008952,5.30207120697014
245,algoQD,2,59,0.9998325030008952,5.791437614010647
246,algoQD,2,60,0.9998325030008952,5.724185760947876
247,algoQD,2,60,0.9998325030008952,5.783945629023947
248,algoQD,2,60,0.9998325030008952,5.769603691063821
249,algoQD,2,61,0.9998325030008952,5.1315569039434195
250,algoQD,2,61,0.9998325030008952,5.807297670049593
251,algoQD,2,62,0.9998325030008952,5.2860101639525965
252,algoQD,2,62,0.9998325030008952,6.114824081072584
253,algoQD,2,62,0.9998325030008952,5.818915740004741
254,algoQD,2,62,0.9998325030008952,6.460618055076338
255,algoQD,2,62,0.9998325030008952,4.866717322962359
256,algoQD,2,62,0.9998325030008952,5.406432545976713
257,algoQD,2,62,0.9998325030008952,6.059624147950672
258,algoQD,2,63,0.9998325030008952,5.664565896964632
259,algoQD,2,64,0.9998325030008952,5.3357986530754715
260,algoQD,2,64,0.9998325030008952,5.057100186939351
261,algoQD,2,64,0.9998325030008952,6.1330954330042005
262,algoQD,2,64,0.9998325030008952,6.018620617105626
263,algoQD,2,65,0.9998325030008952,5.066899711964652
264,algoQD,2,66,0.9998325030008952,6.119925930979662
265,algoQD,2,66,0.9998325030008952,5.737664747983217
266,algoQD,2,66,0.9998325030008952,5.820420312928036
267,algoQD,2,66,0.9998325030008952,5.830119618913159
268,algoQD,2,66,0.9998325030008952,5.829889595042914
269,algoQD,2,66,0.9998325030008952,5.984583017998375
270,algoQD,2,66,0.9998325030008952,5.6715142040047795
271,algoQD,2,66,0.9998346911536322,5.826823382056318
272,algoQD,2,66,0.9998346911536322,6.053692918969318
273,algoQD,2,66,0.9998346911536322,5.854277235921472
274,algoQD,2,66,0.9998346911536322,5.413532801088877
275,algoQD,2,67,0.9998346911536322,5.693060957011767
276,algoQD,2,67,0.9998346911536322,5.46155076706782
277,algoQD,2,68,0.9998346911536322,5.825555388932116
278,algoQD,2,68,0.9998346911536322,5.50798560900148
279,algoQD,2,68,0.9998346911536322,5.787301533971913
280,algoQD,2,68,0.9998346911536322,5.813728334964253
281,algoQD,2,68,0.9998346911536322,5.314216235070489
282,algoQD,2,68,0.9998346911536322,5.028239584993571
283,algoQD,2,69,0.9998346911536322,5.822837253916077
284,algoQD,2,70,0.9998346911536322,5.853099009953439
285,algoQD,2,71,0.9998346911536322,6.126776942051947
286,algoQD,2,71,0.9998346911536322,5.957703146035783
287,algoQD,2,72,0.9998346911536322,5.711296672001481
288,algoQD,2,72,0.9998346911536322,5.110269319964573
289,algoQD,2,72,0.9998346911536322,5.298524616053328
290,algoQD,2,72,0.9998346911536322,5.241381973028183
291,algoQD,2,73,0.9998346911536322,6.007928704028018
292,algoQD,2,73,0.9998346911536322,5.960881631937809
293,algoQD,2,73,0.9998346911536322,5.521719817072153
294,algoQD,2,73,0.9998346911536322,6.248762979987077
295,algoQD,2,74,0.9998346911536322,5.858975781011395
296,algoQD,2,74,0.9998346911536322,5.484466922935098
297,algoQD,2,74,0.9998346911536322,5.7286753070075065
298,algoQD,2,74,0.9998346911536322,5.972422729013488
299,algoQD,2,74,0.9998346911536322,5.747621892951429
300,algoQD,3,74,0.9998346911536322,5.893915096996352
301,algoQD,3,74,0.9998346911536322,5.771138334996067
302,algoQD,3,74,0.9998346911536322,4.8200294259004295
303,algoQD,3,74,0.9998346911536322,5.573090396006592
304,algoQD,3,74,0.9998346911536322,5.522120674955659
305,algoQD,3,74,0.9998346911536322,5.7805775799788535
306,algoQD,3,74,0.9998346911536322,5.878112960956059
307,algoQD,3,74,0.9998346911536322,5.784861193038523
308,algoQD,3,75,0.9998346911536322,5.990054527996108
309,algoQD,3,75,0.9998346911536322,5.6461149379611015
310,algoQD,3,76,0.9998346911536322,5.555527754011564
311,algoQD,3,76,0.9998346911536322,5.102448024088517
312,algoQD,3,76,0.9998346911536322,5.872441314975731
313,algoQD,3,76,0.9998346911536322,5.8825914529152215
314,algoQD,3,76,0.9998346911536322,5.146798499044962
315,algoQD,3,76,0.9998346911536322,5.72030884900596
316,algoQD,3,76,0.9998346911536322,6.076656013960019
317,algoQD,3,76,0.9998346911536322,5.593184962985106
318,algoQD,3,77,0.9998346911536322,5.8668650389881805
319,algoQD,3,77,0.9998346911536322,6.362395475036465
320,algoQD,3,78,0.9998346911536322,5.670925182057545
321,algoQD,3,78,0.9998346911536322,5.412847195984796
322,algoQD,3,78,0.9998346911536322,5.389711363939568
323,algoQD,3,79,0.9998346911536322,5.9097835490247235
324,algoQD,3,80,0.9998346911536322,5.939435842912644
325,algoQD,3,80,0.9998346911536322,5.510118879959919
326,algoQD,3,80,0.9998346911536322,5.823470239993185
327,algoQD,3,80,0.9998346911536322,6.185340389958583
328,algoQD,3,81,0.9998346911536322,6.031260996009223
329,algoQD,3,81,0.9998346911536322,5.943520789965987
330,algoQD,3,81,0.9998346911536322,5.880392145947553
331,algoQD,3,81,0.9998346911536322,5.647929645958357
332,algoQD,3,81,0.9998346911536322,4.991124882013537
333,algoQD,3,81,0.9998346911536322,5.625471455045044
334,algoQD,3,81,0.9998346911536322,6.10782810091041
335,algoQD,3,82,0.9998346911536322,5.410160269006155
336,algoQD,3,82,0.9998346911536322,5.931979676010087
337,algoQD,3,82,0.9998346911536322,5.935616194969043
338,algoQD,3,82,0.9998346911536322,5.087014504009858
339,algoQD,3,82,0.9998346911536322,5.264964849920943
340,algoQD,3,82,0.9998346911536322,5.335504796006717
341,algoQD,3,82,0.9998346911536322,6.6645026709884405
342,algoQD,3,82,0.9998346911536322,5.789451765012927
343,algoQD,3,83,0.9998346911536322,5.807521546958014
344,algoQD,3,83,0.9998346911536322,5.464342660969123
345,algoQD,3,83,0.9998346911536322,6.148110607988201
346,algoQD,3,83,0.9998346911536322,5.4997671419987455
347,algoQD,3,83,0.9998346911536322,5.442700329935178
348,algoQD,3,83,0.9998346911536322,6.040613717050292
349,algoQD,3,83,0.9998346911536322,5.189648307976313
350,algoQD,3,83,0.9998346911536322,5.5867656650952995
351,algoQD,3,83,0.9998346911536322,6.0335113579640165
352,algoQD,3,83,0.9998346911536322,6.150596726918593
353,algoQD,3,84,0.9998346911536322,6.099185592029244
354,algoQD,3,84,0.9998346911536322,5.907264889916405
355,algoQD,3,84,0.9998346911536322,5.854953413945623
356,algoQD,3,84,0.9998346911536322,5.259505886002444
357,algoQD,3,84,0.9998346911536322,5.640228206058964
358,algoQD,3,84,0.9998346911536322,5.2588236450683326
359,algoQD,3,84,0.9998346911536322,5.753683535032906
360,algoQD,3,84,0.9998346911536322,5.918091685976833
361,algoQD,3,84,0.9998346911536322,6.125001878943294
362,algoQD,3,84,0.9998346911536322,5.833691501058638
363,algoQD,3,84,0.9998346911536322,5.68054051103536
364,algoQD,3,84,0.9998346911536322,5.2309344339882955
365,algoQD,3,84,0.9998346911536322,5.481612839968875
366,algoQD,3,84,0.9998346911536322,6.153850154019892
367,algoQD,3,84,0.9998346911536322,5.734538363059983
368,algoQD,3,84,0.9998346911536322,5.2970833940198645
369,algoQD,3,84,0.9998346911536322,5.564496117993258
370,algoQD,3,84,0.9998346911536322,5.376230121939443
371,algoQD,3,84,0.9998346911536322,4.8265370019944385
372,algoQD,3,84,0.9998346911536322,6.260348239913583
373,algoQD,3,84,0.9998346911536322,5.122291595092975
374,algoQD,3,84,0.9998346911536322,6.028110544080846
375,algoQD,3,84,0.9998346911536322,5.759539969963953
376,algoQD,3,84,0.9998346911536322,6.039057075977325
377,algoQD,3,84,0.9998346911536322,5.488400946022011
378,algoQD,3,84,0.9998346911536322,5.783265708945692
379,algoQD,3,85,0.9998346911536322,6.030386563041247
380,algoQD,3,85,0.9998346911536322,5.970644899061881
381,algoQD,3,85,0.9998346911536322,6.0013163790572435
382,algoQD,3,85,0.9998346911536322,5.754853385966271
383,algoQD,3,85,0.9998346911536322,5.724496147013269
384,algoQD,3,85,0.9998346911536322,5.796035274048336
385,algoQD,3,85,0.9998346911536322,6.064675107016228
386,algoQD,3,85,0.9998346911536322,5.974042147048749
387,algoQD,3,85,0.9998346911536322,5.773713410017081
388,algoQD,3,85,0.9998346911536322,6.080130397924222
389,algoQD,3,85,0.9998346911536322,4.4753430529963225
390,algoQD,3,85,0.9998346911536322,5.946702262968756
391,algoQD,3,85,0.9998346911536322,5.479524285066873
392,algoQD,3,86,0.9998346911536322,6.125257831998169
393,algoQD,3,86,0.9998346911536322,5.996666333987378
394,algoQD,3,86,0.9998346911536322,5.7434188718907535
395,algoQD,3,86,0.9998346911536322,5.145858862902969
396,algoQD,3,86,0.9998346911536322,5.357166492962278
397,algoQD,3,86,0.9998346911536322,5.663433098001406
398,algoQD,3,86,0.9998346911536322,6.013095264090225
399,algoQD,3,86,0.9998346911536322,5.9130275779170915
400,algoQD,4,86,0.9998346911536322,5.762816331000067
401,algoQD,4,86,0.9998346911536322,5.269512642058544
402,algoQD,4,86,0.9998346911536322,5.878278363030404
403,algoQD,4,86,0.9998346911536322,5.652168254950084
404,algoQD,4,86,0.9998346911536322,5.5592133570462465
405,algoQD,4,86,0.9998346911536322,5.448683164082468
406,algoQD,4,86,0.9998346911536322,5.988806213019416
407,algoQD,4,86,0.9998346911536322,5.434995813993737
408,algoQD,4,86,0.9998346911536322,5.790163298021071
409,algoQD,4,86,0.9998346911536322,5.834591403021477
410,algoQD,4,87,0.9998346911536322,5.392277812003158
411,algoQD,4,87,0.9998346911536322,5.779178285971284
412,algoQD,4,87,0.9998346911536322,6.080844177049585
413,algoQD,4,87,0.9998346911536322,5.910748551948927
414,algoQD,4,87,0.9998346911536322,5.63883212802466
415,algoQD,4,87,0.9998346911536322,5.774480469059199
416,algoQD,4,87,0.9998346911536322,5.9039808959933
417,algoQD,4,87,0.9998346911536322,5.154601591988467
418,algoQD,4,87,0.9998346911536322,5.97399938700255
419,algoQD,4,87,0.9998346911536322,5.905538829043508
420,algoQD,4,87,0.9998346911536322,5.470298073021695
421,algoQD,4,87,0.9998346911536322,5.751393668004312
422,algoQD,4,87,0.9998346911536322,5.8876103340880945
423,algoQD,4,87,0.9998346911536322,5.842933875042945
424,algoQD,4,87,0.9998346911536322,6.247524969978258
425,algoQD,4,87,0.9998346911536322,5.117665785015561
426,algoQD,4,87,0.9998346911536322,5.381843507988378
427,algoQD,4,87,0.9998346911536322,5.56665523792617
428,algoQD,4,87,0.9998346911536322,5.8207053049700335
429,algoQD,4,87,0.9998346911536322,5.300345206982456
430,algoQD,4,88,0.9998346911536322,5.977921716985293
431,algoQD,4,89,0.9998346911536322,6.000874374061823
432,algoQD,4,89,0.9998346911536322,5.899831064976752
433,algoQD,4,89,0.9998346911536322,5.979983511031605
434,algoQD,4,89,0.9998346911536322,5.673948155948892
435,algoQD,4,89,0.9998346911536322,5.096821513026953
436,algoQD,4,89,0.9998346911536322,5.417201071046293
437,algoQD,4,90,0.9998346911536322,5.8857608020771295
438,algoQD,4,90,0.9998346911536322,5.175297052017413
439,algoQD,4,90,0.9998346911536322,5.055556696956046
440,algoQD,4,90,0.9998346911536322,5.678063721046783
441,algoQD,4,90,0.9998346911536322,6.6163726459490135
442,algoQD,4,91,0.9998346911536322,5.699926738976501
443,algoQD,4,91,0.9998346911536322,5.9313393359771
444,algoQD,4,91,0.9998346911536322,5.862596353981644
445,algoQD,4,92,0.9998346911536322,6.181405205046758
446,algoQD,4,92,0.9998346911536322,6.025776791968383
447,algoQD,4,92,0.9998346911536322,5.672550664981827
448,algoQD,4,93,0.9998346911536322,5.8759402059949934
449,algoQD,4,93,0.9998346911536322,5.830503177945502
450,algoQD,4,94,0.9998346911536322,5.745653973892331
451,algoQD,4,94,0.9998346911536322,5.548819308984093
452,algoQD,4,94,0.9998346911536322,5.856957810930908
453,algoQD,4,94,0.9998346911536322,5.805318882921711
454,algoQD,4,94,0.9998346911536322,5.657347202999517
455,algoQD,4,95,0.9998346911536322,5.673514588968828
456,algoQD,4,96,0.9998346911536322,5.735608409973793
457,algoQD,4,96,0.9998346911536322,5.908693190896884
458,algoQD,4,96,0.9998346911536322,5.335837805992924
459,algoQD,4,96,0.9998346911536322,5.739631762960926
460,algoQD,4,96,0.9998346911536322,5.583581526996568
461,algoQD,4,97,0.9998346911536322,5.841425572987646
462,algoQD,4,97,0.9998346911536322,5.093992608017288
463,algoQD,4,98,0.9998346911536322,5.838105860981159
464,algoQD,4,98,0.9998346911536322,5.85360724106431
465,algoQD,4,98,0.9998346911536322,5.273633536067791
466,algoQD,4,98,0.9998346911536322,5.190860982984304
467,algoQD,4,98,0.9998346911536322,5.411110347951762
468,algoQD,4,98,0.9998346911536322,4.802901013055816
469,algoQD,4,98,0.9998346911536322,5.939825653098524
470,algoQD,4,98,0.9998346911536322,5.548570718034171
471,algoQD,4,98,0.9998346911536322,4.986650845035911
472,algoQD,4,98,0.9998346911536322,6.200113836908713
473,algoQD,4,98,0.9998346911536322,5.738127970951609
474,algoQD,4,98,0.9998346911536322,5.907654648064636
475,algoQD,4,98,0.9998346911536322,5.82689556106925
476,algoQD,4,98,0.9998346911536322,5.98250264802482
477,algoQD,4,99,0.9998346911536322,5.733142331941053
478,algoQD,4,99,0.9998346911536322,5.418980106012896
479,algoQD,4,99,0.9998346911536322,6.023710086941719
480,algoQD,4,99,0.9998346911536322,5.738310085027479
481,algoQD,4,99,0.9998346911536322,6.021995406015776
482,algoQD,4,99,0.9998346911536322,5.860778138972819
483,algoQD,4,99,0.9998346911536322,5.69528748805169
484,algoQD,4,99,0.9998346911536322,5.8083871910348535
485,algoQD,4,99,0.9998346911536322,5.62332857598085
486,algoQD,4,99,0.9998346911536322,6.031896914006211
487,algoQD,4,99,0.9998346911536322,5.905628659995273
488,algoQD,4,99,0.9998346911536322,5.222672738018446
489,algoQD,4,99,0.9998346911536322,5.804158912040293
490,algoQD,4,99,0.9998346911536322,5.963774153031409
491,algoQD,4,99,0.9998346911536322,5.63095154997427
492,algoQD,4,99,0.9998346911536322,5.787871988024563
493,algoQD,4,99,0.9998346911536322,5.585723374970257
494,algoQD,4,99,0.9998346911536322,5.892331346985884
495,algoQD,4,99,0.9998346911536322,5.942193166934885
496,algoQD,4,99,0.9998346911536322,6.181026092963293
497,algoQD,4,99,0.9998346911536322,5.168699181056581
498,algoQD,4,99,0.9998346911536322,5.3010289969388396
499,algoQD,4,99,0.9998346911536322,5.929360379930586
500,algoQD,5,100,0.9998346911536322,5.801027234061621
501,algoQD,5,100,0.9998346911536322,6.086641889996827
502,algoQD,5,100,0.9998346911536322,5.206151372985914
503,algoQD,5,100,0.9998346911536322,5.21249047096353
504,algoQD,5,101,0.9998346911536322,5.740474083926529
505,algoQD,5,101,0.9998346911536322,5.911642373073846
506,algoQD,5,101,0.9998346911536322,5.186363575048745
507,algoQD,5,101,0.9998346911536322,5.919241019990295
508,algoQD,5,101,0.9998346911536322,5.365593146067113
509,algoQD,5,101,0.9998346911536322,6.102623587008566
510,algoQD,5,101,0.9998346911536322,5.823561440920457
511,algoQD,5,101,0.9998346911536322,5.509267677087337
512,algoQD,5,101,0.9998346911536322,4.821199337020516
513,algoQD,5,102,0.9998346911536322,6.007681241026148
514,algoQD,5,102,0.9998346911536322,5.598472503013909
515,algoQD,5,102,0.9998346911536322,5.010552864056081
516,algoQD,5,102,0.9998346911536322,5.7224309229059145
517,algoQD,5,102,0.9998346911536322,5.970924703055061
518,algoQD,5,102,0.9998346911536322,5.8222521969582886
519,algoQD,5,102,0.9998346911536322,4.9951670749578625
520,algoQD,5,102,0.9998346911536322,5.922343792044558
521,algoQD,5,102,0.9998346911536322,6.006431640009396
522,algoQD,5,102,0.9998346911536322,6.073562589008361
523,algoQD,5,102,0.9998346911536322,6.073815266019665
524,algoQD,5,103,0.9998346911536322,6.059367939946242
525,algoQD,5,103,0.9998346911536322,6.167609493015334
526,algoQD,5,103,0.9998346911536322,5.998180249938741
527,algoQD,5,103,0.9998346911536322,4.944744045031257
528,algoQD,5,103,0.9998346911536322,5.816541898064315
529,algoQD,5,103,0.9998346911536322,5.58050181902945
530,algoQD,5,103,0.9998346911536322,5.775650457013398
531,algoQD,5,103,0.9998346911536322,6.001985941082239
532,algoQD,5,103,0.9998346911536322,5.983366781962104
533,algoQD,5,103,0.9998346911536322,5.776855324045755
534,algoQD,5,103,0.9998346911536322,5.652817414025776
535,algoQD,5,103,0.9998346911536322,5.857778361067176
536,algoQD,5,103,0.9998346911536322,6.096287947031669
537,algoQD,5,103,0.9998346911536322,5.691662456956692
538,algoQD,5,103,0.9998346911536322,5.766735882963985
539,algoQD,5,103,0.9998346911536322,6.10342815797776
540,algoQD,5,103,0.9998346911536322,5.395777906989679
541,algoQD,5,103,0.9998346911536322,5.105512743932195
542,algoQD,5,104,0.9998346911536322,5.777226704987697
543,algoQD,5,104,0.9998346911536322,6.001973566948436
544,algoQD,5,104,0.9998346911536322,6.236083670053631
545,algoQD,5,104,0.9998346911536322,6.029189619934186
546,algoQD,5,104,0.9998346911536322,5.460627825930715
547,algoQD,5,104,0.9998346911536322,6.330032428959385
548,algoQD,5,104,0.9998346911536322,6.119149332051165
549,algoQD,5,104,0.9998346911536322,5.52940216101706
550,algoQD,5,104,0.9998346911536322,5.754692026996054
551,algoQD,5,104,0.9998346911536322,5.968774821027182
552,algoQD,5,104,0.9998346911536322,5.395098885055631
553,algoQD,5,104,0.9998346911536322,6.203335904050618
554,algoQD,5,104,0.9998346911536322,5.805337538011372
555,algoQD,5,104,0.9998346911536322,5.862684131017886
556,algoQD,5,104,0.9998346911536322,5.753404976101592
557,algoQD,5,104,0.9998346911536322,5.769464188953862
558,algoQD,5,104,0.9998346911536322,6.275273586041294
559,algoQD,5,104,0.9998346911536322,5.292573992046528
560,algoQD,5,105,0.9998346911536322,5.808254910982214
561,algoQD,5,105,0.9998346911536322,6.091734954039566
562,algoQD,5,105,0.9998346911536322,5.0399763379246
563,algoQD,5,105,0.9998346911536322,4.9488599909236655
564,algoQD,5,105,0.9998346911536322,5.087987973005511
565,algoQD,5,105,0.9998346911536322,5.874466381035745
566,algoQD,5,105,0.9998346911536322,6.066558002959937
567,algoQD,5,105,0.9998346911536322,5.627728049061261
568,algoQD,5,105,0.9998346911536322,5.446370859979652
569,algoQD,5,105,0.9998346911536322,5.520182940992527
570,algoQD,5,105,0.9998346911536322,6.1829164939699695
571,algoQD,5,105,0.9998346911536322,5.792605782975443
572,algoQD,5,105,0.9998346911536322,5.754339711973444
573,algoQD,5,105,0.9998346911536322,5.984890990075655
574,algoQD,5,105,0.9998346911536322,5.8470797969494015
575,algoQD,5,105,0.9998346911536322,5.875485547003336
576,algoQD,5,106,0.9998346911536322,6.164914721972309
577,algoQD,5,106,0.9998346911536322,5.159022507024929
578,algoQD,5,106,0.9998346911536322,5.901201595901512
579,algoQD,5,107,0.9998346911536322,5.982664554961957
580,algoQD,5,107,0.9998346911536322,5.51627171097789
581,algoQD,5,107,0.9998346911536322,5.735107143060304
582,algoQD,5,107,0.9998346911536322,5.708416593959555
583,algoQD,5,107,0.9998346911536322,5.666206241003238
584,algoQD,5,107,0.9998346911536322,5.589428705978207
585,algoQD,5,107,0.9998346911536322,5.120123250060715
586,algoQD,5,107,0.9998346911536322,6.105218330048956
587,algoQD,5,107,0.9998346911536322,5.556920523988083
588,algoQD,5,107,0.9998346911536322,5.477944175014272
589,algoQD,5,107,0.9998346911536322,5.4039614900248125
590,algoQD,5,108,0.9998346911536322,6.048381251050159
591,algoQD,5,108,0.9998346911536322,5.927222391008399
592,algoQD,5,109,0.9998346911536322,6.073394972016104
593,algoQD,5,109,0.9998346911536322,5.176267861039378
594,algoQD,5,109,0.9998346911536322,5.956068031024188
595,algoQD,5,110,0.9998346911536322,6.026822738000192
596,algoQD,5,111,0.9998346911536322,5.813219090923667
597,algoQD,5,111,0.9998346911536322,6.2276725970441476
598,algoQD,5,111,0.9998346911536322,5.8144910329720005
599,algoQD,5,111,0.9998346911536322,5.732543780002743
600,algoQD,6,111,0.9998346911536322,5.953217345988378
601,algoQD,6,111,0.9998346911536322,5.580566222080961
602,algoQD,6,111,0.9998346911536322,5.825532945920713
603,algoQD,6,111,0.9998346911536322,5.592960358946584
604,algoQD,6,111,0.9998346911536322,5.531402750057168
605,algoQD,6,111,0.9998346911536322,5.4911849308991805
606,algoQD,6,111,0.9998346911536322,5.818767461925745
607,algoQD,6,111,0.9998346911536322,5.348752435995266
608,algoQD,6,111,0.9998346911536322,5.253312221029773
609,algoQD,6,112,0.9998346911536322,5.250881126965396
610,algoQD,6,112,0.9998346911536322,6.05636745900847
611,algoQD,6,112,0.9998346911536322,5.718336737016216
612,algoQD,6,113,0.9998346911536322,5.320510274963453
613,algoQD,6,114,0.9998346911536322,5.892084429971874
614,algoQD,6,114,0.9998346911536322,4.852627879008651
615,algoQD,6,114,0.9998346911536322,5.962884339969605
616,algoQD,6,114,0.9998346911536322,5.666537446086295
617,algoQD,6,114,0.9998346911536322,5.848833860945888
618,algoQD,6,114,0.9998346911536322,6.111149535980076
619,algoQD,6,114,0.9998346911536322,6.157290676026605
620,algoQD,6,114,0.9998346911536322,5.595600127009675
621,algoQD,6,114,0.9998346911536322,5.821610946091823
622,algoQD,6,114,0.9998346911536322,5.812180857057683
623,algoQD,6,114,0.9998346911536322,5.530048140906729
624,algoQD,6,114,0.9998346911536322,5.432987923035398
625,algoQD,6,114,0.9998346911536322,5.275393791962415
626,algoQD,6,115,0.9998346911536322,6.116912454017438
627,algoQD,6,115,0.9998346911536322,6.059337130980566
628,algoQD,6,115,0.9998346911536322,6.08504138700664
629,algoQD,6,115,0.9998346911536322,5.0867559760808945
630,algoQD,6,115,0.9998346911536322,5.329418928013183
631,algoQD,6,115,0.9998346911536322,5.295057374984026
632,algoQD,6,115,0.9998346911536322,5.825522347004153
633,algoQD,6,115,0.9998346911536322,5.846389021957293
634,algoQD,6,115,0.9998346911536322,5.91063213092275
635,algoQD,6,115,0.9998346911536322,5.117447501979768
636,algoQD,6,115,0.9998346911536322,5.297747139004059
637,algoQD,6,115,0.9998346911536322,5.970536107080989
638,algoQD,6,115,0.9998346911536322,6.1916530149756
639,algoQD,6,115,0.9998346911536322,5.174621231039055
640,algoQD,6,116,0.9998346911536322,5.925229011918418
641,algoQD,6,116,0.9998346911536322,5.065476554911584
642,algoQD,6,116,0.9998346911536322,5.14560570102185
643,algoQD,6,116,0.9998346911536322,5.846107057994232
644,algoQD,6,116,0.9998346911536322,5.880694056046195
645,algoQD,6,116,0.9998346911536322,5.698442540946417
646,algoQD,6,116,0.9998346911536322,5.531442685984075
647,algoQD,6,116,0.9998346911536322,5.74382243398577
648,algoQD,6,116,0.9998346911536322,6.1388775169616565
649,algoQD,6,116,0.9998346911536322,5.89230982598383
650,algoQD,6,116,0.9998346911536322,5.891456132056192
651,algoQD,6,116,0.9998346911536322,5.212783987051807
652,algoQD,6,116,0.9998346911536322,5.0774987019831315
653,algoQD,6,116,0.9998346911536322,5.49335434299428
654,algoQD,6,116,0.9998346911536322,5.614036672050133
655,algoQD,6,116,0.9998346911536322,5.988903937046416
656,algoQD,6,117,0.9998346911536322,6.035166898043826
657,algoQD,6,117,0.9998346911536322,5.885755370021798
658,algoQD,6,117,0.9998346911536322,5.814281348022632
659,algoQD,6,117,0.9998346911536322,5.40824930195231
660,algoQD,6,118,0.9998346911536322,5.841698757954873
661,algoQD,6,118,0.9998346911536322,4.98935166397132
662,algoQD,6,118,0.9998346911536322,5.487662766012363
663,algoQD,6,118,0.9998346911536322,5.326419180026278
664,algoQD,6,118,0.9998346911536322,5.602018781006336
665,algoQD,6,118,0.9998346911536322,5.747512497007847
666,algoQD,6,118,0.9998346911536322,5.536399462958798
667,algoQD,6,118,0.9998346911536322,5.046221158001572
668,algoQD,6,118,0.9998346911536322,5.73852896108292
669,algoQD,6,119,0.9998346911536322,5.723135533044115
670,algoQD,6,119,0.9998346911536322,4.92126231698785
671,algoQD,6,119,0.9998346911536322,5.385067795985378
672,algoQD,6,119,0.9998346911536322,5.830715353018604
673,algoQD,6,119,0.9998346911536322,5.779875991982408
674,algoQD,6,119,0.9998346911536322,5.627904456923716
675,algoQD,6,119,0.9998346911536322,6.1336663600523025
676,algoQD,6,119,0.9998346911536322,5.932353144977242
677,algoQD,6,119,0.9998346911536322,5.9356191359693184
678,algoQD,6,119,0.9998346911536322,5.674632156966254
679,algoQD,6,119,0.9998346911536322,6.036839717999101
680,algoQD,6,119,0.9998346911536322,5.543351189000532
681,algoQD,6,119,0.9998346911536322,5.872938369982876
682,algoQD,6,119,0.9998346911536322,5.806603297940455
683,algoQD,6,119,0.9998346911536322,5.133955919067375
684,algoQD,6,119,0.9998346911536322,5.9233224500203505
685,algoQD,6,119,0.9998346911536322,6.305222594062798
686,algoQD,6,119,0.9998346911536322,5.539265217958018
687,algoQD,6,119,0.9998346911536322,5.194624861003831
688,algoQD,6,119,0.9998346911536322,5.79979718697723
689,algoQD,6,119,0.9998346911536322,5.223504754947498
690,algoQD,6,119,0.9998346911536322,5.756366758025251
691,algoQD,6,119,0.9998346911536322,6.074045514920726
692,algoQD,6,120,0.9998346911536322,5.7165750350104645
693,algoQD,6,120,0.9998346911536322,5.547113548964262
694,algoQD,6,120,0.9998346911536322,6.2076755409361795
695,algoQD,6,120,0.9998346911536322,6.012214474962093
696,algoQD,6,120,0.9998346911536322,5.641166127985343
697,algoQD,6,120,0.9998346911536322,5.51324165193364
698,algoQD,6,120,0.9998346911536322,6.7367041510296986
699,algoQD,6,121,0.9998346911536322,5.824183630058542
700,algoQD,7,121,0.9998346911536322,5.855633348925039
701,algoQD,7,121,0.9998346911536322,5.0534622319974005
702,algoQD,7,121,0.9998346911536322,6.2182092380244285
703,algoQD,7,121,0.9998346911536322,6.165389514993876
704,algoQD,7,121,0.9998346911536322,5.8547292000148445
705,algoQD,7,121,0.9998346911536322,5.472179919015616
706,algoQD,7,121,0.9998346911536322,6.058616881025955
707,algoQD,7,121,0.9998346911536322,5.49708839901723
708,algoQD,7,121,0.9998346911536322,5.390498639084399
709,algoQD,7,121,0.9998346911536322,6.1489313470665365
710,algoQD,7,121,0.9998346911536322,6.119416943052784
711,algoQD,7,121,0.9998346911536322,5.5862545219715685
712,algoQD,7,121,0.9998346911536322,4.828720081946813
713,algoQD,7,121,0.9998346911536322,5.849927356932312
714,algoQD,7,121,0.9998346911536322,5.838357443921268
715,algoQD,7,121,0.9998346911536322,5.788728120038286
716,algoQD,7,122,0.9998346911536322,5.900609228992835
717,algoQD,7,123,0.9998346911536322,5.845934150042012
718,algoQD,7,123,0.9998346911536322,6.006627438007854
719,algoQD,7,123,0.9998346911536322,5.087989146006294
720,algoQD,7,123,0.9998346911536322,6.146009674062952
721,algoQD,7,123,0.9998346911536322,5.723515280988067
722,algoQD,7,123,0.9998346911536322,5.6719422350870445
723,algoQD,7,123,0.9998346911536322,6.16113155009225
724,algoQD,7,123,0.9998346911536322,5.659168325015344
725,algoQD,7,124,0.9998346911536322,5.836808827007189
726,algoQD,7,124,0.9998346911536322,5.915329345036298
727,algoQD,7,124,0.9998346911536322,5.95945438707713
728,algoQD,7,124,0.9998346911536322,5.603338206070475
729,algoQD,7,124,0.9998346911536322,5.258074099081568
730,algoQD,7,124,0.9998346911536322,5.48081447603181
731,algoQD,7,124,0.9998346911536322,5.760010133031756
732,algoQD,7,124,0.9998346911536322,5.837866896064952
733,algoQD,7,125,0.9998346911536322,5.827221318962984
734,algoQD,7,125,0.9998346911536322,4.882733481004834
735,algoQD,7,126,0.9998346911536322,5.846606471110135
736,algoQD,7,126,0.9998346911536322,5.819980285945348
737,algoQD,7,126,0.9998346911536322,5.977201882982627
738,algoQD,7,126,0.9998346911536322,5.859302774071693
739,algoQD,7,126,0.9998346911536322,5.8499806670006365
740,algoQD,7,126,0.9998346911536322,5.261265512090176
741,algoQD,7,126,0.9998346911536322,5.722435892093927
742,algoQD,7,126,0.9998346911536322,5.833149072015658
743,algoQD,7,126,0.9998346911536322,5.661201938986778
744,algoQD,7,126,0.9998346911536322,5.64007309707813
745,algoQD,7,126,0.9998346911536322,5.377695444971323
746,algoQD,7,126,0.9998346911536322,5.92374628293328
747,algoQD,7,126,0.9998346911536322,4.987298847991042
748,algoQD,7,126,0.9998346911536322,6.134762755944394
749,algoQD,7,126,0.9998346911536322,5.776572806993499
750,algoQD,7,126,0.9998346911536322,5.832502810982987
751,algoQD,7,126,0.9998346911536322,4.9527197040151805
752,algoQD,7,126,0.9998346911536322,6.100571525050327
753,algoQD,7,126,0.9998346911536322,5.765485438983887
754,algoQD,7,126,0.9998346911536322,5.771235444000922
755,algoQD,7,126,0.9998346911536322,6.05874008894898
756,algoQD,7,127,0.9998346911536322,5.885457242024131
757,algoQD,7,128,0.9998346911536322,5.926545104011893
758,algoQD,7,128,0.9998346911536322,5.84837389702443
759,algoQD,7,128,0.9998346911536322,5.045515210018493
760,algoQD,7,128,0.9998346911536322,5.312654539011419
761,algoQD,7,128,0.9998346911536322,5.1954189270036295
762,algoQD,7,128,0.9998346911536322,5.354354516020976
763,algoQD,7,128,0.9998346911536322,6.049373763031326
764,algoQD,7,128,0.9998346911536322,6.2038113760063425
765,algoQD,7,128,0.9998346911536322,5.92817439197097
766,algoQD,7,128,0.9998346911536322,5.467093231971376
767,algoQD,7,128,0.9998346911536322,4.7522343000164255
768,algoQD,7,129,0.9998346911536322,5.8894431930966675
769,algoQD,7,130,0.9998346911536322,5.839247695053928
770,algoQD,7,130,0.9998346911536322,5.747944688075222
771,algoQD,7,130,0.9998346911536322,5.210466363932937
772,algoQD,7,130,0.9998346911536322,5.833740590023808
773,algoQD,7,130,0.9998346911536322,5.377695305040106
774,algoQD,7,130,0.9998346911536322,5.399808235000819
775,algoQD,7,130,0.9998346911536322,5.891965568996966
776,algoQD,7,130,0.9998346911536322,6.022073223022744
777,algoQD,7,130,0.9998346911536322,5.342841984005645
778,algoQD,7,130,0.9998346911536322,5.623884591041133
779,algoQD,7,130,0.9998346911536322,5.713951061945409
780,algoQD,7,130,0.9998346911536322,5.693192551028915
781,algoQD,7,130,0.9998346911536322,5.972511370899156
782,algoQD,7,130,0.9998346911536322,5.985952876042575
783,algoQD,7,130,0.9998346911536322,5.674925478058867
784,algoQD,7,130,0.9998346911536322,5.6844183299690485
785,algoQD,7,130,0.9998346911536322,6.025281202979386
786,algoQD,7,130,0.9998346911536322,5.977260963991284
787,algoQD,7,130,0.9998346911536322,5.774244638974778
788,algoQD,7,131,0.9998346911536322,6.171135618002154
789,algoQD,7,132,0.9998346911536322,5.655930767999962
790,algoQD,7,132,0.9998346911536322,5.774025324964896
791,algoQD,7,132,0.9998346911536322,5.8526280239457265
792,algoQD,7,132,0.9998346911536322,6.095506186014973
793,algoQD,7,132,0.9998346911536322,6.063107292051427
794,algoQD,7,132,0.9998346911536322,5.940263022086583
795,algoQD,7,132,0.9998346911536322,5.931836841977201
796,algoQD,7,132,0.9998346911536322,5.7489604849833995
797,algoQD,7,132,0.9998346911536322,5.59546775999479
798,algoQD,7,132,0.9998346911536322,5.710783085087314
799,algoQD,7,132,0.9998346911536322,5.9384005619212985
800,algoQD,8,132,0.9998346911536322,5.065825373982079
801,algoQD,8,132,0.9998346911536322,5.933573210961185
802,algoQD,8,132,0.9998346911536322,5.775514438049868
803,algoQD,8,132,0.9998346911536322,5.372079805936664
804,algoQD,8,132,0.9998346911536322,5.741440729936585
805,algoQD,8,132,0.9998346911536322,5.834523178986274
806,algoQD,8,132,0.9998346911536322,5.612255499931052
807,algoQD,8,132,0.9998346911536322,5.92026521707885
808,algoQD,8,132,0.9998346911536322,5.338549092062749
809,algoQD,8,132,0.9998346911536322,5.942720614024438
810,algoQD,8,132,0.9998346911536322,6.183546275948174
811,algoQD,8,132,0.9998346911536322,6.109636052045971
812,algoQD,8,132,0.9998346911536322,5.382413420942612
813,algoQD,8,132,0.9998346911536322,5.922321263002232
814,algoQD,8,132,0.9998346911536322,5.675621281960048
815,algoQD,8,132,0.9998346911536322,5.427899150061421
816,algoQD,8,132,0.9998346911536322,5.642889989889227
817,algoQD,8,132,0.9998346911536322,5.68187366402708
818,algoQD,8,133,0.9998346911536322,5.773674961994402
819,algoQD,8,133,0.9998346911536322,5.966402131016366
820,algoQD,8,133,0.9998346911536322,5.910143616027199
821,algoQD,8,133,0.9998346911536322,5.962438642978668
822,algoQD,8,133,0.9998346911536322,6.100381285068579
823,algoQD,8,133,0.9998346911536322,5.866923218010925
824,algoQD,8,133,0.9998346911536322,5.202796119032428
825,algoQD,8,133,0.9998346911536322,4.9353179379832
826,algoQD,8,133,0.9998346911536322,5.480121236061677
827,algoQD,8,133,0.9998346911536322,5.681969232973643
828,algoQD,8,133,0.9998346911536322,5.500371810980141
829,algoQD,8,133,0.9998346911536322,5.857778277946636
830,algoQD,8,133,0.9998346911536322,5.544933514087461
831,algoQD,8,134,0.9998346911536322,5.973072736058384
832,algoQD,8,134,0.9998346911536322,6.038242076989263
833,algoQD,8,134,0.9998346911536322,5.742775651975535
834,algoQD,8,134,0.9998346911536322,5.9099379680119455
835,algoQD,8,134,0.9998346911536322,6.091963118058629
836,algoQD,8,134,0.9998346911536322,6.051589467911981
837,algoQD,8,135,0.9998346911536322,5.654843135969713
838,algoQD,8,135,0.9998346911536322,5.866758637013845
839,algoQD,8,135,0.9998346911536322,6.701657811994664
840,algoQD,8,135,0.9998346911536322,5.938693314092234
841,algoQD,8,135,0.9998346911536322,5.922324813902378
842,algoQD,8,135,0.9998346911536322,5.346980476053432
843,algoQD,8,135,0.9998346911536322,5.698037315043621
844,algoQD,8,135,0.9998346911536322,5.306439953041263
845,algoQD,8,135,0.9998346911536322,6.141186508932151
846,algoQD,8,135,0.9998346911536322,5.802787067950703
847,algoQD,8,136,0.9998346911536322,5.25910198292695
848,algoQD,8,136,0.9998346911536322,6.030065447092056
849,algoQD,8,136,0.9998346911536322,5.967582511948422
850,algoQD,8,136,0.9998346911536322,5.863021044060588
851,algoQD,8,136,0.9998346911536322,6.052450305083767
852,algoQD,8,136,0.9998346911536322,5.493747574975714
853,algoQD,8,136,0.9998346911536322,5.998380527016707
854,algoQD,8,136,0.9998346911536322,5.730041409027763
855,algoQD,8,136,0.9998346911536322,5.318613895098679
856,algoQD,8,136,0.9998346911536322,5.449221909977496
857,algoQD,8,136,0.9998346911536322,6.033481352031231
858,algoQD,8,136,0.9998346911536322,5.189263080013916
859,algoQD,8,136,0.9998346911536322,5.509995166095905
860,algoQD,8,136,0.9998346911536322,5.701476694084704
861,algoQD,8,136,0.9998346911536322,5.466344993910752
862,algoQD,8,136,0.9998346911536322,5.5582779989345
863,algoQD,8,136,0.9998346911536322,5.047710894024931
864,algoQD,8,137,0.9998346911536322,5.371432260959409
865,algoQD,8,137,0.9998346911536322,5.560965277021751
866,algoQD,8,137,0.9998346911536322,5.076924175024033
867,algoQD,8,137,0.9998346911536322,5.350786949973553
868,algoQD,8,137,0.9998346911536322,5.203630735981278
869,algoQD,8,137,0.9998346911536322,5.657718118047342
870,algoQD,8,138,0.9998346911536322,5.755126229021698
871,algoQD,8,138,0.9998346911536322,5.614558436907828
872,algoQD,8,138,0.9998346911536322,5.87504319101572
873,algoQD,8,138,0.9998346911536322,5.97493551496882
874,algoQD,8,139,0.9998346911536322,5.589308102964424
875,algoQD,8,139,0.9998346911536322,5.433073195046745
876,algoQD,8,139,0.9998346911536322,6.173548849998042
877,algoQD,8,139,0.9998346911536322,6.109760697931051
878,algoQD,8,140,0.9998346911536322,5.72817347093951
879,algoQD,8,140,0.9998346911536322,5.911064686020836
880,algoQD,8,140,0.9998346911536322,5.80703151691705
881,algoQD,8,141,0.9998346911536322,6.042414050898515
882,algoQD,8,141,0.9998346911536322,5.420040379045531
883,algoQD,8,141,0.9998346911536322,5.1806568870088086
884,algoQD,8,141,0.9998346911536322,5.590971555910073
885,algoQD,8,141,0.9998346911536322,5.155601982027292
886,algoQD,8,141,0.9998346911536322,6.039117802982219
887,algoQD,8,141,0.9998346911536322,5.897206331021152
888,algoQD,8,142,0.9998346911536322,5.527725900057703
889,algoQD,8,142,0.9998346911536322,4.937955423025414
890,algoQD,8,143,0.9998346911536322,5.813880922039971
891,algoQD,8,144,0.9998346911536322,5.768395642982796
892,algoQD,8,144,0.9998346911536322,5.7917791770305485
893,algoQD,8,144,0.9998346911536322,5.623898644931614
894,algoQD,8,144,0.9998346911536322,5.175064306939021
895,algoQD,8,145,0.9998346911536322,5.592586537008174
896,algoQD,8,145,0.9998346911536322,5.776847494998947
897,algoQD,8,145,0.9998346911536322,5.104472688981332
898,algoQD,8,145,0.9998346911536322,5.281182175967842
899,algoQD,8,145,0.9998346911536322,5.2698723040521145
900,algoQD,9,145,0.9998346911536322,5.968012734898366
901,algoQD,9,146,0.9998346911536322,5.913311401964165
902,algoQD,9,146,0.9998346911536322,5.546188153908588
903,algoQD,9,146,0.9998346911536322,5.326161036035046
904,algoQD,9,146,0.9998346911536322,5.8643400761066005
905,algoQD,9,146,0.9998346911536322,5.027031157980673
906,algoQD,9,146,0.9998346911536322,5.851330182980746
907,algoQD,9,146,0.9998346911536322,5.808642992982641
908,algoQD,9,146,0.9998346911536322,6.058101015980355
909,algoQD,9,146,0.9998346911536322,6.006902951048687
910,algoQD,9,147,0.9998346911536322,5.732714951038361
911,algoQD,9,147,0.9998346911536322,4.821938019013032
912,algoQD,9,147,0.9998346911536322,5.893836923060007
913,algoQD,9,148,0.9998346911536322,5.759493701043539
914,algoQD,9,148,0.9998346911536322,5.4959743219660595
915,algoQD,9,148,0.9998346911536322,5.895559628959745
916,algoQD,9,148,0.9998346911536322,5.508616880979389
917,algoQD,9,148,0.9998346911536322,5.852231407072395
918,algoQD,9,148,0.9998346911536322,5.8739773370325565
919,algoQD,9,148,0.9998346911536322,5.873928896035068
920,algoQD,9,148,0.9998346911536322,5.670724695897661
921,algoQD,9,148,0.9998346911536322,5.5257993310224265
922,algoQD,9,148,0.9998346911536322,5.599828572012484
923,algoQD,9,148,0.9998346911536322,5.792913430952467
924,algoQD,9,148,0.9998346911536322,5.903840905986726
925,algoQD,9,149,0.9998346911536322,5.85481714294292
926,algoQD,9,150,0.9998346911536322,5.461648460943252
927,algoQD,9,150,0.9998346911536322,5.402538327034563
928,algoQD,9,150,0.9998346911536322,6.045129211968742
929,algoQD,9,150,0.9998346911536322,5.570608578971587
930,algoQD,9,150,0.9998346911536322,5.875052278977819
931,algoQD,9,151,0.9998346911536322,6.097773076966405
932,algoQD,9,151,0.9998346911536322,5.31119633000344
933,algoQD,9,151,0.9998346911536322,5.878155746962875
934,algoQD,9,151,0.9998346911536322,5.74336827499792
935,algoQD,9,151,0.9998346911536322,6.1524973650230095
936,algoQD,9,151,0.9998346911536322,5.469118958921172
937,algoQD,9,151,0.9998346911536322,6.145688730990514
938,algoQD,9,151,0.9998346911536322,5.905840764986351
939,algoQD,9,151,0.9998346911536322,5.60300477698911
940,algoQD,9,151,0.9998346911536322,5.577757184044458
941,algoQD,9,151,0.9998346911536322,5.675645818002522
942,algoQD,9,152,0.9998346911536322,6.067180423997343
943,algoQD,9,152,0.9998346911536322,5.975588970002718
944,algoQD,9,152,0.9998346911536322,5.306163416011259
945,algoQD,9,152,0.9998346911536322,5.26891106099356
946,algoQD,9,152,0.9998346911536322,5.2114068409428
947,algoQD,9,152,0.9998346911536322,5.812705312971957
948,algoQD,9,152,0.9998346911536322,6.615849837078713
949,algoQD,9,152,0.9998346911536322,5.862868552096188
950,algoQD,9,152,0.9998346911536322,5.915517539018765
951,algoQD,9,152,0.9998346911536322,4.701410889043473
952,algoQD,9,152,0.9998346911536322,5.686760889017023
953,algoQD,9,152,0.9998346911536322,5.828357126098126
954,algoQD,9,152,0.9998346911536322,5.992381048039533
955,algoQD,9,152,0.9998346911536322,4.9851474890019745
956,algoQD,9,152,0.9998346911536322,5.7361091889906675
957,algoQD,9,153,0.9998346911536322,5.544777621049434
958,algoQD,9,153,0.9998346911536322,5.968715902999975
959,algoQD,9,153,0.9998346911536322,6.078418438904919
960,algoQD,9,153,0.9998346911536322,5.427692636963911
961,algoQD,9,153,0.9998346911536322,5.8060880890116096
962,algoQD,9,154,0.9998346911536322,5.504875518963672
963,algoQD,9,154,0.9998346911536322,6.023394606076181
964,algoQD,9,154,0.9998346911536322,6.073974943952635
965,algoQD,9,154,0.9998346911536322,5.336408833041787
966,algoQD,9,154,0.9998346911536322,5.885564834927209
967,algoQD,9,154,0.9998346911536322,6.048579138936475
968,algoQD,9,154,0.9998346911536322,5.872570443083532
969,algoQD,9,154,0.9998346911536322,5.336764795007184
970,algoQD,9,154,0.9998346911536322,5.402688593021594
971,algoQD,9,154,0.9998346911536322,5.740455471910536
972,algoQD,9,154,0.9998346911536322,5.288144781021401
973,algoQD,9,154,0.9998346911536322,6.159480890957639
974,algoQD,9,154,0.9998346911536322,5.9929571450920776
975,algoQD,9,154,0.9998346911536322,6.161142410011962
976,algoQD,9,154,0.9998346911536322,6.355192695045844
977,algoQD,9,154,0.9998346911536322,5.098357712035067
978,algoQD,9,154,0.9998346911536322,6.125436046044342
979,algoQD,9,154,0.9998346911536322,5.556915345019661
980,algoQD,9,154,0.9998346911536322,5.588280117022805
981,algoQD,9,154,0.9998346911536322,5.540450647007674
982,algoQD,9,154,0.9998346911536322,6.171891879988834
983,algoQD,9,154,0.9998346911536322,5.914086004020646
984,algoQD,9,154,0.9998346911536322,6.077124143019319
985,algoQD,9,154,0.9998346911536322,5.914012394961901
986,algoQD,9,154,0.9998346911536322,6.242422644048929
987,algoQD,9,155,0.9998346911536322,5.840767913963646
988,algoQD,9,155,0.9998346911536322,5.421463037026115
989,algoQD,9,155,0.9998346911536322,5.07487679598853
990,algoQD,9,155,0.9998346911536322,5.641374244005419
991,algoQD,9,155,0.9998346911536322,5.643528745044023
992,algoQD,9,155,0.9998346911536322,5.107444430002943
993,algoQD,9,155,0.9998346911536322,5.666297684889287
994,algoQD,9,155,0.9998346911536322,5.090017464011908
995,algoQD,9,155,0.9998346911536322,6.114649624098092
996,algoQD,9,155,0.9998346911536322,5.561019339947961
997,algoQD,9,155,0.9998346911536322,6.097752589033917
998,algoQD,9,155,0.9998346911536322,5.853511214023456
999,algoQD,9,156,0.9998346911536322,5.740072007058188
1000,algoQD,10,157,0.9998346911536322,5.83963683899492
1001,algoQD,10,157,0.9998346911536322,5.834677419043146
1002,algoQD,10,158,0.9998346911536322,5.776182436035015
1003,algoQD,10,159,0.9998346911536322,5.714519979082979
1004,algoQD,10,159,0.9998346911536322,5.502523172064684
1005,algoQD,10,159,0.9998346911536322,5.852695011999458
1006,algoQD,10,159,0.9998346911536322,5.520073021994904
1007,algoQD,10,159,0.9998346911536322,5.176472636987455
1008,algoQD,10,159,0.9998346911536322,6.040690278983675
1009,algoQD,10,159,0.9998346911536322,5.048249858897179
1010,algoQD,10,159,0.9998346911536322,5.257615471957251
1011,algoQD,10,159,0.9998346911536322,5.7844812569674104
1012,algoQD,10,159,0.9998346911536322,6.138420584960841
1013,algoQD,10,159,0.9998346911536322,5.2008986400906
1014,algoQD,10,159,0.9998346911536322,5.578367696958594
1015,algoQD,10,159,0.9998346911536322,5.861584568978287
1016,algoQD,10,159,0.9998346911536322,5.160648680059239
1017,algoQD,10,160,0.9998346911536322,5.809633731027134
1018,algoQD,10,160,0.9998346911536322,5.930017228005454
1019,algoQD,10,161,0.9998346911536322,5.841491012950428
1020,algoQD,10,161,0.9998346911536322,5.563979911035858
1021,algoQD,10,161,0.9998346911536322,5.696861956035718
1022,algoQD,10,161,0.9998346911536322,5.923689583083615
1023,algoQD,10,162,0.9998346911536322,5.914163194014691
1024,algoQD,10,163,0.9998346911536322,5.905258737970144
1025,algoQD,10,163,0.9998346911536322,5.2799006489804015
1026,algoQD,10,163,0.9998346911536322,5.62156508595217
1027,algoQD,10,163,0.9998346911536322,6.138961307005957
1028,algoQD,10,163,0.9998346911536322,5.324816255015321
1029,algoQD,10,163,0.9998346911536322,5.356155929970555
1030,algoQD,10,163,0.9998346911536322,5.765587517991662
1031,algoQD,10,163,0.9998346911536322,6.012718437006697
1032,algoQD,10,163,0.9998346911536322,5.437146496027708
1033,algoQD,10,163,0.9998346911536322,6.012297351961024
1034,algoQD,10,163,0.9998346911536322,5.678701353957877
1035,algoQD,10,163,0.9998346911536322,5.832749086082913
1036,algoQD,10,163,0.9998346911536322,6.175877867965028
1037,algoQD,10,163,0.9998346911536322,5.869816201971844
1038,algoQD,10,163,0.9998346911536322,5.808341489988379
1039,algoQD,10,163,0.9998346911536322,5.950721228029579
1040,algoQD,10,163,0.9998346911536322,5.980716011021286
1041,algoQD,10,163,0.9998346911536322,5.613097687019035
1042,algoQD,10,163,0.9998346911536322,4.805128833977506
1043,algoQD,10,163,0.9998346911536322,4.787328692036681
1044,algoQD,10,163,0.9998346911536322,5.78337986592669
1045,algoQD,10,164,0.9998346911536322,5.834043812006712
1046,algoQD,10,164,0.9998346911536322,5.85814269806724
1047,algoQD,10,164,0.9998346911536322,5.826534633990377
1048,algoQD,10,164,0.9998346911536322,5.9873308499809355
1049,algoQD,10,164,0.9998346911536322,6.1358750850195065
1050,algoQD,10,164,0.9998346911536322,5.8180233229650185
1051,algoQD,10,164,0.9998346911536322,5.839593247976154
1052,algoQD,10,164,0.9998346911536322,5.8297278170939535
1053,algoQD,10,164,0.9998346911536322,6.101487342035398
1054,algoQD,10,164,0.9998346911536322,5.881745532969944
1055,algoQD,10,164,0.9998346911536322,5.469332720967941
1056,algoQD,10,164,0.9998346911536322,5.472872328944504
1057,algoQD,10,164,0.9998346911536322,5.585505843046121
1058,algoQD,10,164,0.9998346911536322,4.961158533929847
1059,algoQD,10,165,0.9998346911536322,5.867115068947896
1060,algoQD,10,165,0.9998346911536322,5.908936507068574
1061,algoQD,10,165,0.9998346911536322,6.048880344023928
1062,algoQD,10,166,0.9998346911536322,5.7801843479974195
1063,algoQD,10,166,0.9998346911536322,6.031393322977237
1064,algoQD,10,166,0.9998346911536322,6.0431361210066825
1065,algoQD,10,166,0.9998346911536322,6.128537941956893
1066,algoQD,10,166,0.9998346911536322,5.691122832009569
1067,algoQD,10,166,0.9998346911536322,4.924107166007161
1068,algoQD,10,166,0.9998346911536322,5.938233411987312
1069,algoQD,10,166,0.9998346911536322,5.102153836982325
1070,algoQD,10,166,0.9998346911536322,5.891874048975296
1071,algoQD,10,166,0.9998346911536322,5.0117681690026075
1072,algoQD,10,166,0.9998346911536322,5.371009062975645
1073,algoQD,10,166,0.9998346911536322,6.0455180609133095
1074,algoQD,10,166,0.9998346911536322,5.955663684988394
1075,algoQD,10,166,0.9998346911536322,6.202654963009991
1076,algoQD,10,166,0.9998346911536322,5.753262189915404
1077,algoQD,10,166,0.9998346911536322,5.728762638987973
1078,algoQD,10,166,0.9998346911536322,5.785001399926841
1079,algoQD,10,166,0.9998346911536322,5.916901748045348
1080,algoQD,10,166,0.9998346911536322,5.772944489028305
1081,algoQD,10,166,0.9998346911536322,5.2561458660056815
1082,algoQD,10,166,0.9998346911536322,4.596020575962029
1083,algoQD,10,166,0.9998346911536322,5.979076373041607
1084,algoQD,10,166,0.9998346911536322,6.088573282002471
1085,algoQD,10,166,0.9998346911536322,5.3289741720072925
1086,algoQD,10,166,0.9998346911536322,6.067037730012089
1087,algoQD,10,166,0.9998346911536322,5.842764921020716
1088,algoQD,10,166,0.9998346911536322,5.566980371018872
1089,algoQD,10,166,0.9998346911536322,5.618203604011796
1090,algoQD,10,166,0.9998346911536322,6.146897841943428
1091,algoQD,10,166,0.9998346911536322,5.1621943899663165
1092,algoQD,10,166,0.9998346911536322,5.119583289022557
1093,algoQD,10,166,0.9998346911536322,5.951105093001388
1094,algoQD,10,166,0.9998346911536322,6.068211689009331
1095,algoQD,10,166,0.9998346911536322,4.828375737997703
1096,algoQD,10,166,0.9998346911536322,6.0484792470233515
1097,algoQD,10,166,0.9998346911536322,5.638592457980849
1098,algoQD,10,166,0.9998346911536322,5.865367467049509
1099,algoQD,10,166,0.9998346911536322,5.561047379975207
1100,algoQD,11,166,0.9998346911536322,6.11345008504577
1101,algoQD,11,166,0.9998346911536322,5.872948670992628
1102,algoQD,11,166,0.9998346911536322,5.8898384139174595
1103,algoQD,11,166,0.9998346911536322,6.240254525095224
1104,algoQD,11,166,0.9998346911536322,5.386130713974126
1105,algoQD,11,166,0.9998346911536322,6.0565842390060425
1106,algoQD,11,166,0.9998346911536322,5.276279418030754
1107,algoQD,11,166,0.9998346911536322,4.9762954040197656
1108,algoQD,11,166,0.9998346911536322,5.814300489029847
1109,algoQD,11,166,0.9998346911536322,5.529258226975799
1110,algoQD,11,166,0.9998346911536322,5.958386279991828
1111,algoQD,11,166,0.9998346911536322,5.796816062997095
1112,algoQD,11,166,0.9998346911536322,5.668609222979285
1113,algoQD,11,166,0.9998346911536322,5.93269100994803
1114,algoQD,11,166,0.9998346911536322,5.850532736978494
1115,algoQD,11,166,0.9998346911536322,6.083960065036081
1116,algoQD,11,166,0.9998346911536322,6.145379242952913
1117,algoQD,11,166,0.9998346911536322,6.071826661005616
1118,algoQD,11,166,0.9998346911536322,5.5134009959874675
1119,algoQD,11,166,0.9998346911536322,5.243958508013748
1120,algoQD,11,167,0.9998346911536322,5.8321098579326645
1121,algoQD,11,168,0.9998346911536322,5.659283913904801
1122,algoQD,11,168,0.9998346911536322,5.053351998096332
1123,algoQD,11,168,0.9998346911536322,5.838488330016844
1124,algoQD,11,168,0.9998346911536322,6.0154660700354725
1125,algoQD,11,168,0.9998346911536322,6.051423999015242
1126,algoQD,11,168,0.9998346911536322,5.351701942970976
1127,algoQD,11,169,0.9998346911536322,5.674028262030333
1128,algoQD,11,169,0.9998346911536322,5.186474796035327
1129,algoQD,11,170,0.9998346911536322,5.751366707962006
1130,algoQD,11,170,0.9998346911536322,5.226750224945135
1131,algoQD,11,170,0.9998346911536322,5.796379036968574
1132,algoQD,11,170,0.9998346911536322,5.119504578993656
1133,algoQD,11,170,0.9998346911536322,5.816204154980369
1134,algoQD,11,170,0.9998346911536322,5.587002292042598
1135,algoQD,11,170,0.9998346911536322,5.678007261012681
1136,algoQD,11,170,0.9998346911536322,6.385625506052747
1137,algoQD,11,170,0.9998346911536322,5.980376429972239
1138,algoQD,11,170,0.9998346911536322,5.488459058920853
1139,algoQD,11,170,0.9998346911536322,6.063028806936927
1140,algoQD,11,170,0.9998346911536322,5.902052300050855
1141,algoQD,11,170,0.9998346911536322,5.976609491975978
1142,algoQD,11,170,0.9998346911536322,5.092904750956222
1143,algoQD,11,170,0.9998346911536322,6.052309504011646
1144,algoQD,11,170,0.9998346911536322,5.2572504030540586
1145,algoQD,11,170,0.9998346911536322,5.999021888943389
1146,algoQD,11,170,0.9998346911536322,5.8631640950916335
1147,algoQD,11,170,0.9998346911536322,4.798684949986637
1148,algoQD,11,170,0.9998346911536322,5.144642636994831
1149,algoQD,11,170,0.9998346911536322,5.9236756259342656
1150,algoQD,11,170,0.9998346911536322,6.1650344299850985
1151,algoQD,11,170,0.9998346911536322,5.976237379014492
1152,algoQD,11,170,0.9998346911536322,5.225249147973955
1153,algoQD,11,170,0.9998346911536322,6.32965177600272
1154,algoQD,11,171,0.9998346911536322,5.593325128080323
1155,algoQD,11,171,0.9998346911536322,6.203023309004493
1156,algoQD,11,171,0.9998346911536322,5.694755535922013
1157,algoQD,11,172,0.9998346911536322,5.782380046090111
1158,algoQD,11,172,0.9998346911536322,5.442535768961534
1159,algoQD,11,172,0.9998346911536322,5.1300477120094
1160,algoQD,11,172,0.9998346911536322,5.287486964021809
1161,algoQD,11,172,0.9998346911536322,5.239766107057221
1162,algoQD,11,172,0.9998346911536322,4.8516636590939015
1163,algoQD,11,172,0.9998346911536322,5.291242338949814
1164,algoQD,11,172,0.9998346911536322,5.277128059999086
1165,algoQD,11,172,0.9998346911536322,5.573120972956531
1166,algoQD,11,172,0.9998346911536322,6.049023964907974
1167,algoQD,11,172,0.9998346911536322,5.701435356982984
1168,algoQD,11,172,0.9998346911536322,5.71572564705275
1169,algoQD,11,172,0.9998346911536322,6.358927931985818
1170,algoQD,11,172,0.9998346911536322,5.726813826011494
1171,algoQD,11,172,0.9998346911536322,5.293683902011253
1172,algoQD,11,172,0.9998346911536322,5.367574905976653
1173,algoQD,11,172,0.9998346911536322,5.615302452002652
1174,algoQD,11,172,0.9998346911536322,5.22806351701729
1175,algoQD,11,172,0.9998346911536322,6.207150766975246
1176,algoQD,11,172,0.9998346911536322,5.883559159003198
1177,algoQD,11,172,0.9998346911536322,5.444521632045507
1178,algoQD,11,172,0.9998346911536322,5.89395080297254
1179,algoQD,11,172,0.9998346911536322,5.564158299006522
1180,algoQD,11,172,0.9998346911536322,6.139681608066894
1181,algoQD,11,172,0.9998346911536322,5.695154237910174
1182,algoQD,11,172,0.9998346911536322,5.537563283927739
1183,algoQD,11,173,0.9998346911536322,5.802631483995356
1184,algoQD,11,173,0.9998346911536322,5.906924279988743
1185,algoQD,11,173,0.9998346911536322,5.992382247000933
1186,algoQD,11,173,0.9998346911536322,5.620832737069577
1187,algoQD,11,173,0.9998346911536322,6.03640274098143
1188,algoQD,11,173,0.9998346911536322,5.07952662196476
1189,algoQD,11,173,0.9998346911536322,5.491544314078055
1190,algoQD,11,173,0.9998346911536322,5.311561428010464
1191,algoQD,11,173,0.9998346911536322,5.84109843603801
1192,algoQD,11,173,0.9998346911536322,5.903288459056057
1193,algoQD,11,173,0.9998346911536322,6.093499039998278
1194,algoQD,11,174,0.9998346911536322,5.215463705942966
1195,algoQD,11,175,0.9998346911536322,5.692556153982878
1196,algoQD,11,175,0.9998346911536322,5.661605314002372
1197,algoQD,11,175,0.9998346911536322,5.883719395031221
1198,algoQD,11,175,0.9998346911536322,5.759019683930092
1199,algoQD,11,175,0.9998346911536322,4.871435617911629
1200,algoQD,12,175,0.9998346911536322,5.466589143034071
1201,algoQD,12,175,0.9998346911536322,6.145814907969907
1202,algoQD,12,175,0.9998346911536322,4.678533019032329
1203,algoQD,12,175,0.9998346911536322,5.397173045901582
1204,algoQD,12,175,0.9998346911536322,5.527379502891563
1205,algoQD,12,175,0.9998346911536322,5.030619886005297
1206,algoQD,12,175,0.9998346911536322,5.479496640036814
1207,algoQD,12,175,0.9998346911536322,5.893173646996729
1208,algoQD,12,175,0.9998346911536322,5.025064928922802
1209,algoQD,12,175,0.9998346911536322,5.639329464989714
1210,algoQD,12,175,0.9998346911536322,5.2134798190090805
1211,algoQD,12,175,0.9998346911536322,6.06705112894997
1212,algoQD,12,175,0.9998346911536322,5.532071586931124
1213,algoQD,12,175,0.9998346911536322,6.025396274984814
1214,algoQD,12,176,0.9998346911536322,5.687943118042313
1215,algoQD,12,176,0.9998346911536322,5.871563446940854
1216,algoQD,12,176,0.9998346911536322,6.1941837089834735
1217,algoQD,12,176,0.9998346911536322,6.10021627205424
1218,algoQD,12,176,0.9998346911536322,5.4523908969713375
1219,algoQD,12,177,0.9998346911536322,5.261558520956896
1220,algoQD,12,177,0.9998346911536322,5.942859766073525
1221,algoQD,12,177,0.9998346911536322,6.070126638980582
1222,algoQD,12,177,0.9998346911536322,5.798987869988196
1223,algoQD,12,177,0.9998346911536322,5.8670398209942505
1224,algoQD,12,177,0.9998346911536322,5.677934919018298
1225,algoQD,12,177,0.9998346911536322,5.438213670044206
1226,algoQD,12,177,0.9998346911536322,5.859439400024712
1227,algoQD,12,177,0.9998346911536322,6.243733590003103
1228,algoQD,12,177,0.9998346911536322,5.47910946898628
1229,algoQD,12,177,0.9998346911536322,5.827995166997425
1230,algoQD,12,177,0.9998346911536322,4.968175963032991
1231,algoQD,12,177,0.9998346911536322,5.453399751917459
1232,algoQD,12,177,0.9998346911536322,5.987894949037582
1233,algoQD,12,177,0.9998346911536322,5.754402959020808
1234,algoQD,12,177,0.9998346911536322,5.889764094958082
1235,algoQD,12,177,0.9998346911536322,5.619545095018111
1236,algoQD,12,177,0.9998346911536322,5.33417556702625
1237,algoQD,12,177,0.9998346911536322,5.174515948048793
1238,algoQD,12,178,0.9998346911536322,5.677757091005333
1239,algoQD,12,178,0.9998346911536322,5.3344366090605035
1240,algoQD,12,178,0.9998346911536322,5.986221626983024
1241,algoQD,12,178,0.9998346911536322,5.33142375596799
1242,algoQD,12,178,0.9998346911536322,8.444757909048349
1243,algoQD,12,178,0.9998346911536322,5.814702942967415
1244,algoQD,12,178,0.9998346911536322,6.016686517978087
1245,algoQD,12,178,0.9998346911536322,5.510155068011954
1246,algoQD,12,178,0.9998346911536322,5.35301988106221
1247,algoQD,12,178,0.9998346911536322,5.576847170013934
1248,algoQD,12,178,0.9998346911536322,6.108240011963062
1249,algoQD,12,178,0.9998346911536322,5.798893722007051
1250,algoQD,12,178,0.9998346911536322,5.4864143510349095
1251,algoQD,12,178,0.9998346911536322,5.46438366593793
1252,algoQD,12,178,0.9998346911536322,5.645924606011249
1253,algoQD,12,179,0.9998346911536322,6.121479187044315
1254,algoQD,12,179,0.9998346911536322,5.63587560004089
1255,algoQD,12,179,0.9998346911536322,5.551940288976766
1256,algoQD,12,179,0.9998346911536322,5.5216528319288045
1257,algoQD,12,179,0.9998346911536322,4.758972164010629
1258,algoQD,12,179,0.9998346911536322,5.903802980901673
1259,algoQD,12,179,0.9998346911536322,5.357931770966388
1260,algoQD,12,179,0.9998346911536322,5.246931472909637
1261,algoQD,12,179,0.9998346911536322,5.545296445954591
1262,algoQD,12,179,0.9998346911536322,6.15490662609227
1263,algoQD,12,179,0.9998346911536322,5.896832461003214
1264,algoQD,12,179,0.9998346911536322,5.516901414957829
1265,algoQD,12,179,0.9998346911536322,5.784703691024333
1266,algoQD,12,179,0.9998346911536322,5.722505411016755
1267,algoQD,12,179,0.9998346911536322,5.830645284964703
1268,algoQD,12,179,0.9998346911536322,6.142776057007723
1269,algoQD,12,179,0.9998346911536322,5.655120329931378
1270,algoQD,12,179,0.9998346911536322,5.829131272970699
1271,algoQD,12,179,0.9998346911536322,5.738528624991886
1272,algoQD,12,179,0.9998346911536322,5.999063709983602
1273,algoQD,12,179,0.9998346911536322,5.888088840991259
1274,algoQD,12,179,0.9998346911536322,5.925556773901917
1275,algoQD,12,180,0.9998346911536322,5.694671561010182
1276,algoQD,12,180,0.9998346911536322,6.004879250074737
1277,algoQD,12,180,0.9998346911536322,4.986053930944763
1278,algoQD,12,180,0.9998346911536322,5.479944305960089
1279,algoQD,12,180,0.9998346911536322,5.607575407018885
1280,algoQD,12,180,0.9998346911536322,5.8958007011096925
1281,algoQD,12,181,0.9998346911536322,5.608656810014509
1282,algoQD,12,181,0.9998346911536322,5.9905150280101225
1283,algoQD,12,182,0.9998346911536322,6.028280935017392
1284,algoQD,12,182,0.9998346911536322,5.827670854981989
1285,algoQD,12,182,0.9998346911536322,5.734306348953396
1286,algoQD,12,182,0.9998346911536322,5.536795343039557
1287,algoQD,12,182,0.9998346911536322,5.346676125074737
1288,algoQD,12,182,0.9998346911536322,5.7042572509963065
1289,algoQD,12,182,0.9998346911536322,5.915080180042423
1290,algoQD,12,182,0.9998346911536322,5.861518527963199
1291,algoQD,12,182,0.9998346911536322,5.744926183018833
1292,algoQD,12,182,0.9998346911536322,5.956980937975459
1293,algoQD,12,182,0.9998346911536322,5.182672899914905
1294,algoQD,12,182,0.9998346911536322,5.058800591039471
1295,algoQD,12,183,0.9998346911536322,5.499382984940894
1296,algoQD,12,183,0.9998346911536322,5.949539768975228
1297,algoQD,12,183,0.9998346911536322,5.91661077097524
1298,algoQD,12,183,0.9998346911536322,5.979485859978013
1299,algoQD,12,183,0.9998346911536322,5.856902466039173
1300,algoQD,13,183,0.9998346911536322,5.230279420036823
1301,algoQD,13,183,0.9998346911536322,6.055465516983531
1302,algoQD,13,183,0.9998346911536322,5.9618333959952
1303,algoQD,13,183,0.9998346911536322,5.858254089951515
1304,algoQD,13,183,0.9998346911536322,5.655253603006713
1305,algoQD,13,183,0.9998346911536322,5.043497066013515
1306,algoQD,13,183,0.9998346911536322,6.062632140005007
1307,algoQD,13,183,0.9998346911536322,5.998602839070372
1308,algoQD,13,183,0.9998346911536322,5.087032604031265
1309,algoQD,13,183,0.9998346911536322,5.580236462992616
1310,algoQD,13,183,0.9998346911536322,5.914794109063223
1311,algoQD,13,183,0.9998346911536322,5.8029142880113795
1312,algoQD,13,183,0.9998346911536322,5.39527125202585
1313,algoQD,13,183,0.9998346911536322,5.884348922991194
1314,algoQD,13,183,0.9998346911536322,5.9459819860057905
1315,algoQD,13,183,0.9998346911536322,5.807257244014181
1316,algoQD,13,183,0.9998346911536322,6.095492345979437
1317,algoQD,13,183,0.9998346911536322,5.056900801020674
1318,algoQD,13,183,0.9998346911536322,6.16309851501137
1319,algoQD,13,183,0.9998346911536322,6.104001894942485
1320,algoQD,13,184,0.9998346911536322,5.790501776034944
1321,algoQD,13,184,0.9998346911536322,5.7131854119943455
1322,algoQD,13,184,0.9998346911536322,5.841838262975216
1323,algoQD,13,184,0.9998346911536322,4.867079476942308
1324,algoQD,13,184,0.9998346911536322,5.498356163967401
1325,algoQD,13,184,0.9998346911536322,4.960146119934507
1326,algoQD,13,184,0.9998346911536322,6.051605644985102
1327,algoQD,13,184,0.9998346911536322,5.3804969870252535
1328,algoQD,13,184,0.9998346911536322,5.936590361059643
1329,algoQD,13,184,0.9998346911536322,5.069110910990275
1330,algoQD,13,184,0.9998346911536322,5.386746023898013
1331,algoQD,13,184,0.9998346911536322,5.792113641044125
1332,algoQD,13,184,0.9998346911536322,6.22695067897439
1333,algoQD,13,185,0.9998346911536322,5.9926788080483675
1334,algoQD,13,185,0.9998346911536322,5.884777012979612
1335,algoQD,13,185,0.9998346911536322,6.082829341990873
1336,algoQD,13,185,0.9998346911536322,6.074859171989374
1337,algoQD,13,185,0.9998346911536322,5.492667797021568
1338,algoQD,13,185,0.9998346911536322,5.870764094986953
1339,algoQD,13,185,0.9998346911536322,4.998438069946133
1340,algoQD,13,185,0.9998346911536322,5.889033847022802
1341,algoQD,13,185,0.9998346911536322,5.464032812975347
1342,algoQD,13,185,0.9998346911536322,5.878750668023713
1343,algoQD,13,186,0.9998346911536322,5.297690039034933
1344,algoQD,13,186,0.9998346911536322,5.659377153962851
1345,algoQD,13,186,0.9998346911536322,5.598893302958459
1346,algoQD,13,186,0.9998346911536322,5.661487350007519
1347,algoQD,13,186,0.9998346911536322,6.050462436047383
1348,algoQD,13,186,0.9998346911536322,6.045716839027591
1349,algoQD,13,186,0.9998346911536322,5.094014286994934
1350,algoQD,13,186,0.9998346911536322,6.078941114014015
1351,algoQD,13,186,0.9998346911536322,4.679712087032385
1352,algoQD,13,186,0.9998346911536322,5.945130837964825
1353,algoQD,13,186,0.9998346911536322,5.557288824929856
1354,algoQD,13,186,0.9998346911536322,5.131605211994611
1355,algoQD,13,186,0.9998346911536322,5.985357263009064
1356,algoQD,13,186,0.9998346911536322,5.223126114928164
1357,algoQD,13,186,0.9998346911536322,6.084605877986178
1358,algoQD,13,186,0.9998346911536322,4.973861895035952
1359,algoQD,13,186,0.9998346911536322,6.101221771910787
1360,algoQD,13,186,0.9998346911536322,5.768393593956716
1361,algoQD,13,186,0.9998346911536322,5.888598826015368
1362,algoQD,13,186,0.9998346911536322,5.683849972905591
1363,algoQD,13,186,0.9998346911536322,5.817967985058203
1364,algoQD,13,186,0.9998346911536322,5.707885142997839
1365,algoQD,13,186,0.9998346911536322,5.802031357074156
1366,algoQD,13,186,0.9998346911536322,5.070684039965272
1367,algoQD,13,186,0.9998346911536322,5.866820140974596
1368,algoQD,13,186,0.9998346911536322,5.994525742018595
1369,algoQD,13,186,0.9998346911536322,5.233453121967614
1370,algoQD,13,186,0.9998346911536322,5.443783457973041
1371,algoQD,13,186,0.9998346911536322,5.726623908965848
1372,algoQD,13,186,0.9998346911536322,5.863675929955207
1373,algoQD,13,186,0.9998346911536322,5.836373373982497
1374,algoQD,13,186,0.9998346911536322,6.004900394938886
1375,algoQD,13,186,0.9998346911536322,5.534989255014807
1376,algoQD,13,186,0.9998346911536322,5.621343767037615
1377,algoQD,13,186,0.9998346911536322,5.18599750706926
1378,algoQD,13,186,0.9998346911536322,5.725536453071982
1379,algoQD,13,186,0.9998346911536322,5.974196071038023
1380,algoQD,13,186,0.9998346911536322,5.893374123959802
1381,algoQD,13,186,0.9998346911536322,6.179795569041744
1382,algoQD,13,186,0.9998346911536322,5.9594055759953335
1383,algoQD,13,186,0.9998346911536322,6.190883207018487
1384,algoQD,13,186,0.9998561663760079,5.37512134492863
1385,algoQD,13,186,0.9998561663760079,5.299350399989635
1386,algoQD,13,187,0.9998561663760079,5.7869446710683405
1387,algoQD,13,187,0.9998561663760079,5.040017427993007
1388,algoQD,13,187,0.9998561663760079,6.301436861976981
1389,algoQD,13,187,0.9998561663760079,5.0034125740639865
1390,algoQD,13,187,0.9998561663760079,6.092950240010396
1391,algoQD,13,187,0.9998561663760079,5.3783545040059835
1392,algoQD,13,188,0.9998561663760079,8.485817767912522
1393,algoQD,13,189,0.9998561663760079,5.664328154991381
1394,algoQD,13,189,0.9998561663760079,6.016050352016464
1395,algoQD,13,189,0.9998561663760079,5.862011455930769
1396,algoQD,13,189,0.9998561663760079,5.11077271506656
1397,algoQD,13,189,0.9998561663760079,6.03850176197011
1398,algoQD,13,189,0.9998561663760079,5.4389777990290895
1399,algoQD,13,189,0.9998561663760079,5.85930622392334
1400,algoQD,14,189,0.9998561663760079,5.705254871980287
1401,algoQD,14,189,0.9998561663760079,5.051220875000581
1402,algoQD,14,190,0.9998561663760079,5.747127949027345
1403,algoQD,14,190,0.9998561663760079,6.041577314026654
1404,algoQD,14,190,0.9998561663760079,5.200133527047001
1405,algoQD,14,190,0.9998561663760079,6.006379590020515
1406,algoQD,14,190,0.9998561663760079,5.773857583058998
1407,algoQD,14,190,0.9998561663760079,5.251254756934941
1408,algoQD,14,190,0.9998561663760079,5.336709138005972
1409,algoQD,14,190,0.9998561663760079,5.914977691951208
1410,algoQD,14,190,0.9998561663760079,5.832615844090469
1411,algoQD,14,190,0.9998561663760079,5.40825307497289
1412,algoQD,14,190,0.9998561663760079,5.885712928022258
1413,algoQD,14,190,0.9998561663760079,5.69672205101233
1414,algoQD,14,190,0.9998561663760079,5.217514996998943
1415,algoQD,14,190,0.9998561663760079,6.1025485849240795
1416,algoQD,14,190,0.9998561663760079,5.23093824996613
1417,algoQD,14,190,0.9998561663760079,5.86260835302528
1418,algoQD,14,190,0.9998561663760079,5.832509591942653
1419,algoQD,14,190,0.9998561663760079,6.164306272985414
1420,algoQD,14,190,0.9998561663760079,6.009294267976657
1421,algoQD,14,190,0.9998561663760079,4.635034125996754
1422,algoQD,14,190,0.9998561663760079,5.855136475991458
1423,algoQD,14,190,0.9998561663760079,5.866316159954295
1424,algoQD,14,190,0.9998561663760079,5.79617482109461
1425,algoQD,14,190,0.9998561663760079,5.331500957952812
1426,algoQD,14,190,0.9998561663760079,5.493687067995779
1427,algoQD,14,190,0.9998561663760079,5.271072320989333
1428,algoQD,14,190,0.9998561663760079,5.71073976601474
1429,algoQD,14,190,0.9998561663760079,5.7153690630802885
1430,algoQD,14,190,0.9998561663760079,6.091104862978682
1431,algoQD,14,191,0.9998561663760079,5.9557030809810385
1432,algoQD,14,191,0.9998561663760079,5.7969074950087816
1433,algoQD,14,191,0.9998561663760079,5.874691434088163
1434,algoQD,14,191,0.9998561663760079,5.864025540067814
1435,algoQD,14,191,0.9998561663760079,5.826532889972441
1436,algoQD,14,191,0.9998561663760079,5.636465439922176
1437,algoQD,14,191,0.9998561663760079,5.890588029054925
1438,algoQD,14,191,0.9998561663760079,6.119171213009395
1439,algoQD,14,191,0.9998561663760079,5.88851339998655
1440,algoQD,14,191,0.9998561663760079,5.821758478996344
1441,algoQD,14,191,0.9998561663760079,6.123804247006774
1442,algoQD,14,191,0.9998561663760079,5.5078758880263194
1443,algoQD,14,191,0.9998561663760079,6.1797262280015275
1444,algoQD,14,191,0.9998561663760079,5.795964905060828
1445,algoQD,14,191,0.9998561663760079,5.893385483999737
1446,algoQD,14,191,0.9998561663760079,5.340533353970386
1447,algoQD,14,191,0.9998561663760079,5.568217238062061
1448,algoQD,14,191,0.9998561663760079,5.462122178985737
1449,algoQD,14,191,0.9998561663760079,5.559309849049896
1450,algoQD,14,191,0.9998561663760079,5.635597098967992
1451,algoQD,14,191,0.9998561663760079,5.8744636620394886
1452,algoQD,14,191,0.9998561663760079,5.88808413699735
1453,algoQD,14,191,0.9998561663760079,4.721152009093203
1454,algoQD,14,192,0.9998561663760079,6.123744985088706
1455,algoQD,14,192,0.9998561663760079,6.007053051958792
1456,algoQD,14,193,0.9998561663760079,5.746467360993847
1457,algoQD,14,193,0.9998561663760079,5.803161381045356
1458,algoQD,14,193,0.9998561663760079,6.072852616896853
1459,algoQD,14,193,0.9998561663760079,6.2803628739202395
1460,algoQD,14,193,0.9998561663760079,5.273592612007633
1461,algoQD,14,193,0.9998561663760079,6.061438289005309
1462,algoQD,14,193,0.9998561663760079,6.0164835510076955
1463,algoQD,14,193,0.9998561663760079,6.063702348037623
1464,algoQD,14,193,0.9998561663760079,5.752904092078097
1465,algoQD,14,194,0.9998561663760079,5.959943601046689
1466,algoQD,14,194,0.9998561663760079,5.546626455034129
1467,algoQD,14,194,0.9998561663760079,5.932269161916338
1468,algoQD,14,194,0.9998561663760079,5.675763570936397
1469,algoQD,14,195,0.9998561663760079,6.000564660993405
1470,algoQD,14,195,0.9998561663760079,5.833273408003151
1471,algoQD,14,195,0.9998561663760079,5.854731980944052
1472,algoQD,14,195,0.9998561663760079,6.130650048959069
1473,algoQD,14,195,0.9998561663760079,6.078141706995666
1474,algoQD,14,195,0.9998561663760079,5.786071812035516
1475,algoQD,14,195,0.9998561663760079,6.093617306905799
1476,algoQD,14,195,0.9998561663760079,5.304033519933
1477,algoQD,14,195,0.9998561663760079,6.021633836906403
1478,algoQD,14,195,0.9998561663760079,5.561788688995875
1479,algoQD,14,195,0.9998561663760079,5.772508925991133
1480,algoQD,14,195,0.9998561663760079,6.086794864968397
1481,algoQD,14,195,0.9998561663760079,5.373060734011233
1482,algoQD,14,195,0.9998561663760079,5.1552440989762545
1483,algoQD,14,195,0.9998561663760079,5.8085195870371535
1484,algoQD,14,195,0.9998561663760079,5.567710316972807
1485,algoQD,14,195,0.9998561663760079,5.889803330996074
1486,algoQD,14,195,0.9998561663760079,5.650923163979314
1487,algoQD,14,195,0.9998561663760079,5.362895307946019
1488,algoQD,14,195,0.9998561663760079,5.9485371130285785
1489,algoQD,14,195,0.9998561663760079,5.35884795000311
1490,algoQD,14,196,0.9998561663760079,5.819569273968227
1491,algoQD,14,196,0.9998561663760079,6.085020813043229
1492,algoQD,14,196,0.9998561663760079,5.551044567953795
1493,algoQD,14,196,0.9998561663760079,5.875721381045878
1494,algoQD,14,196,0.9998561663760079,5.9498107499675825
1495,algoQD,14,196,0.9998561663760079,5.753487284993753
1496,algoQD,14,196,0.9998561663760079,6.051887069013901
1497,algoQD,14,196,0.9998561663760079,5.622503325925209
1498,algoQD,14,196,0.9998561663760079,5.917163445032202
1499,algoQD,14,196,0.9998561663760079,4.8890049629844725
1500,algoQD,15,196,0.9998561663760079,5.013507983996533
1501,algoQD,15,196,0.9998561663760079,6.0792911380995065
1502,algoQD,15,196,0.9998561663760079,5.837675345013849
1503,algoQD,15,196,0.9998561663760079,6.004439109005034
1504,algoQD,15,196,0.9998561663760079,5.988873076974414
1505,algoQD,15,196,0.9998561663760079,6.1624625358963385
1506,algoQD,15,196,0.9998561663760079,5.860019213054329
1507,algoQD,15,196,0.9998561663760079,5.666125818970613
1508,algoQD,15,196,0.9998561663760079,5.831862863036804
1509,algoQD,15,196,0.9998561663760079,5.649028755025938
1510,algoQD,15,196,0.9998561663760079,5.31565232493449
1511,algoQD,15,196,0.9998561663760079,5.56320689804852
1512,algoQD,15,196,0.9998561663760079,5.602160308975726
1513,algoQD,15,197,0.9998561663760079,5.7981681979727
1514,algoQD,15,197,0.9998561663760079,6.003176311030984
1515,algoQD,15,197,0.9998561663760079,5.5124957310035825
1516,algoQD,15,197,0.9998561663760079,5.378949802019633
1517,algoQD,15,197,0.9998561663760079,6.486757097067311
1518,algoQD,15,197,0.9998561663760079,6.157201246009208
1519,algoQD,15,197,0.9998561663760079,5.834053391008638
1520,algoQD,15,197,0.9998561663760079,5.687977056019008
1521,algoQD,15,197,0.9998561663760079,5.225384316057898
1522,algoQD,15,197,0.9998561663760079,5.1540533900260925
1523,algoQD,15,197,0.9998561663760079,5.94046992296353
1524,algoQD,15,197,0.9998561663760079,5.353492139955051
1525,algoQD,15,197,0.9998561663760079,4.700100905029103
1526,algoQD,15,197,0.9998561663760079,5.630166154005565
1527,algoQD,15,197,0.9998561663760079,5.501494265045039
1528,algoQD,15,197,0.9998561663760079,6.002863441011868
1529,algoQD,15,197,0.9998561663760079,5.116563574061729
1530,algoQD,15,197,0.9998561663760079,5.864787532016635
1531,algoQD,15,197,0.9998561663760079,6.241193195106462
1532,algoQD,15,197,0.9998561663760079,6.205038541927934
1533,algoQD,15,197,0.9998561663760079,5.990620377939194
1534,algoQD,15,197,0.9998561663760079,5.217525677056983
1535,algoQD,15,197,0.9998561663760079,5.626180727034807
1536,algoQD,15,197,0.9998561663760079,4.8881522819865495
1537,algoQD,15,197,0.9998561663760079,5.145619305083528
1538,algoQD,15,197,0.9998561663760079,5.347056439961307
1539,algoQD,15,197,0.9998561663760079,5.907962127937935
1540,algoQD,15,197,0.9998561663760079,5.642196535947733
1541,algoQD,15,197,0.9998561663760079,5.570799413952045
1542,algoQD,15,197,0.9998561663760079,5.946592128952034
1543,algoQD,15,197,0.9998561663760079,5.182628992944956
1544,algoQD,15,198,0.9998561663760079,5.8395114039303735
1545,algoQD,15,198,0.9998561663760079,5.567073042970151
1546,algoQD,15,198,0.9998561663760079,5.936139569035731
1547,algoQD,15,198,0.9998561663760079,5.368700766004622
1548,algoQD,15,198,0.9998561663760079,6.051354282069951
1549,algoQD,15,198,0.9998561663760079,5.440931754070334
1550,algoQD,15,198,0.9998561663760079,5.400448031025007
1551,algoQD,15,198,0.9998561663760079,5.5495360479690135
1552,algoQD,15,198,0.9998561663760079,5.475206305971369
1553,algoQD,15,198,0.9998561663760079,5.976416990975849
1554,algoQD,15,198,0.9998561663760079,5.8995429299538955
1555,algoQD,15,198,0.9998561663760079,6.056085551972501
1556,algoQD,15,198,0.9998561663760079,6.222417348995805
1557,algoQD,15,198,0.9998561663760079,5.867219115956686
1558,algoQD,15,198,0.9998561663760079,6.143444882938638
1559,algoQD,15,198,0.9998561663760079,5.525758430943824
1560,algoQD,15,198,0.9998561663760079,5.185097945970483
1561,algoQD,15,199,0.9998561663760079,5.81258837506175
1562,algoQD,15,199,0.9998561663760079,6.164914240012877
1563,algoQD,15,199,0.9998561663760079,5.623545124079101
1564,algoQD,15,199,0.9998561663760079,6.145513050956652
1565,algoQD,15,199,0.9998561663760079,5.827999321976677
1566,algoQD,15,200,0.9998561663760079,5.877346180961467
1567,algoQD,15,200,0.9998561663760079,5.4238147319993
1568,algoQD,15,200,0.9998561663760079,6.188303100061603
1569,algoQD,15,200,0.9998561663760079,5.427313082967885
1570,algoQD,15,200,0.9998561663760079,5.377193263033405
1571,algoQD,15,200,0.9998561663760079,6.096112699946389
1572,algoQD,15,200,0.9998561663760079,6.135289223049767
1573,algoQD,15,200,0.9998561663760079,5.925111972959712
1574,algoQD,15,200,0.9998561663760079,5.70790450903587
1575,algoQD,15,200,0.9998561663760079,6.149672019993886
1576,algoQD,15,200,0.9998561663760079,5.77218373096548
1577,algoQD,15,200,0.9998561663760079,5.9679785969201475
1578,algoQD,15,200,0.9998561663760079,5.216926987050101
1579,algoQD,15,200,0.9998561663760079,5.658932879101485
1580,algoQD,15,200,0.9998561663760079,6.066332672955468
1581,algoQD,15,200,0.9998561663760079,6.238905572099611
1582,algoQD,15,200,0.9998561663760079,5.789937697001733
1583,algoQD,15,200,0.9998561663760079,5.627226379932836
1584,algoQD,15,200,0.9998561663760079,5.918370836065151
1585,algoQD,15,201,0.9998561663760079,6.1540401469683275
1586,algoQD,15,201,0.9998561663760079,5.586653750040568
1587,algoQD,15,201,0.9998561663760079,6.087502883048728
1588,algoQD,15,201,0.9998561663760079,6.0002441219985485
1589,algoQD,15,201,0.9998561663760079,5.694827659055591
1590,algoQD,15,201,0.9998561663760079,5.119385286001489
1591,algoQD,15,201,0.9998561663760079,5.323238927987404
1592,algoQD,15,201,0.9998561663760079,6.113957608002238
1593,algoQD,15,201,0.9998561663760079,5.643947824952193
1594,algoQD,15,201,0.9998561663760079,5.563234230037779
1595,algoQD,15,201,0.9998561663760079,5.2139085930539295
1596,algoQD,15,201,0.9998561663760079,5.186345053953119
1597,algoQD,15,201,0.9998561663760079,5.8182546810712665
1598,algoQD,15,201,0.9998561663760079,5.937314420007169
1599,algoQD,15,201,0.9998561663760079,5.250594821060076
1600,algoQD,16,201,0.9998561663760079,4.858766017016023
1601,algoQD,16,201,0.9998561663760079,5.276250145980157
1602,algoQD,16,201,0.9998561663760079,5.11840125604067
1603,algoQD,16,201,0.9998561663760079,5.908981343964115
1604,algoQD,16,201,0.9998561663760079,5.8949173600412905
1605,algoQD,16,201,0.9998561663760079,6.002884631045163
1606,algoQD,16,201,0.9998561663760079,5.936342982924543
1607,algoQD,16,201,0.9998561663760079,5.883830382023007
1608,algoQD,16,201,0.9998561663760079,5.775985604035668
1609,algoQD,16,201,0.9998561663760079,5.932550818077289
1610,algoQD,16,201,0.9998561663760079,6.059010379947722
1611,algoQD,16,201,0.9998561663760079,6.133391498005949
1612,algoQD,16,201,0.9998561663760079,5.385751141933724
1613,algoQD,16,201,0.9998561663760079,5.825299832038581
1614,algoQD,16,201,0.9998561663760079,5.572634311043657
1615,algoQD,16,201,0.9998561663760079,7.013755809981376
1616,algoQD,16,202,0.9998561663760079,5.775331969955005
1617,algoQD,16,202,0.9998561663760079,6.068316822987981
1618,algoQD,16,202,0.9998561663760079,5.884441889007576
1619,algoQD,16,202,0.9998561663760079,5.892099056043662
1620,algoQD,16,203,0.9998561663760079,5.783478001016192
1621,algoQD,16,203,0.9998561663760079,7.170766394934617
1622,algoQD,16,204,0.9998561663760079,5.873639508965425
1623,algoQD,16,204,0.9998561663760079,5.701309286989272
1624,algoQD,16,204,0.9998561663760079,6.021381048019975
1625,algoQD,16,204,0.9998561663760079,5.304666748037562
1626,algoQD,16,204,0.9998561663760079,5.953265778021887
1627,algoQD,16,204,0.9998561663760079,5.295321900979616
1628,algoQD,16,204,0.9998561663760079,5.548045400995761
1629,algoQD,16,204,0.9998561663760079,6.374739264021628
1630,algoQD,16,204,0.9998561663760079,5.82875848794356
1631,algoQD,16,205,0.9998561663760079,5.690175932017155
1632,algoQD,16,206,0.9998561663760079,5.956832636962645
1633,algoQD,16,206,0.9998561663760079,5.000283828005195
1634,algoQD,16,206,0.9998561663760079,5.972013060003519
1635,algoQD,16,206,0.9998561663760079,5.026902774930932
1636,algoQD,16,206,0.9998561663760079,6.05697274801787
1637,algoQD,16,206,0.9998561663760079,6.19506818393711
1638,algoQD,16,206,0.9998561663760079,5.674949842039496
1639,algoQD,16,206,0.9998561663760079,6.033993469085544
1640,algoQD,16,206,0.9998561663760079,6.007491685915738
1641,algoQD,16,206,0.9998561663760079,5.893975562066771
1642,algoQD,16,206,0.9998561663760079,6.265405172947794
1643,algoQD,16,206,0.9998561663760079,6.0153417380061
1644,algoQD,16,206,0.9998561663760079,5.846271355985664
1645,algoQD,16,206,0.9998561663760079,5.673739915015176
1646,algoQD,16,206,0.9998561663760079,5.8086874830769375
1647,algoQD,16,206,0.9998561663760079,5.994936704984866
1648,algoQD,16,206,0.9998561663760079,6.1618006660137326
1649,algoQD,16,206,0.9998561663760079,6.194549252046272
1650,algoQD,16,206,0.9998561663760079,4.951942009967752
1651,algoQD,16,206,0.9998561663760079,5.863578764023259
1652,algoQD,16,206,0.9998561663760079,6.095313522964716
1653,algoQD,16,206,0.9998561663760079,5.206343156052753
1654,algoQD,16,206,0.9998561663760079,5.2170642430428416
1655,algoQD,16,206,0.9998561663760079,5.426884165965021
1656,algoQD,16,206,0.9998561663760079,5.26053380605299
1657,algoQD,16,206,0.9998561663760079,6.209742770995945
1658,algoQD,16,206,0.9998561663760079,6.071811056928709
1659,algoQD,16,206,0.9998561663760079,5.427831826033071
1660,algoQD,16,206,0.9998561663760079,5.097891864948906
1661,algoQD,16,206,0.9998561663760079,5.914850358036347
1662,algoQD,16,206,0.9998561663760079,5.918143500108272
1663,algoQD,16,206,0.9998561663760079,5.712154456996359
1664,algoQD,16,206,0.9998561663760079,5.663225949974731
1665,algoQD,16,206,0.9998561663760079,5.111681628972292
1666,algoQD,16,206,0.9998561663760079,5.925868796999566
1667,algoQD,16,206,0.9998561663760079,5.83055586903356
1668,algoQD,16,206,0.9998561663760079,6.146740129915997
1669,algoQD,16,206,0.9998561663760079,5.752045438974164
1670,algoQD,16,206,0.9998561663760079,6.44604981795419
1671,algoQD,16,206,0.9998561663760079,6.485958051984198
1672,algoQD,16,206,0.9998561663760079,5.949087659013458
1673,algoQD,16,206,0.9998561663760079,5.865269258036278
1674,algoQD,16,206,0.9998561663760079,5.735829818993807
1675,algoQD,16,206,0.9998561663760079,5.7417304390110075
1676,algoQD,16,206,0.9998561663760079,5.923464405001141
1677,algoQD,16,206,0.9998561663760079,5.347905089030974
1678,algoQD,16,206,0.9998561663760079,5.071216962998733
1679,algoQD,16,206,0.9998561663760079,5.318322043051012
1680,algoQD,16,206,0.9998561663760079,5.096728946082294
1681,algoQD,16,206,0.9998561663760079,6.236007245024666
1682,algoQD,16,206,0.9998561663760079,5.075409875949845
1683,algoQD,16,206,0.9998561663760079,6.0323348679812625
1684,algoQD,16,207,0.9998561663760079,5.973672749940306
1685,algoQD,16,207,0.9998561663760079,6.118038560030982
1686,algoQD,16,207,0.9998561663760079,5.748878574930131
1687,algoQD,16,207,0.9998561663760079,5.939577399054542
1688,algoQD,16,207,0.9998561663760079,5.321804894017987
1689,algoQD,16,207,0.9998561663760079,6.017707120045088
1690,algoQD,16,207,0.9998561663760079,6.219340826035477
1691,algoQD,16,207,0.9998561663760079,5.0600401650881395
1692,algoQD,16,207,0.9998561663760079,6.036930690985173
1693,algoQD,16,208,0.9998561663760079,6.2450481679989025
1694,algoQD,16,209,0.9998561663760079,5.8449357089120895
1695,algoQD,16,209,0.9998561663760079,6.132391449995339
1696,algoQD,16,209,0.9998561663760079,6.0613299530232325
1697,algoQD,16,209,0.9998561663760079,5.947447862010449
1698,algoQD,16,209,0.9998561663760079,5.416742663946934
1699,algoQD,16,210,0.9998561663760079,5.981221313006245
1700,algoQD,17,210,0.9998561663760079,6.077648987062275
1701,algoQD,17,210,0.9998561663760079,5.565312206977978
1702,algoQD,17,210,0.9998561663760079,5.8891038809670135
1703,algoQD,17,210,0.9998561663760079,5.587884697015397
1704,algoQD,17,210,0.9998561663760079,5.984955657972023
1705,algoQD,17,210,0.9998561663760079,5.861007444909774
1706,algoQD,17,210,0.9998561663760079,5.887352732941508
1707,algoQD,17,210,0.9998561663760079,5.863539970945567
1708,algoQD,17,210,0.9998561663760079,5.357351016020402
1709,algoQD,17,211,0.9998561663760079,5.966975656920113
1710,algoQD,17,211,0.9998561663760079,5.572015132056549
1711,algoQD,17,211,0.9998561663760079,6.143596831010655
1712,algoQD,17,211,0.9998561663760079,6.334130092989653
1713,algoQD,17,211,0.9998561663760079,5.7086310390150174
1714,algoQD,17,211,0.9998561663760079,5.674914333038032
1715,algoQD,17,211,0.9998561663760079,5.875246589072049
1716,algoQD,17,211,0.9998561663760079,5.757447864976712
1717,algoQD,17,211,0.9998561663760079,6.385819157003425
1718,algoQD,17,212,0.9998561663760079,6.103561576921493
1719,algoQD,17,212,0.9998561663760079,5.807308505056426
1720,algoQD,17,212,0.9998561663760079,5.9098397109191865
1721,algoQD,17,212,0.9998561663760079,6.013381820986979
1722,algoQD,17,212,0.9998561663760079,5.59349709097296
1723,algoQD,17,212,0.9998561663760079,5.7502598949940875
1724,algoQD,17,212,0.9998561663760079,6.173061654088087
1725,algoQD,17,212,0.9998561663760079,5.809341085958295
1726,algoQD,17,212,0.9998561663760079,5.9752678639488295
1727,algoQD,17,212,0.9998561663760079,5.794614269980229
1728,algoQD,17,212,0.9998561663760079,5.843771449988708
1729,algoQD,17,212,0.9998561663760079,5.436570196063258
1730,algoQD,17,212,0.9998561663760079,5.6683897860348225
1731,algoQD,17,212,0.9998561663760079,5.849320672918111
1732,algoQD,17,212,0.9998561663760079,6.045464465976693
1733,algoQD,17,212,0.9998561663760079,6.1468691430054605
1734,algoQD,17,212,0.9998561663760079,5.3174105120124295
1735,algoQD,17,212,0.9998561663760079,5.771692120004445
1736,algoQD,17,212,0.9998561663760079,5.823338181944564
1737,algoQD,17,212,0.9998561663760079,5.950274870963767
1738,algoQD,17,212,0.9998561663760079,5.968171425978653
1739,algoQD,17,213,0.9998561663760079,5.733372436021455
1740,algoQD,17,213,0.9998561663760079,6.241916059050709
1741,algoQD,17,213,0.9998561663760079,5.832143489038572
1742,algoQD,17,213,0.9998561663760079,5.41552739799954
1743,algoQD,17,213,0.9998561663760079,5.673654404003173
1744,algoQD,17,213,0.9998561663760079,5.3294863880146295
1745,algoQD,17,213,0.9998561663760079,5.8909324469277635
1746,algoQD,17,213,0.9998561663760079,5.320468419929966
1747,algoQD,17,213,0.9998561663760079,5.543492641067132
1748,algoQD,17,213,0.9998561663760079,6.634064301033504
1749,algoQD,17,213,0.9998561663760079,5.017107906984165
1750,algoQD,17,213,0.9998561663760079,6.10087477194611
1751,algoQD,17,213,0.9998561663760079,5.445558057981543
1752,algoQD,17,213,0.9998561663760079,5.934696746990085
1753,algoQD,17,213,0.9998561663760079,6.14927879604511
1754,algoQD,17,213,0.9998561663760079,5.516140850028023
1755,algoQD,17,213,0.9998561663760079,6.005044323974289
1756,algoQD,17,214,0.9998561663760079,6.071847565006465
1757,algoQD,17,214,0.9998561663760079,5.771457936963998
1758,algoQD,17,214,0.9998561663760079,6.035113628022373
1759,algoQD,17,214,0.9998561663760079,5.1706369610037655
1760,algoQD,17,214,0.9998561663760079,5.704826049972326
1761,algoQD,17,214,0.9998561663760079,5.800151281990111
1762,algoQD,17,214,0.9998561663760079,6.147785266046412
1763,algoQD,17,214,0.9998561663760079,5.309735068003647
1764,algoQD,17,214,0.9998561663760079,5.29043753806036
1765,algoQD,17,214,0.9998561663760079,5.059389465954155
1766,algoQD,17,215,0.9998561663760079,5.728952836012468
1767,algoQD,17,215,0.9998561663760079,5.679768804926425
1768,algoQD,17,215,0.9998561663760079,5.714634302072227
1769,algoQD,17,215,0.9998561663760079,5.6832972730044276
1770,algoQD,17,215,0.9998561663760079,5.744367812061682
1771,algoQD,17,215,0.9998561663760079,5.686956095974892
1772,algoQD,17,215,0.9998561663760079,5.663623319938779
1773,algoQD,17,215,0.9998561663760079,5.121220492059365
1774,algoQD,17,215,0.9998561663760079,4.901005820021965
1775,algoQD,17,215,0.9998561663760079,5.518272537970915
1776,algoQD,17,215,0.9998561663760079,5.507668482954614
1777,algoQD,17,215,0.9998561663760079,5.650931770098396
1778,algoQD,17,215,0.9998561663760079,6.124716929043643
1779,algoQD,17,216,0.9998561663760079,6.06456654809881
1780,algoQD,17,216,0.9998561663760079,6.030028872075491
1781,algoQD,17,216,0.9998561663760079,6.017462166957557
1782,algoQD,17,216,0.9998561663760079,5.115945775993168
1783,algoQD,17,216,0.9998561663760079,6.040756982052699
1784,algoQD,17,216,0.9998561663760079,5.885619697975926
1785,algoQD,17,216,0.9998561663760079,6.074937924975529
1786,algoQD,17,216,0.9998561663760079,5.859283147961833
1787,algoQD,17,216,0.9998561663760079,5.673083393950947
1788,algoQD,17,216,0.9998561663760079,5.845808026962914
1789,algoQD,17,216,0.9998561663760079,6.039751242031343
1790,algoQD,17,216,0.9998561663760079,6.125706829014234
1791,algoQD,17,216,0.9998561663760079,6.402993025025353
1792,algoQD,17,216,0.9998561663760079,6.088732307078317
1793,algoQD,17,216,0.9998561663760079,5.327089158934541
1794,algoQD,17,216,0.9998561663760079,5.245028160046786
1795,algoQD,17,216,0.9998561663760079,4.804994540987536
1796,algoQD,17,216,0.9998561663760079,5.423187070991844
1797,algoQD,17,216,0.9998561663760079,5.831582368933596
1798,algoQD,17,216,0.9998561663760079,5.699309907038696
1799,algoQD,17,216,0.9998561663760079,6.0736004480859265
1800,algoQD,18,217,0.9998561663760079,5.829867838998325
1801,algoQD,18,217,0.9998561663760079,6.048667317954823
1802,algoQD,18,217,0.9998561663760079,5.81269602291286
1803,algoQD,18,217,0.9998561663760079,5.2766521599842235
1804,algoQD,18,217,0.9998561663760079,5.924665904021822
1805,algoQD,18,217,0.9998561663760079,6.002281724009663
1806,algoQD,18,217,0.9998561663760079,5.799327644985169
1807,algoQD,18,217,0.9998561663760079,5.721317830029875
1808,algoQD,18,217,0.9998561663760079,6.235236300039105
1809,algoQD,18,217,0.9998561663760079,5.74268043297343
1810,algoQD,18,217,0.9998561663760079,5.468802006915212
1811,algoQD,18,217,0.9998561663760079,5.768203579005785
1812,algoQD,18,217,0.9998561663760079,5.194129089009948
1813,algoQD,18,217,0.9998561663760079,5.149314965005033
1814,algoQD,18,217,0.9998561663760079,4.896701516001485
1815,algoQD,18,217,0.9998561663760079,5.642955689923838
1816,algoQD,18,217,0.9998561663760079,5.558681358001195
1817,algoQD,18,217,0.9998561663760079,5.124355704989284
1818,algoQD,18,217,0.9998561663760079,5.535377396969125
1819,algoQD,18,217,0.9998561663760079,5.826816413085908
1820,algoQD,18,217,0.9998561663760079,4.619705428020097
1821,algoQD,18,217,0.9998561663760079,5.199317792081274
1822,algoQD,18,217,0.9998561663760079,5.052157502970658
1823,algoQD,18,217,0.9998561663760079,5.317333986982703
1824,algoQD,18,217,0.9998561663760079,5.554136399994604
1825,algoQD,18,217,0.9998561663760079,5.573412652011029
1826,algoQD,18,217,0.9998561663760079,5.717169723007828
1827,algoQD,18,217,0.9998561663760079,5.662223816034384
1828,algoQD,18,217,0.9998561663760079,4.879125387058593
1829,algoQD,18,217,0.9998561663760079,4.789288645959459
1830,algoQD,18,217,0.9998561663760079,5.13302979094442
1831,algoQD,18,217,0.9998561663760079,5.091385951032862
1832,algoQD,18,217,0.9998561663760079,5.155369414947927
1833,algoQD,18,217,0.9998561663760079,4.889782703015953
1834,algoQD,18,217,0.9998561663760079,5.302925965981558
1835,algoQD,18,217,0.9998561663760079,5.473641213029623
1836,algoQD,18,217,0.9998561663760079,5.687323994934559
1837,algoQD,18,217,0.9998561663760079,5.246129673090763
1838,algoQD,18,217,0.9998561663760079,5.6811028610682115
1839,algoQD,18,217,0.9998561663760079,5.380812188028358
1840,algoQD,18,217,0.9998561663760079,5.499226515064947
1841,algoQD,18,217,0.9998561663760079,5.000769646954723
1842,algoQD,18,218,0.9998561663760079,5.398848226061091
1843,algoQD,18,219,0.9998561663760079,5.69129670097027
1844,algoQD,18,219,0.9998561663760079,5.233049738919362
1845,algoQD,18,219,0.9998561663760079,4.996287007001229
1846,algoQD,18,219,0.9998561663760079,5.401979351066984
1847,algoQD,18,219,0.9998561663760079,5.736572447000071
1848,algoQD,18,219,0.9998561663760079,5.260359749081545
1849,algoQD,18,219,0.9998561663760079,5.548411366995424
1850,algoQD,18,219,0.9998561663760079,5.07952025195118
1851,algoQD,18,219,0.9998561663760079,5.393685039947741
1852,algoQD,18,219,0.9998561663760079,4.900917983031832
1853,algoQD,18,219,0.9998561663760079,5.434356126002967
1854,algoQD,18,220,0.9998561663760079,6.286356655997224
1855,algoQD,18,220,0.9998561663760079,5.476002654992044
1856,algoQD,18,220,0.9998561663760079,5.610435187933035
1857,algoQD,18,220,0.9998561663760079,6.047551976982504
1858,algoQD,18,220,0.9998561663760079,5.862656115903519
1859,algoQD,18,221,0.9998561663760079,5.598807126050815
1860,algoQD,18,221,0.9998561663760079,6.428868322982453
1861,algoQD,18,221,0.9998561663760079,5.941270624985918
1862,algoQD,18,221,0.9998561663760079,5.376201877021231
1863,algoQD,18,221,0.9998561663760079,6.061126374988817
1864,algoQD,18,221,0.9998561663760079,5.977927685948089
1865,algoQD,18,221,0.9998561663760079,5.873893389012665
1866,algoQD,18,221,0.9998561663760079,5.332811893080361
1867,algoQD,18,221,0.9998561663760079,6.195332871051505
1868,algoQD,18,221,0.9998561663760079,6.187502444954589
1869,algoQD,18,221,0.9998561663760079,5.523143965052441
1870,algoQD,18,222,0.9998561663760079,5.914385324926116
1871,algoQD,18,223,0.9998561663760079,6.008103029918857
1872,algoQD,18,223,0.9998561663760079,5.7843775120563805
1873,algoQD,18,223,0.9998561663760079,5.923995224991813
1874,algoQD,18,223,0.9998561663760079,5.705336116952822
1875,algoQD,18,223,0.9998561663760079,5.865025431965478
1876,algoQD,18,223,0.9998561663760079,5.649175654980354
1877,algoQD,18,223,0.9998561663760079,6.17123363702558
1878,algoQD,18,223,0.9998561663760079,5.343269161996432
1879,algoQD,18,223,0.9998561663760079,6.138673115056008
1880,algoQD,18,223,0.9998561663760079,5.090465824003331
1881,algoQD,18,223,0.9998561663760079,6.174159734975547
1882,algoQD,18,223,0.9998561663760079,6.074106611078605
1883,algoQD,18,223,0.9998561663760079,5.957407592912205
1884,algoQD,18,223,0.9998561663760079,5.940344634000212
1885,algoQD,18,223,0.9998561663760079,5.240067857899703
1886,algoQD,18,223,0.9998561663760079,5.848930301959626
1887,algoQD,18,223,0.9998561663760079,5.687572224996984
1888,algoQD,18,223,0.9998561663760079,6.076502026990056
1889,algoQD,18,223,0.9998561663760079,5.274673134088516
1890,algoQD,18,223,0.9998561663760079,5.925360191031359
1891,algoQD,18,223,0.9998561663760079,5.46412225603126
1892,algoQD,18,223,0.9998561663760079,5.886811196105555
1893,algoQD,18,223,0.9998561663760079,5.1309425020590425
1894,algoQD,18,223,0.9998561663760079,5.489855939988047
1895,algoQD,18,223,0.9998561663760079,5.682250548969023
1896,algoQD,18,223,0.9998561663760079,6.09156064898707
1897,algoQD,18,223,0.9998561663760079,6.0856699189171195
1898,algoQD,18,223,0.9998561663760079,5.708142493036576
1899,algoQD,18,223,0.9998561663760079,5.292304356931709
1900,algoQD,19,224,0.9998561663760079,6.0032626340398565
1901,algoQD,19,224,0.9998561663760079,5.713780994061381
1902,algoQD,19,224,0.9998561663760079,5.868790025939234
1903,algoQD,19,224,0.9998561663760079,5.611036925110966
1904,algoQD,19,224,0.9998561663760079,6.040844092029147
1905,algoQD,19,224,0.9998561663760079,6.312284735031426
1906,algoQD,19,224,0.9998561663760079,5.30143158196006
1907,algoQD,19,224,0.9998561663760079,5.9603205469902605
1908,algoQD,19,225,0.9998561663760079,5.745807435945608
1909,algoQD,19,225,0.9998561663760079,6.194977027946152
1910,algoQD,19,225,0.9998561663760079,6.040336323087104
1911,algoQD,19,225,0.9998561663760079,5.518495734082535
1912,algoQD,19,225,0.9998561663760079,5.403608810971491
1913,algoQD,19,225,0.9998561663760079,5.890441474039108
1914,algoQD,19,225,0.9998561663760079,6.158917856984772
1915,algoQD,19,225,0.9998561663760079,5.246352771995589
1916,algoQD,19,225,0.9998561663760079,5.986801743041724
1917,algoQD,19,225,0.9998561663760079,5.141142374021001
1918,algoQD,19,225,0.9998561663760079,6.033047811011784
1919,algoQD,19,225,0.9998561663760079,5.684912548982538
1920,algoQD,19,225,0.9998561663760079,5.694924394949339
1921,algoQD,19,225,0.9998561663760079,5.060396580025554
1922,algoQD,19,225,0.9998561663760079,5.4294247078942135
1923,algoQD,19,225,0.9998561663760079,5.714751939056441
1924,algoQD,19,225,0.9998561663760079,5.703862012946047
1925,algoQD,19,226,0.9998561663760079,5.951915117097087
1926,algoQD,19,226,0.9998561663760079,5.76077145000454
1927,algoQD,19,226,0.9998561663760079,5.838724268018268
1928,algoQD,19,226,0.9998561663760079,5.765427456004545
1929,algoQD,19,226,0.9998561663760079,5.414918237947859
1930,algoQD,19,226,0.9998561663760079,5.674237187951803
1931,algoQD,19,226,0.9998561663760079,5.556337322923355
1932,algoQD,19,226,0.9998561663760079,6.031930751982145
1933,algoQD,19,226,0.9998561663760079,5.505245296983048
1934,algoQD,19,226,0.9998561663760079,5.991776533075608
1935,algoQD,19,226,0.9998561663760079,5.055906907073222
1936,algoQD,19,226,0.9998561663760079,5.4661022500367835
1937,algoQD,19,226,0.9998561663760079,5.8967555849812925
1938,algoQD,19,226,0.9998561663760079,5.822783307987265
1939,algoQD,19,226,0.9998561663760079,6.185361270909198
1940,algoQD,19,226,0.9998561663760079,6.13059929094743
1941,algoQD,19,226,0.9998561663760079,5.015674680005759
1942,algoQD,19,226,0.9998561663760079,5.93274301092606
1943,algoQD,19,227,0.9998561663760079,5.767293313052505
1944,algoQD,19,227,0.9998561663760079,5.375557719031349
1945,algoQD,19,227,0.9998561663760079,5.776223035994917
1946,algoQD,19,227,0.9998561663760079,5.995701186941005
1947,algoQD,19,227,0.9998561663760079,5.708158230991103
1948,algoQD,19,227,0.9998561663760079,5.100153831066564
1949,algoQD,19,227,0.9998561663760079,5.805147366016172
1950,algoQD,19,227,0.9998561663760079,6.291330503998324
1951,algoQD,19,227,0.9998561663760079,6.004465206060559
1952,algoQD,19,227,0.9998561663760079,6.153596031013876
1953,algoQD,19,227,0.9998561663760079,6.046515488997102
1954,algoQD,19,227,0.9998561663760079,5.973832587944344
1955,algoQD,19,227,0.9998561663760079,5.981124775949866
1956,algoQD,19,227,0.9998561663760079,5.910892455023713
1957,algoQD,19,227,0.9998561663760079,5.639388603973202
1958,algoQD,19,227,0.9998561663760079,6.099227744969539
1959,algoQD,19,227,0.9998561663760079,5.752562619978562
1960,algoQD,19,227,0.9998561663760079,6.114679262042046
1961,algoQD,19,227,0.9998561663760079,6.224091809010133
1962,algoQD,19,227,0.9998561663760079,5.790939540951513
1963,algoQD,19,227,0.9998561663760079,5.43808154494036
1964,algoQD,19,227,0.9998561663760079,5.950245490996167
1965,algoQD,19,227,0.9998561663760079,5.917077942984179
1966,algoQD,19,227,0.9998561663760079,5.754558500950225
1967,algoQD,19,227,0.9998561663760079,5.573479773011059
1968,algoQD,19,227,0.9998561663760079,6.129442624049261
1969,algoQD,19,227,0.9998561663760079,5.3814614550210536
1970,algoQD,19,228,0.9998561663760079,5.767343197017908
1971,algoQD,19,228,0.9998561663760079,5.870483045000583
1972,algoQD,19,228,0.9998561663760079,5.598433329956606
1973,algoQD,19,228,0.9998561663760079,5.916103441966698
1974,algoQD,19,228,0.9998561663760079,5.632013197056949
1975,algoQD,19,228,0.9998561663760079,5.886262478074059
1976,algoQD,19,228,0.9998561663760079,5.0817111319629475
1977,algoQD,19,228,0.9998561663760079,5.635166216059588
1978,algoQD,19,228,0.9998561663760079,5.228986299945973
1979,algoQD,19,228,0.9998561663760079,5.878821809892543
1980,algoQD,19,228,0.9998561663760079,5.388450499041937
1981,algoQD,19,228,0.9998561663760079,5.381633448996581
1982,algoQD,19,229,0.9998561663760079,6.075460477964953
1983,algoQD,19,229,0.9998561663760079,5.367705362965353
1984,algoQD,19,230,0.9998561663760079,5.938448910950683
1985,algoQD,19,230,0.9998561663760079,5.4690841739065945
1986,algoQD,19,230,0.9998561663760079,5.953287809970789
1987,algoQD,19,230,0.9998561663760079,6.267953954986297
1988,algoQD,19,230,0.9998561663760079,5.860314160934649
1989,algoQD,19,230,0.9998561663760079,5.439132469939068
1990,algoQD,19,230,0.9998561663760079,6.10467351495754
1991,algoQD,19,230,0.9998561663760079,5.137447293032892
1992,algoQD,19,230,0.9998561663760079,6.044769239029847
1993,algoQD,19,230,0.9998561663760079,5.433626476093195
1994,algoQD,19,230,0.9998561663760079,5.706048654043116
1995,algoQD,19,230,0.9998561663760079,5.174524528090842
1996,algoQD,19,230,0.9998561663760079,5.628110665013082
1997,algoQD,19,230,0.9998561663760079,5.597231811028905
1998,algoQD,19,231,0.9998561663760079,5.289405519957654
1999,algoQD,19,231,0.9998561663760079,6.042254377040081
2000,algoQD,20,231,0.9998561663760079,5.917274325038306
2001,algoQD,20,231,0.9998561663760079,5.381299448083155
2002,algoQD,20,231,0.9998561663760079,5.663193612010218
2003,algoQD,20,231,0.9998561663760079,5.999193436000496
2004,algoQD,20,231,0.9998561663760079,5.278215395985171
2005,algoQD,20,231,0.9998561663760079,5.934145080973394
2006,algoQD,20,231,0.9998561663760079,5.873186561977491
2007,algoQD,20,231,0.9998561663760079,6.403283983003348
2008,algoQD,20,231,0.9998561663760079,5.638014458003454
2009,algoQD,20,231,0.9998561663760079,5.655634880065918
2010,algoQD,20,231,0.9998561663760079,6.089775227941573
2011,algoQD,20,231,0.9998561663760079,5.3286298390012234
2012,algoQD,20,231,0.9998561663760079,5.915398365003057
2013,algoQD,20,231,0.9998561663760079,4.871348922955804
2014,algoQD,20,231,0.9998561663760079,5.7448641010560095
2015,algoQD,20,232,0.9998561663760079,5.7065732919145375
2016,algoQD,20,232,0.9998561663760079,5.345790904015303
2017,algoQD,20,232,0.9998561663760079,5.940548054059036
2018,algoQD,20,232,0.9998561663760079,6.29312289506197
2019,algoQD,20,232,0.9998561663760079,6.005030521075241
2020,algoQD,20,232,0.9998561663760079,5.27362945897039
2021,algoQD,20,232,0.9998561663760079,5.994267464964651
2022,algoQD,20,233,0.9998561663760079,5.821980017935857
2023,algoQD,20,233,0.9998561663760079,5.7263965990860015
2024,algoQD,20,233,0.9998561663760079,5.794200840988196
2025,algoQD,20,233,0.9998561663760079,5.329642273019999
2026,algoQD,20,233,0.9998561663760079,6.101679133018479
2027,algoQD,20,233,0.9998561663760079,5.992778311017901
2028,algoQD,20,233,0.9998561663760079,5.4695866600377485
2029,algoQD,20,233,0.9998561663760079,6.126697755069472
2030,algoQD,20,233,0.9998561663760079,5.508514020009898
2031,algoQD,20,233,0.9998561663760079,5.760013594990596
2032,algoQD,20,233,0.9998561663760079,5.9877735750051215
2033,algoQD,20,233,0.9998561663760079,6.043525865068659
2034,algoQD,20,233,0.9998561663760079,5.434338258928619
2035,algoQD,20,233,0.9998561663760079,5.904262205003761
2036,algoQD,20,233,0.9998561663760079,5.91861394199077
2037,algoQD,20,233,0.9998561663760079,5.965000096010044
2038,algoQD,20,233,0.9998561663760079,5.133274086052552
2039,algoQD,20,233,0.9998561663760079,5.961103132925928
2040,algoQD,20,233,0.9998561663760079,5.329782717046328
2041,algoQD,20,233,0.9998561663760079,6.160454995930195
2042,algoQD,20,233,0.9998561663760079,5.232766711967997
2043,algoQD,20,233,0.9998561663760079,6.056269343011081
2044,algoQD,20,233,0.9998561663760079,5.65348580700811
2045,algoQD,20,233,0.9998561663760079,5.914367308025248
2046,algoQD,20,233,0.9998561663760079,5.980506724095903
2047,algoQD,20,233,0.9998561663760079,5.801022217958234
2048,algoQD,20,233,0.9998561663760079,5.890751588041894
2049,algoQD,20,233,0.9998561663760079,5.782391135930084
2050,algoQD,20,233,0.9998561663760079,6.089311896939762
2051,algoQD,20,233,0.9998561663760079,6.066466329968534
2052,algoQD,20,233,0.9998561663760079,5.977979099028744
2053,algoQD,20,233,0.9998561663760079,5.923962757922709
2054,algoQD,20,233,0.9998561663760079,6.162007590988651
2055,algoQD,20,233,0.9998561663760079,5.733518996043131
2056,algoQD,20,233,0.9998561663760079,5.818694578949362
2057,algoQD,20,233,0.9998561663760079,6.039092879975215
2058,algoQD,20,233,0.9998561663760079,5.991234684013762
2059,algoQD,20,233,0.9998561663760079,5.661603022017516
2060,algoQD,20,233,0.9998561663760079,5.875847207964398
2061,algoQD,20,233,0.9998561663760079,5.5683007629122585
2062,algoQD,20,233,0.9998561663760079,5.787275984999724
2063,algoQD,20,233,0.9998561663760079,5.340127001982182
2064,algoQD,20,233,0.9998561663760079,6.3020060890121385
2065,algoQD,20,233,0.9998561663760079,5.442574642016552
2066,algoQD,20,233,0.9998561663760079,5.398167756968178
2067,algoQD,20,233,0.9998561663760079,5.888622154016048
2068,algoQD,20,234,0.9998561663760079,5.322759849019349
2069,algoQD,20,234,0.9998561663760079,4.667293471982703
2070,algoQD,20,234,0.9998561663760079,5.6082791310036555
2071,algoQD,20,234,0.9998561663760079,6.09276133403182
2072,algoQD,20,234,0.9998561663760079,5.208625035942532
2073,algoQD,20,234,0.9998561663760079,5.88144614698831
2074,algoQD,20,234,0.9998561663760079,5.94338427297771
2075,algoQD,20,234,0.9998561663760079,6.027879832894541
2076,algoQD,20,235,0.9998561663760079,5.80249770602677
2077,algoQD,20,235,0.9998561663760079,6.321191258961335
2078,algoQD,20,235,0.9998561663760079,5.089163652039133
2079,algoQD,20,235,0.9998561663760079,6.065749405999668
2080,algoQD,20,235,0.9998561663760079,5.789270634995773
2081,algoQD,20,235,0.9998561663760079,5.983839391032234
2082,algoQD,20,235,0.9998561663760079,5.117823312059045
2083,algoQD,20,235,0.9998561663760079,6.035040613031015
2084,algoQD,20,235,0.9998561663760079,5.981519988970831
2085,algoQD,20,235,0.9998561663760079,6.064570520073175
2086,algoQD,20,235,0.9998561663760079,5.915031273034401
2087,algoQD,20,235,0.9998561663760079,5.9796689508948475
2088,algoQD,20,235,0.9998561663760079,6.121913095004857
2089,algoQD,20,236,0.9998561663760079,5.7416752859717235
2090,algoQD,20,236,0.9998561663760079,5.919368167058565
2091,algoQD,20,236,0.9998561663760079,5.993564956006594
2092,algoQD,20,236,0.9998561663760079,5.9295427720062435
2093,algoQD,20,236,0.9998561663760079,5.821049398975447
2094,algoQD,20,236,0.9998561663760079,5.221174268051982
2095,algoQD,20,236,0.9998561663760079,5.901086784899235
2096,algoQD,20,236,0.9998561663760079,6.139315184089355
2097,algoQD,20,237,0.9998561663760079,5.981795771047473
2098,algoQD,20,237,0.9998561663760079,5.975089409039356
2099,algoQD,20,237,0.9998561663760079,6.087858029059134
2100,algoQD,21,237,0.9998561663760079,5.462971990928054
2101,algoQD,21,237,0.9998561663760079,5.9728868280071765
2102,algoQD,21,237,0.9998561663760079,5.622695137979463
2103,algoQD,21,237,0.9998561663760079,6.039827027008869
2104,algoQD,21,237,0.9998561663760079,5.117760863970034
2105,algoQD,21,237,0.9998561663760079,5.943720428971574
2106,algoQD,21,237,0.9998561663760079,6.183570321998559
2107,algoQD,21,237,0.9998561663760079,5.89210820000153
2108,algoQD,21,237,0.9998561663760079,5.49490077898372
2109,algoQD,21,237,0.9998561663760079,5.336606582044624
2110,algoQD,21,237,0.9998561663760079,6.394584681023844
2111,algoQD,21,237,0.9998561663760079,5.284888522000983
2112,algoQD,21,237,0.9998561663760079,6.138545489986427
2113,algoQD,21,237,0.9998561663760079,5.997135845012963
2114,algoQD,21,237,0.9998561663760079,5.995289284968749
2115,algoQD,21,237,0.9998561663760079,6.123592516989447
2116,algoQD,21,237,0.9998561663760079,4.9504016489954665
2117,algoQD,21,237,0.9998561663760079,5.848742424044758
2118,algoQD,21,237,0.9998561663760079,4.651385122910142
2119,algoQD,21,237,0.9998561663760079,6.149698933935724
2120,algoQD,21,237,0.9998561663760079,5.732094592996873
2121,algoQD,21,237,0.9998561663760079,6.008183427969925
2122,algoQD,21,237,0.9998561663760079,6.0742621320532635
2123,algoQD,21,237,0.9998561663760079,5.2583828419446945
2124,algoQD,21,237,0.9998561663760079,5.229385131038725
2125,algoQD,21,237,0.9998561663760079,6.098662632983178
2126,algoQD,21,237,0.9998561663760079,5.879137902986258
2127,algoQD,21,237,0.9998561663760079,5.25793204002548
2128,algoQD,21,237,0.9998561663760079,5.868380027008243
2129,algoQD,21,237,0.9998561663760079,6.206042821984738
2130,algoQD,21,237,0.9998561663760079,5.995899238041602
2131,algoQD,21,237,0.9998561663760079,5.698157491046004
2132,algoQD,21,237,0.9998561663760079,5.819545818027109
2133,algoQD,21,237,0.9998561663760079,6.143237796030007
2134,algoQD,21,237,0.9998561663760079,5.392578345956281
2135,algoQD,21,237,0.9998561663760079,5.84207262203563
2136,algoQD,21,237,0.9998561663760079,5.733670371002518
2137,algoQD,21,237,0.9998561663760079,5.843268551048823
2138,algoQD,21,237,0.9998561663760079,5.073817285010591
2139,algoQD,21,237,0.9998561663760079,5.222020106040873
2140,algoQD,21,237,0.9998561663760079,5.4258991840761155
2141,algoQD,21,237,0.9998561663760079,5.092893799999729
2142,algoQD,21,237,0.9998561663760079,5.4642582619562745
2143,algoQD,21,237,0.9998561663760079,5.817854412016459
2144,algoQD,21,237,0.9998561663760079,4.969534358941019
2145,algoQD,21,237,0.9998561663760079,6.124959319946356
2146,algoQD,21,237,0.9998561663760079,5.549238117993809
2147,algoQD,21,237,0.9998561663760079,6.006348793045618
2148,algoQD,21,237,0.9998561663760079,5.972420024918392
2149,algoQD,21,237,0.9998561663760079,6.059592212084681
2150,algoQD,21,237,0.9998561663760079,5.014245347934775
2151,algoQD,21,237,0.9998561663760079,6.010569957084954
2152,algoQD,21,237,0.9998561663760079,5.775788601022214
2153,algoQD,21,237,0.9998561663760079,5.902921130065806
2154,algoQD,21,238,0.9998561663760079,5.884023724938743
2155,algoQD,21,238,0.9998561663760079,5.729113240959123
2156,algoQD,21,238,0.9998561663760079,5.968929079012014
2157,algoQD,21,238,0.9998561663760079,6.191937210969627
2158,algoQD,21,238,0.9998561663760079,4.948234413051978
2159,algoQD,21,238,0.9998561663760079,5.144556162063964
2160,algoQD,21,238,0.9998561663760079,5.463524646940641
2161,algoQD,21,238,0.9998561663760079,4.906017236993648
2162,algoQD,21,238,0.9998561663760079,5.782247444032691
2163,algoQD,21,238,0.9998561663760079,5.977891563088633
2164,algoQD,21,238,0.9998561663760079,5.914655882050283
2165,algoQD,21,238,0.9998561663760079,5.804751855088398
2166,algoQD,21,238,0.9998561663760079,6.323382457951084
2167,algoQD,21,238,0.9998561663760079,5.089945739018731
2168,algoQD,21,238,0.9998561663760079,5.112504101009108
2169,algoQD,21,238,0.9998561663760079,6.074212467065081
2170,algoQD,21,238,0.9998561663760079,6.03973090602085
2171,algoQD,21,238,0.9998561663760079,5.447373589035124
2172,algoQD,21,238,0.9998561663760079,5.89985875505954
2173,algoQD,21,238,0.9998561663760079,6.041322402074002
2174,algoQD,21,238,0.9998561663760079,6.572037369012833
2175,algoQD,21,238,0.9998561663760079,5.705585045972839
2176,algoQD,21,238,0.9998561663760079,5.874775190022774
2177,algoQD,21,238,0.9998561663760079,5.968627768917941
2178,algoQD,21,238,0.9998561663760079,5.418982735951431
2179,algoQD,21,238,0.9998561663760079,5.281472066999413
2180,algoQD,21,238,0.9998561663760079,5.148833643994294
2181,algoQD,21,238,0.9998561663760079,5.863233754062094
2182,algoQD,21,238,0.9998561663760079,5.655649875989184
2183,algoQD,21,238,0.9998561663760079,5.3089584819972515
2184,algoQD,21,238,0.9998561663760079,5.8673938940046355
2185,algoQD,21,238,0.9998561663760079,6.111397714004852
2186,algoQD,21,238,0.9998561663760079,6.050690412987024
2187,algoQD,21,238,0.9998561663760079,5.808518611942418
2188,algoQD,21,238,0.9998561663760079,6.140363325015642
2189,algoQD,21,239,0.9998561663760079,5.337181146023795
2190,algoQD,21,239,0.9998561663760079,6.275845689931884
2191,algoQD,21,239,0.9998561663760079,5.722755993949249
2192,algoQD,21,239,0.9998561663760079,5.9423147100023925
2193,algoQD,21,239,0.9998561663760079,5.482785150990821
2194,algoQD,21,239,0.9998561663760079,4.968399011995643
2195,algoQD,21,239,0.9998561663760079,6.204032192006707
2196,algoQD,21,239,0.9998561663760079,5.849187690066174
2197,algoQD,21,239,0.9998561663760079,5.516838454990648
2198,algoQD,21,239,0.9998561663760079,5.070009980932809
2199,algoQD,21,239,0.9998561663760079,4.873414593981579
2200,algoQD,22,239,0.9998561663760079,6.0301761999726295
2201,algoQD,22,239,0.9998561663760079,6.019582464010455
2202,algoQD,22,239,0.9998561663760079,6.0651011189911515
2203,algoQD,22,239,0.9998561663760079,5.926746192970313
2204,algoQD,22,239,0.9998561663760079,5.957952886936255
2205,algoQD,22,239,0.9998561663760079,5.758861433016136
2206,algoQD,22,239,0.9998561663760079,6.139457342098467
2207,algoQD,22,239,0.9998561663760079,5.898757951101288
2208,algoQD,22,239,0.9998561663760079,6.196783556952141
2209,algoQD,22,239,0.9998561663760079,5.409165290067904
2210,algoQD,22,239,0.9998561663760079,5.652023961069062
2211,algoQD,22,239,0.9998561663760079,5.6525679680053145
2212,algoQD,22,240,0.9998561663760079,5.966934177093208
2213,algoQD,22,240,0.9998561663760079,6.078548265970312
2214,algoQD,22,240,0.9998561663760079,5.9298025980824605
2215,algoQD,22,240,0.9998561663760079,5.401437257998623
2216,algoQD,22,240,0.9998561663760079,6.148343111039139
2217,algoQD,22,240,0.9998561663760079,5.624459286918864
2218,algoQD,22,240,0.9998561663760079,5.4612213970394805
2219,algoQD,22,240,0.9998561663760079,5.795026264968328
2220,algoQD,22,240,0.9998561663760079,5.975730156991631
2221,algoQD,22,240,0.9998561663760079,5.60377626796253
2222,algoQD,22,240,0.9998561663760079,5.162403636961244
2223,algoQD,22,240,0.9998561663760079,5.145255745970644
2224,algoQD,22,240,0.9998561663760079,5.7906740420730785
2225,algoQD,22,240,0.9998561663760079,5.723321823985316
2226,algoQD,22,240,0.9998561663760079,6.165173111017793
2227,algoQD,22,240,0.9998561663760079,6.136486518080346
2228,algoQD,22,240,0.9998561663760079,5.76472364005167
2229,algoQD,22,240,0.9998561663760079,5.301004805951379
2230,algoQD,22,240,0.9998561663760079,4.953013813938014
2231,algoQD,22,240,0.9998561663760079,5.758522021933459
2232,algoQD,22,240,0.9998561663760079,5.703738110023551
2233,algoQD,22,240,0.9998561663760079,6.049872906063683
2234,algoQD,22,240,0.9998561663760079,5.105348190991208
2235,algoQD,22,240,0.9998561663760079,5.400279911002144
2236,algoQD,22,240,0.9998561663760079,5.378972250968218
2237,algoQD,22,240,0.9998561663760079,6.2514387149130926
2238,algoQD,22,240,0.9998561663760079,5.716783198993653
2239,algoQD,22,240,0.9998561663760079,6.111476773978211
2240,algoQD,22,241,0.9998561663760079,5.929460673010908
2241,algoQD,22,241,0.9998561663760079,5.786758482921869
2242,algoQD,22,241,0.9998561663760079,6.024396140011959
2243,algoQD,22,241,0.9998561663760079,6.120073275989853
2244,algoQD,22,241,0.9998561663760079,5.97112727095373
2245,algoQD,22,242,0.9998561663760079,5.7891577270347625
2246,algoQD,22,242,0.9998561663760079,6.056751622003503
2247,algoQD,22,242,0.9998561663760079,6.038628353038803
2248,algoQD,22,242,0.9998561663760079,6.180583216017112
2249,algoQD,22,242,0.9998561663760079,5.855392565019429
2250,algoQD,22,242,0.9998561663760079,5.435955940047279
2251,algoQD,22,242,0.9998561663760079,5.163197926012799
2252,algoQD,22,242,0.9998561663760079,5.877110981033184
2253,algoQD,22,242,0.9998561663760079,5.612930213101208
2254,algoQD,22,242,0.9998561663760079,5.993605752009898
2255,algoQD,22,242,0.9998561663760079,5.196728880982846
2256,algoQD,22,242,0.9998561663760079,5.341493065934628
2257,algoQD,22,242,0.9998561663760079,5.941208690986969
2258,algoQD,22,242,0.9998561663760079,5.116199214011431
2259,algoQD,22,242,0.9998561663760079,5.671740023070015
2260,algoQD,22,242,0.9998561663760079,5.435539923957549
2261,algoQD,22,242,0.9998561663760079,5.283119902946055
2262,algoQD,22,242,0.9998561663760079,5.781655090977438
2263,algoQD,22,242,0.9998561663760079,5.951458826079033
2264,algoQD,22,242,0.9998561663760079,5.870352861005813
2265,algoQD,22,242,0.9998561663760079,5.096853471011855
2266,algoQD,22,242,0.9998561663760079,5.645318860071711
2267,algoQD,22,242,0.9998561663760079,5.967809880967252
2268,algoQD,22,242,0.9998561663760079,6.372469287016429
2269,algoQD,22,242,0.9998561663760079,6.197729644016363
2270,algoQD,22,242,0.9998561663760079,6.066499831038527
2271,algoQD,22,242,0.9998561663760079,6.446297241025604
2272,algoQD,22,242,0.9998561663760079,5.037126290029846
2273,algoQD,22,242,0.9998561663760079,5.862884450005367
2274,algoQD,22,243,0.9998561663760079,5.859827384003438
2275,algoQD,22,243,0.9998561663760079,5.838873974047601
2276,algoQD,22,243,0.9998561663760079,5.775854330975562
2277,algoQD,22,244,0.9998561663760079,5.859296089969575
2278,algoQD,22,244,0.9998561663760079,6.0090153069468215
2279,algoQD,22,244,0.9998561663760079,5.9217483720276505
2280,algoQD,22,244,0.9998561663760079,5.7946129239862785
2281,algoQD,22,244,0.9998561663760079,6.119891933049075
2282,algoQD,22,244,0.9998561663760079,5.917879350949079
2283,algoQD,22,244,0.9998561663760079,5.269675269024447
2284,algoQD,22,244,0.9998561663760079,5.876163351000287
2285,algoQD,22,244,0.9998561663760079,5.307324026012793
2286,algoQD,22,244,0.9998561663760079,5.544896326027811
2287,algoQD,22,244,0.9998561663760079,5.6662411709548905
2288,algoQD,22,244,0.9998561663760079,6.114179290016182
2289,algoQD,22,244,0.9998561663760079,6.1014362330315635
2290,algoQD,22,245,0.9998561663760079,6.003746101050638
2291,algoQD,22,245,0.9998561663760079,5.792542162002064
2292,algoQD,22,245,0.9998561663760079,5.963487374945544
2293,algoQD,22,245,0.9998561663760079,5.8529574640560895
2294,algoQD,22,245,0.9998561663760079,5.337058086064644
2295,algoQD,22,245,0.9998561663760079,5.977053617010824
2296,algoQD,22,245,0.9998561663760079,5.9006963360589
2297,algoQD,22,246,0.9998561663760079,5.855275543988682
2298,algoQD,22,246,0.9998561663760079,5.409821137902327
2299,algoQD,22,246,0.9998561663760079,5.198991476092488
2300,algoQD,23,246,0.9998561663760079,6.172015518066473
2301,algoQD,23,246,0.9998561663760079,5.628008653991856
2302,algoQD,23,246,0.9998561663760079,5.618884194060229
2303,algoQD,23,246,0.9998561663760079,6.09061327308882
2304,algoQD,23,246,0.9998561663760079,6.213047988014296
2305,algoQD,23,246,0.9998561663760079,5.9466019799001515
2306,algoQD,23,246,0.9998561663760079,5.36084302701056
2307,algoQD,23,246,0.9998561663760079,5.980333816027269
2308,algoQD,23,246,0.9998561663760079,5.581632409011945
2309,algoQD,23,246,0.9998561663760079,6.288668459048495
2310,algoQD,23,246,0.9998561663760079,5.448293119086884
2311,algoQD,23,246,0.9998561663760079,5.786866988986731
2312,algoQD,23,246,0.9998561663760079,5.3735592239536345
2313,algoQD,23,246,0.9998561663760079,5.932563874986954
2314,algoQD,23,246,0.9998561663760079,4.936301334993914
2315,algoQD,23,246,0.9998561663760079,5.329226218978874
2316,algoQD,23,246,0.9998561663760079,6.096421336987987
2317,algoQD,23,246,0.9998561663760079,5.547792739933357
2318,algoQD,23,246,0.9998561663760079,5.975371929933317
2319,algoQD,23,246,0.9998561663760079,6.036883753957227
2320,algoQD,23,246,0.9998561663760079,6.020755648962222
2321,algoQD,23,247,0.9998561663760079,5.779817721922882
2322,algoQD,23,247,0.9998561663760079,5.93175158102531
2323,algoQD,23,247,0.9998561663760079,5.372325883014128
2324,algoQD,23,247,0.9998561663760079,5.445519978995435
2325,algoQD,23,247,0.9998561663760079,6.046595531981438
2326,algoQD,23,247,0.9998561663760079,5.919238189002499
2327,algoQD,23,247,0.9998561663760079,6.073157451930456
2328,algoQD,23,247,0.9998561663760079,5.756036497070454
2329,algoQD,23,247,0.9998561663760079,5.984293997986242
2330,algoQD,23,247,0.9998561663760079,6.022014289046638
2331,algoQD,23,247,0.9998561663760079,6.261641493067145
2332,algoQD,23,247,0.9998561663760079,5.709489417029545
2333,algoQD,23,247,0.9998561663760079,5.175037326058373
2334,algoQD,23,247,0.9998561663760079,5.466841458110139
2335,algoQD,23,247,0.9998561663760079,5.658585628960282
2336,algoQD,23,247,0.9998561663760079,5.7186104219872504
2337,algoQD,23,247,0.9998561663760079,6.096328692045063
2338,algoQD,23,247,0.9998561663760079,6.4001608999678865
2339,algoQD,23,247,0.9998561663760079,5.874514173949137
2340,algoQD,23,247,0.9998561663760079,5.913121260935441
2341,algoQD,23,247,0.9998561663760079,5.983519112924114
2342,algoQD,23,247,0.9998561663760079,5.750201340997592
2343,algoQD,23,247,0.9998561663760079,6.034252472105436
2344,algoQD,23,247,0.9998561663760079,5.499989507952705
2345,algoQD,23,247,0.9998561663760079,5.994332825066522
2346,algoQD,23,247,0.9998561663760079,6.325048797996715
2347,algoQD,23,247,0.9998561663760079,6.085321445949376
2348,algoQD,23,247,0.9998561663760079,5.864186981925741
2349,algoQD,23,247,0.9998561663760079,5.909525957889855
2350,algoQD,23,247,0.9998561663760079,5.43397237197496
2351,algoQD,23,247,0.9998561663760079,6.1675611230311915
2352,algoQD,23,247,0.9998561663760079,6.227374766021967
2353,algoQD,23,247,0.9998561663760079,6.403345023980364
2354,algoQD,23,247,0.9998561663760079,6.129677403019741
2355,algoQD,23,248,0.9998561663760079,6.020046981982887
2356,algoQD,23,248,0.9998561663760079,5.844185860012658
2357,algoQD,23,248,0.9998561663760079,6.108416531002149
2358,algoQD,23,248,0.9998561663760079,5.995651809964329
2359,algoQD,23,248,0.9998561663760079,5.662489582900889
2360,algoQD,23,248,0.9998561663760079,5.063685089931823
2361,algoQD,23,248,0.9998561663760079,5.759041283978149
2362,algoQD,23,248,0.9998561663760079,5.592867485946044
2363,algoQD,23,248,0.9998561663760079,6.410307420999743
2364,algoQD,23,248,0.9998561663760079,6.157137808040716
2365,algoQD,23,248,0.9998561663760079,5.1414716659346595
2366,algoQD,23,248,0.9998561663760079,5.918865192914382
2367,algoQD,23,248,0.9998561663760079,5.339561377069913
2368,algoQD,23,248,0.9998561663760079,5.4204429279780015
2369,algoQD,23,248,0.9998561663760079,6.106172597967088
2370,algoQD,23,248,0.9998561663760079,5.494911503978074
2371,algoQD,23,248,0.9998561663760079,5.992563506937586
2372,algoQD,23,248,0.9998561663760079,5.917189282015897
2373,algoQD,23,248,0.9998561663760079,6.063159234006889
2374,algoQD,23,248,0.9998561663760079,5.249040164984763
2375,algoQD,23,248,0.9998561663760079,5.373133531073108
2376,algoQD,23,248,0.9998561663760079,5.886322733014822
2377,algoQD,23,248,0.9998561663760079,5.905944096040912
2378,algoQD,23,248,0.9998561663760079,5.924951488967054
2379,algoQD,23,248,0.9998561663760079,5.8422626530518755
2380,algoQD,23,248,0.9998561663760079,6.031827625003643
2381,algoQD,23,248,0.9998561663760079,6.098236760939471
2382,algoQD,23,249,0.9998561663760079,5.919373921002261
2383,algoQD,23,249,0.9998561663760079,5.709388115908951
2384,algoQD,23,249,0.9998561663760079,5.974530776031315
2385,algoQD,23,249,0.9998561663760079,5.800897998036817
2386,algoQD,23,249,0.9998561663760079,5.8422554400749505
2387,algoQD,23,249,0.9998561663760079,5.890834707999602
2388,algoQD,23,249,0.9998561663760079,5.542407214059494
2389,algoQD,23,249,0.9998561663760079,5.775033266982064
2390,algoQD,23,249,0.9998561663760079,5.907726141973399
2391,algoQD,23,249,0.9998561663760079,5.968161580967717
2392,algoQD,23,249,0.9998561663760079,6.008866630028933
2393,algoQD,23,250,0.9998561663760079,6.037564372993074
2394,algoQD,23,250,0.9998561663760079,5.940699603059329
2395,algoQD,23,250,0.9998561663760079,5.490243055042811
2396,algoQD,23,250,0.9998561663760079,5.338580386014655
2397,algoQD,23,250,0.9998561663760079,5.022500501014292
2398,algoQD,23,250,0.9998561663760079,5.607577690039761
2399,algoQD,23,250,0.9998561663760079,5.911921407910995
2400,algoQD,24,250,0.9998638476762507,5.6794665299821645
2401,algoQD,24,250,0.9998638476762507,6.286889147944748
2402,algoQD,24,250,0.9998638476762507,6.056841256911866
2403,algoQD,24,250,0.9998638476762507,5.590913343941793
2404,algoQD,24,250,0.9998638476762507,5.7321237430442125
2405,algoQD,24,250,0.9998638476762507,5.462755377055146
2406,algoQD,24,250,0.9998638476762507,6.133088801987469
2407,algoQD,24,250,0.9998638476762507,6.104876687983051
2408,algoQD,24,250,0.9998638476762507,5.5662604429526255
2409,algoQD,24,250,0.9998638476762507,5.8025227159960195
2410,algoQD,24,250,0.9998638476762507,6.114763577003032
2411,algoQD,24,250,0.9998638476762507,6.126203172025271
2412,algoQD,24,250,0.9998638476762507,6.065615104045719
2413,algoQD,24,250,0.9998638476762507,6.133431088062935
2414,algoQD,24,250,0.9998638476762507,5.958243992063217
2415,algoQD,24,250,0.9998638476762507,6.125783529016189
2416,algoQD,24,250,0.9998638476762507,5.7981438329443336
2417,algoQD,24,250,0.9998638476762507,6.2537889670347795
2418,algoQD,24,250,0.9998638476762507,5.95605393499136
2419,algoQD,24,250,0.9998638476762507,4.900655895937234
2420,algoQD,24,251,0.9998638476762507,5.938722227001563
2421,algoQD,24,251,0.9998638476762507,5.900870499084704
2422,algoQD,24,251,0.9998638476762507,6.295122904004529
2423,algoQD,24,251,0.9998638476762507,6.066110830986872
2424,algoQD,24,251,0.9998638476762507,5.604789141914807
2425,algoQD,24,251,0.9998638476762507,5.924033083952963
2426,algoQD,24,251,0.9998638476762507,5.505280566052534
2427,algoQD,24,251,0.9998638476762507,5.486543582985178
2428,algoQD,24,251,0.9998638476762507,5.429472130956128
2429,algoQD,24,251,0.9998638476762507,5.096437070984393
2430,algoQD,24,251,0.9998638476762507,5.862659251084551
2431,algoQD,24,251,0.9998638476762507,5.478502309997566
2432,algoQD,24,251,0.9998638476762507,5.926439701928757
2433,algoQD,24,251,0.9998638476762507,5.921804322046228
2434,algoQD,24,251,0.9998638476762507,5.755268082022667
2435,algoQD,24,251,0.9998638476762507,5.928767718956806
2436,algoQD,24,251,0.9998638476762507,5.620018115034327
2437,algoQD,24,251,0.9998638476762507,6.342610019957647
2438,algoQD,24,252,0.9998638476762507,5.9791224610526115
2439,algoQD,24,252,0.9998638476762507,5.768613848020323
2440,algoQD,24,252,0.9998638476762507,6.029821945936419
2441,algoQD,24,252,0.9998638476762507,6.007386113982648
2442,algoQD,24,252,0.9998638476762507,6.285125816008076
2443,algoQD,24,252,0.9998638476762507,6.068498602020554
2444,algoQD,24,252,0.9998638476762507,5.350547277950682
2445,algoQD,24,252,0.9998638476762507,6.429543945938349
2446,algoQD,24,252,0.9998638476762507,5.871422498952597
2447,algoQD,24,252,0.9998638476762507,5.695498862070963
2448,algoQD,24,252,0.9998638476762507,6.38527691597119
2449,algoQD,24,252,0.9998638476762507,6.153270434006117
2450,algoQD,24,252,0.9998638476762507,5.834595325984992
2451,algoQD,24,252,0.9998638476762507,5.5289803149644285
2452,algoQD,24,252,0.9998638476762507,5.9879462430253625
2453,algoQD,24,252,0.9998638476762507,5.508567536016926
2454,algoQD,24,252,0.9998638476762507,5.238630597945303
2455,algoQD,24,252,0.9998638476762507,6.0721524769905955
2456,algoQD,24,252,0.9998638476762507,5.916696530999616
2457,algoQD,24,252,0.9998638476762507,5.377209504018538
2458,algoQD,24,252,0.9998638476762507,5.669999412028119
2459,algoQD,24,252,0.9998638476762507,6.077555174008012
2460,algoQD,24,252,0.9998638476762507,5.7735952800139785
2461,algoQD,24,252,0.9998638476762507,6.124624890042469
2462,algoQD,24,252,0.9998638476762507,6.174766297917813
2463,algoQD,24,252,0.9998638476762507,6.009908690000884
2464,algoQD,24,252,0.9998638476762507,5.011192556004971
2465,algoQD,24,252,0.9998638476762507,6.211639798944816
2466,algoQD,24,252,0.9998638476762507,6.167046332033351
2467,algoQD,24,252,0.9998638476762507,5.790131355053745
2468,algoQD,24,253,0.9998638476762507,6.087585335946642
2469,algoQD,24,253,0.9998638476762507,6.311545485048555
2470,algoQD,24,253,0.9998638476762507,5.96900993399322
2471,algoQD,24,253,0.9998638476762507,5.988154385937378
2472,algoQD,24,253,0.9998638476762507,6.335654588066973
2473,algoQD,24,253,0.9998638476762507,6.155344831990078
2474,algoQD,24,253,0.9998638476762507,5.480976896011271
2475,algoQD,24,253,0.9998638476762507,5.958202093956061
2476,algoQD,24,253,0.9998638476762507,5.970452500041574
2477,algoQD,24,253,0.9998638476762507,5.777310510980897
2478,algoQD,24,253,0.9998638476762507,6.06002705602441
2479,algoQD,24,253,0.9998638476762507,5.261590488022193
2480,algoQD,24,253,0.9998638476762507,5.582680188002996
2481,algoQD,24,254,0.9998638476762507,5.865643420023844
2482,algoQD,24,254,0.9998638476762507,4.7884431150741875
2483,algoQD,24,255,0.9998638476762507,5.682928609894589
2484,algoQD,24,255,0.9998638476762507,5.73416480794549
2485,algoQD,24,255,0.9998638476762507,6.120284919976257
2486,algoQD,24,255,0.9998638476762507,5.937280543032102
2487,algoQD,24,255,0.9998638476762507,5.873522566980682
2488,algoQD,24,255,0.9998638476762507,6.219862384954467
2489,algoQD,24,255,0.9998638476762507,6.2932482429314405
2490,algoQD,24,255,0.9998638476762507,6.228576248977333
2491,algoQD,24,255,0.9998638476762507,5.274061570991762
2492,algoQD,24,255,0.9998638476762507,5.985829204088077
2493,algoQD,24,255,0.9998638476762507,6.301133653963916
2494,algoQD,24,255,0.9998638476762507,5.312545112916268
2495,algoQD,24,255,0.9998638476762507,5.440345975104719
2496,algoQD,24,255,0.9998638476762507,6.275660712970421
2497,algoQD,24,255,0.9998638476762507,5.583247539005242
2498,algoQD,24,255,0.9998638476762507,6.085123814060353
2499,algoQD,24,255,0.9998638476762507,5.3218824960058555
2500,algoQD,25,255,0.9998638476762507,5.80895426904317
2501,algoQD,25,255,0.9998638476762507,6.2213537929346785
2502,algoQD,25,255,0.9998638476762507,6.421541264979169
2503,algoQD,25,255,0.9998638476762507,5.7436971589922905
2504,algoQD,25,255,0.9998638476762507,6.184924702974968
2505,algoQD,25,255,0.9998638476762507,5.73048002703581
2506,algoQD,25,255,0.9998638476762507,6.195802364032716
2507,algoQD,25,255,0.9998638476762507,6.0696064149960876
2508,algoQD,25,255,0.9998638476762507,5.9636031578993425
2509,algoQD,25,255,0.9998638476762507,6.2367357959738
2510,algoQD,25,255,0.9998638476762507,5.523377918987535
2511,algoQD,25,255,0.9998638476762507,5.511594093986787
2512,algoQD,25,255,0.9998638476762507,5.579974265070632
2513,algoQD,25,255,0.9998638476762507,5.963910348946229
2514,algoQD,25,255,0.9998638476762507,6.089304783963598
2515,algoQD,25,255,0.9998638476762507,5.741772532928735
2516,algoQD,25,255,0.9998638476762507,5.693791175028309
2517,algoQD,25,255,0.9998638476762507,6.036401477060281
2518,algoQD,25,255,0.9998638476762507,5.599655190017074
2519,algoQD,25,255,0.9998638476762507,6.07195510296151
2520,algoQD,25,254,0.9998638476762507,5.854165291995741
2521,algoQD,25,254,0.9998638476762507,5.951186969061382
2522,algoQD,25,254,0.9998638476762507,5.945446172030643
2523,algoQD,25,254,0.9998638476762507,5.1660514218965545
2524,algoQD,25,254,0.9998638476762507,6.552852819906548
2525,algoQD,25,254,0.9998638476762507,5.647984826005995
2526,algoQD,25,254,0.9998638476762507,5.8253805849235505
2527,algoQD,25,254,0.9998638476762507,5.5726337359519675
2528,algoQD,25,254,0.9998638476762507,5.712597128003836
2529,algoQD,25,254,0.9998638476762507,5.406989802024327
2530,algoQD,25,254,0.9998638476762507,5.715362733928487
2531,algoQD,25,254,0.9998638476762507,5.90621112997178
2532,algoQD,25,254,0.9998638476762507,5.003970740945078
2533,algoQD,25,254,0.9998638476762507,5.380075467983261
2534,algoQD,25,254,0.9998638476762507,5.408533728914335
2535,algoQD,25,254,0.9998638476762507,5.640939204022288
2536,algoQD,25,254,0.9998638476762507,5.839713386027142
2537,algoQD,25,254,0.9998638476762507,5.018741940031759
2538,algoQD,25,254,0.9998638476762507,5.781129574985243
2539,algoQD,25,254,0.9998638476762507,5.52136530703865
2540,algoQD,25,254,0.9998638476762507,4.852860347018577
2541,algoQD,25,254,0.9998638476762507,4.9714920240221545
2542,algoQD,25,254,0.9998638476762507,5.701231924002059
2543,algoQD,25,254,0.9998638476762507,5.663173214998096
2544,algoQD,25,254,0.9998638476762507,5.686464230995625
2545,algoQD,25,254,0.9998638476762507,5.818723857984878
2546,algoQD,25,254,0.9998638476762507,5.049176363972947
2547,algoQD,25,254,0.9998638476762507,5.242950489046052
2548,algoQD,25,254,0.9998638476762507,5.0226791189052165
2549,algoQD,25,254,0.9998638476762507,5.4105024269083515
2550,algoQD,25,254,0.9998638476762507,5.566320828045718
2551,algoQD,25,254,0.9998638476762507,4.844387447927147
2552,algoQD,25,254,0.9998638476762507,5.7418477850733325
2553,algoQD,25,254,0.9998638476762507,5.8247358170337975
2554,algoQD,25,254,0.9998638476762507,5.254566945950501
2555,algoQD,25,254,0.9998638476762507,5.671821042895317
2556,algoQD,25,254,0.9998638476762507,5.722784037003294
2557,algoQD,25,254,0.9998638476762507,5.631117457058281
2558,algoQD,25,254,0.9998638476762507,6.215253776987083
2559,algoQD,25,254,0.9998638476762507,6.023430499015376
2560,algoQD,25,254,0.9998638476762507,6.090390146011487
2561,algoQD,25,254,0.9998638476762507,6.293189550982788
2562,algoQD,25,254,0.9998638476762507,6.2266651089303195
2563,algoQD,25,254,0.9998638476762507,5.8384634249378
2564,algoQD,25,254,0.9998638476762507,5.885574868996628
2565,algoQD,25,254,0.9998638476762507,6.117899582022801
2566,algoQD,25,254,0.9998638476762507,5.506769147934392
2567,algoQD,25,254,0.9998638476762507,5.515213613049127
2568,algoQD,25,254,0.9998638476762507,6.098114741966128
2569,algoQD,25,254,0.9998638476762507,5.060791420983151
2570,algoQD,25,254,0.9998638476762507,5.88825157599058
2571,algoQD,25,254,0.9998638476762507,6.040682465070859
2572,algoQD,25,254,0.9998638476762507,5.0462535918923095
2573,algoQD,25,254,0.9998638476762507,5.318142749951221
2574,algoQD,25,254,0.9998638476762507,5.550033855019137
2575,algoQD,25,254,0.9998638476762507,5.264919677982107
2576,algoQD,25,254,0.9998638476762507,5.219152644043788
2577,algoQD,25,254,0.9998638476762507,5.766158508951776
2578,algoQD,25,254,0.9998638476762507,6.345432110945694
2579,algoQD,25,254,0.9998638476762507,6.227973269065842
2580,algoQD,25,254,0.9998638476762507,6.013042250997387
2581,algoQD,25,255,0.9998638476762507,5.858464916003868
2582,algoQD,25,255,0.9998638476762507,6.2797914480324835
2583,algoQD,25,255,0.9998638476762507,5.176198172965087
2584,algoQD,25,255,0.9998638476762507,6.211022854084149
2585,algoQD,25,255,0.9998638476762507,6.0767974820919335
2586,algoQD,25,255,0.9998638476762507,5.905537037062459
2587,algoQD,25,255,0.9998638476762507,5.805616872967221
2588,algoQD,25,255,0.9998638476762507,5.48479999799747
2589,algoQD,25,255,0.9998638476762507,6.323190315975808
2590,algoQD,25,255,0.9998638476762507,5.715206526918337
2591,algoQD,25,255,0.9998638476762507,5.878052584943362
2592,algoQD,25,255,0.9998638476762507,6.083182936999947
2593,algoQD,25,255,0.9998638476762507,6.2908568939892575
2594,algoQD,25,255,0.9998638476762507,6.07967570098117
2595,algoQD,25,255,0.9998638476762507,5.569812414003536
2596,algoQD,25,255,0.9998638476762507,6.206040799967013
2597,algoQD,25,255,0.9998638476762507,5.9899396990658715
2598,algoQD,25,255,0.9998638476762507,6.199159117997624
2599,algoQD,25,255,0.9998638476762507,6.129882904002443
2600,algoQD,26,255,0.9998638476762507,5.69436515099369
2601,algoQD,26,255,0.9998638476762507,5.892206909949891
2602,algoQD,26,255,0.9998638476762507,5.437660851981491
2603,algoQD,26,255,0.9998638476762507,5.883574419072829
2604,algoQD,26,255,0.9998638476762507,6.120441335020587
2605,algoQD,26,255,0.9998638476762507,6.000811702106148
2606,algoQD,26,255,0.9998638476762507,5.465789470006712
2607,algoQD,26,255,0.9998638476762507,6.048745248932391
2608,algoQD,26,255,0.9998638476762507,5.923608640907332
2609,algoQD,26,255,0.9999182008206844,5.851701647974551
2610,algoQD,26,255,0.9999182008206844,6.180541088921018
2611,algoQD,26,255,0.9999182008206844,6.003154948935844
2612,algoQD,26,255,0.9999182008206844,6.29673907905817
2613,algoQD,26,255,0.9999182008206844,6.067062809015624
2614,algoQD,26,255,0.9999182008206844,5.947704860009253
2615,algoQD,26,255,0.9999182008206844,6.14982308994513
2616,algoQD,26,255,0.9999182008206844,5.116637418046594
2617,algoQD,26,255,0.9999182008206844,6.152111234958284
2618,algoQD,26,255,0.9999182008206844,5.835511327022687
2619,algoQD,26,255,0.9999182008206844,5.724382485030219
2620,algoQD,26,255,0.9999182008206844,5.915869558928534
2621,algoQD,26,255,0.9999182008206844,6.387627937016077
2622,algoQD,26,255,0.9999182008206844,5.961385148926638
2623,algoQD,26,255,0.9999182008206844,6.208819290972315
2624,algoQD,26,255,0.9999182008206844,5.259246269008145
2625,algoQD,26,255,0.9999182008206844,5.7849074229598045
2626,algoQD,26,255,0.9999182008206844,6.3672398960916325
2627,algoQD,26,255,0.9999182008206844,5.87790056806989
2628,algoQD,26,255,0.9999182008206844,5.948996671009809
2629,algoQD,26,255,0.9999182008206844,5.255437753046863
2630,algoQD,26,255,0.9999182008206844,6.017232657992281
2631,algoQD,26,255,0.9999182008206844,5.036786362994462
2632,algoQD,26,255,0.9999182008206844,5.741450845031068
2633,algoQD,26,255,0.9999182008206844,5.8634884470375255
2634,algoQD,26,255,0.9999182008206844,6.1509130790364
2635,algoQD,26,255,0.9999182008206844,6.0198453849880025
2636,algoQD,26,255,0.9999182008206844,6.171621346031316
2637,algoQD,26,255,0.9999182008206844,5.97920384502504
2638,algoQD,26,255,0.9999182008206844,6.241094641038217
2639,algoQD,26,255,0.9999182008206844,6.114403576939367
2640,algoQD,26,255,0.9999182008206844,6.233506434946321
2641,algoQD,26,255,0.9999182008206844,5.126060783979483
2642,algoQD,26,255,0.9999182008206844,6.142230472993106
2643,algoQD,26,255,0.9999182008206844,4.963701455038972
2644,algoQD,26,255,0.9999182008206844,5.967577867908403
2645,algoQD,26,255,0.9999182008206844,5.593221042887308
2646,algoQD,26,256,0.9999182008206844,5.9688634279882535
2647,algoQD,26,256,0.9999182008206844,5.696528277010657
2648,algoQD,26,256,0.9999182008206844,6.20915377093479
2649,algoQD,26,256,0.9999182008206844,6.012945126974955
2650,algoQD,26,256,0.9999182008206844,5.376194806070998
2651,algoQD,26,256,0.9999182008206844,5.435790858929977
2652,algoQD,26,256,0.9999182008206844,5.827243415056728
2653,algoQD,26,256,0.9999182008206844,6.246679745032452
2654,algoQD,26,256,0.9999182008206844,6.036032008007169
2655,algoQD,26,256,0.9999182008206844,6.0136275459080935
2656,algoQD,26,256,0.9999182008206844,5.076248556026258
2657,algoQD,26,256,0.9999182008206844,6.475633188034408
2658,algoQD,26,256,0.9999182008206844,5.82499781192746
2659,algoQD,26,256,0.9999182008206844,5.630924161057919
2660,algoQD,26,256,0.9999182008206844,5.835105019039474
2661,algoQD,26,256,0.9999182008206844,6.276058763964102
2662,algoQD,26,256,0.9999182008206844,5.926315236021765
2663,algoQD,26,256,0.9999182008206844,6.056837329058908
2664,algoQD,26,256,0.9999182008206844,6.049116950947791
2665,algoQD,26,256,0.9999182008206844,6.075023000012152
2666,algoQD,26,256,0.9999182008206844,5.891631953069009
2667,algoQD,26,256,0.9999182008206844,6.183252633083612
2668,algoQD,26,256,0.9999182008206844,6.050390967982821
2669,algoQD,26,256,0.9999182008206844,5.340335250948556
2670,algoQD,26,256,0.9999182008206844,5.927719337050803
2671,algoQD,26,256,0.9999182008206844,6.146795489010401
2672,algoQD,26,256,0.9999182008206844,5.512456825003028
2673,algoQD,26,256,0.9999182008206844,6.194506146945059
2674,algoQD,26,256,0.9999182008206844,5.896772377076559
2675,algoQD,26,256,0.9999182008206844,6.076553010963835
2676,algoQD,26,256,0.9999182008206844,5.40536933997646
2677,algoQD,26,256,0.9999182008206844,6.024736496969126
2678,algoQD,26,256,0.9999182008206844,5.902516279020347
2679,algoQD,26,256,0.9999182008206844,6.212010960094631
2680,algoQD,26,256,0.9999182008206844,5.541416703024879
2681,algoQD,26,256,0.9999182008206844,5.984948038007133
2682,algoQD,26,256,0.9999182008206844,6.177078787004575
2683,algoQD,26,256,0.9999182008206844,6.062831293907948
2684,algoQD,26,256,0.9999182008206844,5.589903665008023
2685,algoQD,26,256,0.9999182008206844,5.740148794022389
2686,algoQD,26,256,0.9999182008206844,5.886900002951734
2687,algoQD,26,256,0.9999182008206844,5.811472074943595
2688,algoQD,26,256,0.9999182008206844,6.168176888953894
2689,algoQD,26,256,0.9999182008206844,5.771515849977732
2690,algoQD,26,256,0.9999182008206844,5.900694526964799
2691,algoQD,26,256,0.9999182008206844,5.178322367020883
2692,algoQD,26,256,0.9999182008206844,5.876692185993306
2693,algoQD,26,257,0.9999182008206844,5.78140988596715
2694,algoQD,26,257,0.9999182008206844,5.31646115204785
2695,algoQD,26,257,0.9999182008206844,6.070740237017162
2696,algoQD,26,257,0.9999182008206844,5.734796733013354
2697,algoQD,26,257,0.9999182008206844,6.005954688997008
2698,algoQD,26,257,0.9999182008206844,5.592244419036433
2699,algoQD,26,257,0.9999182008206844,5.852443890064023
2700,algoQD,27,258,0.9999182008206844,5.9685622189426795
2701,algoQD,27,258,0.9999182008206844,6.528337950003333
2702,algoQD,27,258,0.9999182008206844,5.893725389963947
2703,algoQD,27,258,0.9999182008206844,5.899457158986479
2704,algoQD,27,258,0.9999182008206844,6.020954570034519
2705,algoQD,27,258,0.9999182008206844,6.16500878194347
2706,algoQD,27,258,0.9999182008206844,5.483213010011241
2707,algoQD,27,258,0.9999182008206844,6.2670434809988365
2708,algoQD,27,258,0.9999182008206844,5.126309873070568
2709,algoQD,27,258,0.9999182008206844,6.306081891991198
2710,algoQD,27,258,0.9999182008206844,6.151540726074018
2711,algoQD,27,258,0.9999182008206844,5.963074840023182
2712,algoQD,27,258,0.9999182008206844,5.201623804983683
2713,algoQD,27,258,0.9999182008206844,5.8067970930133015
2714,algoQD,27,258,0.9999182008206844,5.91469622310251
2715,algoQD,27,258,0.9999182008206844,6.018817502073944
2716,algoQD,27,258,0.9999182008206844,6.246726091951132
2717,algoQD,27,258,0.9999182008206844,5.380879487958737
2718,algoQD,27,258,0.9999182008206844,6.061193860019557
2719,algoQD,27,258,0.9999182008206844,6.032857251004316
2720,algoQD,27,258,0.9999182008206844,5.803621854051016
2721,algoQD,27,258,0.9999182008206844,5.544897088082507
2722,algoQD,27,258,0.9999182008206844,5.874769211979583
2723,algoQD,27,258,0.9999182008206844,5.292799145099707
2724,algoQD,27,258,0.9999182008206844,5.531684493995272
2725,algoQD,27,258,0.9999182008206844,5.91977783292532
2726,algoQD,27,258,0.9999182008206844,6.195970032014884
2727,algoQD,27,258,0.9999182008206844,5.967619273927994
2728,algoQD,27,258,0.9999182008206844,6.132612507906742
2729,algoQD,27,258,0.9999182008206844,5.856510912999511
2730,algoQD,27,258,0.9999182008206844,6.2589948599925265
2731,algoQD,27,258,0.9999182008206844,6.103275157976896
2732,algoQD,27,258,0.9999182008206844,6.193984376965091
2733,algoQD,27,258,0.9999182008206844,6.125941916019656
2734,algoQD,27,258,0.9999182008206844,6.2391693809768185
2735,algoQD,27,258,0.9999182008206844,6.008016563020647
2736,algoQD,27,258,0.9999182008206844,6.068388722022064
2737,algoQD,27,258,0.9999182008206844,6.108867084025405
2738,algoQD,27,258,0.9999182008206844,6.200818759971298
2739,algoQD,27,258,0.9999182008206844,5.46450056694448
2740,algoQD,27,258,0.9999182008206844,5.960588952060789
2741,algoQD,27,258,0.9999182008206844,6.164974573999643
2742,algoQD,27,258,0.9999182008206844,6.186467223102227
2743,algoQD,27,258,0.9999182008206844,6.120973868994042
2744,algoQD,27,258,0.9999182008206844,5.540328789036721
2745,algoQD,27,258,0.9999182008206844,4.738595398957841
2746,algoQD,27,258,0.9999182008206844,5.275631151045673
2747,algoQD,27,258,0.9999182008206844,6.116622186033055
2748,algoQD,27,258,0.9999182008206844,6.292214895947836
2749,algoQD,27,258,0.9999182008206844,5.693622448015958
2750,algoQD,27,258,0.9999182008206844,5.956484336988069
2751,algoQD,27,258,0.9999182008206844,5.491141735110432
2752,algoQD,27,258,0.9999182008206844,6.054104683920741
2753,algoQD,27,258,0.9999182008206844,6.523243219009601
2754,algoQD,27,258,0.9999182008206844,6.122157684992999
2755,algoQD,27,258,0.9999182008206844,5.855744575033896
2756,algoQD,27,258,0.9999182008206844,5.761813499033451
2757,algoQD,27,258,0.9999182008206844,5.764818597002886
2758,algoQD,27,258,0.9999182008206844,5.832514725974761
2759,algoQD,27,258,0.9999182008206844,5.9071760319639
2760,algoQD,27,258,0.9999182008206844,5.430157669004984
2761,algoQD,27,258,0.9999182008206844,5.450196341960691
2762,algoQD,27,258,0.9999182008206844,5.774716038024053
2763,algoQD,27,258,0.9999182008206844,5.966815736028366
2764,algoQD,27,258,0.9999182008206844,6.088461117935367
2765,algoQD,27,258,0.9999182008206844,5.5690650349715725
2766,algoQD,27,258,0.9999182008206844,5.431760898092762
2767,algoQD,27,258,0.9999182008206844,6.144782774033956
2768,algoQD,27,259,0.9999182008206844,6.0223438940010965
2769,algoQD,27,259,0.9999182008206844,6.3161564419278875
2770,algoQD,27,259,0.9999182008206844,5.762813539011404
2771,algoQD,27,259,0.9999182008206844,6.411768323974684
2772,algoQD,27,259,0.9999182008206844,6.220798089983873
2773,algoQD,27,259,0.9999182008206844,5.532170724938624
2774,algoQD,27,259,0.9999182008206844,6.307118064025417
2775,algoQD,27,259,0.9999182008206844,5.9748525120085105
2776,algoQD,27,259,0.9999182008206844,5.906799540040083
2777,algoQD,27,259,0.9999182008206844,5.0503934799926355
2778,algoQD,27,259,0.9999182008206844,5.395592018961906
2779,algoQD,27,259,0.9999182008206844,5.969196645077318
2780,algoQD,27,259,0.9999182008206844,5.817994297947735
2781,algoQD,27,259,0.9999182008206844,6.2744873309275135
2782,algoQD,27,259,0.9999182008206844,6.2062214789912105
2783,algoQD,27,259,0.9999182008206844,5.8768712939927354
2784,algoQD,27,259,0.9999182008206844,6.047065323102288
2785,algoQD,27,259,0.9999182008206844,5.9674280129838735
2786,algoQD,27,259,0.9999182008206844,5.3202091690618545
2787,algoQD,27,259,0.9999182008206844,5.687821076950058
2788,algoQD,27,259,0.9999182008206844,6.049549316987395
2789,algoQD,27,259,0.9999182008206844,6.026487161987461
2790,algoQD,27,259,0.9999182008206844,6.097809380968101
2791,algoQD,27,259,0.9999182008206844,5.938879613997415
2792,algoQD,27,259,0.9999182008206844,5.892918322933838
2793,algoQD,27,259,0.9999182008206844,6.1638849950395525
2794,algoQD,27,259,0.9999182008206844,5.959705734043382
2795,algoQD,27,259,0.9999182008206844,5.413698921911418
2796,algoQD,27,259,0.9999182008206844,6.3842616729671136
2797,algoQD,27,259,0.9999182008206844,5.946819134987891
2798,algoQD,27,259,0.9999182008206844,5.859259577933699
2799,algoQD,27,259,0.9999182008206844,6.173848371952772
2800,algoQD,28,259,0.9999182008206844,5.0948984189890325
2801,algoQD,28,259,0.9999182008206844,6.03099534008652
2802,algoQD,28,259,0.9999182008206844,6.153186290990561
2803,algoQD,28,259,0.9999182008206844,6.125118509982713
2804,algoQD,28,259,0.9999182008206844,5.298253985005431
2805,algoQD,28,259,0.9999182008206844,5.803092733025551
2806,algoQD,28,259,0.9999182008206844,5.895493087009527
2807,algoQD,28,259,0.9999182008206844,5.747600515023805
2808,algoQD,28,259,0.9999182008206844,6.564505129004829
2809,algoQD,28,259,0.9999182008206844,5.826027457951568
2810,algoQD,28,259,0.9999182008206844,5.659687279025093
2811,algoQD,28,259,0.9999182008206844,6.082598340930417
2812,algoQD,28,259,0.9999182008206844,5.814330947003327
2813,algoQD,28,259,0.9999182008206844,5.752974418923259
2814,algoQD,28,259,0.9999182008206844,6.051346712047234
2815,algoQD,28,259,0.9999182008206844,6.349840386072174
2816,algoQD,28,259,0.9999182008206844,5.87937853008043
2817,algoQD,28,259,0.9999182008206844,6.021038778941147
2818,algoQD,28,259,0.9999182008206844,4.701532853068784
2819,algoQD,28,259,0.9999182008206844,5.991174801951274
2820,algoQD,28,259,0.9999182008206844,5.625319174025208
2821,algoQD,28,259,0.9999182008206844,5.649119611945935
2822,algoQD,28,259,0.9999182008206844,6.1145498000551015
2823,algoQD,28,259,0.9999182008206844,5.419737610034645
2824,algoQD,28,259,0.9999182008206844,6.058552377042361
2825,algoQD,28,259,0.9999182008206844,5.230884155025706
2826,algoQD,28,259,0.9999182008206844,5.949665472027846
2827,algoQD,28,259,0.9999182008206844,6.193244940019213
2828,algoQD,28,259,0.9999182008206844,6.0754501359770074
2829,algoQD,28,259,0.9999182008206844,5.680914807016961
2830,algoQD,28,259,0.9999182008206844,6.393519795965403
2831,algoQD,28,259,0.9999182008206844,5.06722232804168
2832,algoQD,28,259,0.9999182008206844,5.73121373297181
2833,algoQD,28,259,0.9999182008206844,5.855342897004448
2834,algoQD,28,259,0.9999182008206844,6.4313053080113605
2835,algoQD,28,259,0.9999182008206844,5.761377635993995
2836,algoQD,28,259,0.9999182008206844,6.309999068966135
2837,algoQD,28,259,0.9999182008206844,5.90425509295892
2838,algoQD,28,259,0.9999182008206844,6.2641598279587924
2839,algoQD,28,259,0.9999182008206844,6.101067757001147
2840,algoQD,28,259,0.9999182008206844,5.742897137999535
2841,algoQD,28,259,0.9999182008206844,5.967502683983184
2842,algoQD,28,259,0.9999182008206844,5.632725015981123
2843,algoQD,28,259,0.9999182008206844,5.661471651052125
2844,algoQD,28,259,0.9999182008206844,5.991904521011747
2845,algoQD,28,259,0.9999182008206844,6.060479418025352
2846,algoQD,28,259,0.9999182008206844,5.992430994054303
2847,algoQD,28,259,0.9999182008206844,6.035981129971333
2848,algoQD,28,260,0.9999182008206844,5.888311538030393
2849,algoQD,28,260,0.9999182008206844,6.202230347087607
2850,algoQD,28,260,0.9999182008206844,5.493857164983638
2851,algoQD,28,260,0.9999182008206844,5.991528479964472
2852,algoQD,28,260,0.9999182008206844,5.590477331075817
2853,algoQD,28,260,0.9999182008206844,5.830190583015792
2854,algoQD,28,260,0.9999182008206844,6.039661634946242
2855,algoQD,28,260,0.9999182008206844,5.799837874015793
2856,algoQD,28,260,0.9999182008206844,6.341350406059064
2857,algoQD,28,260,0.9999182008206844,5.931168935028836
2858,algoQD,28,260,0.9999182008206844,5.787210616050288
2859,algoQD,28,260,0.9999182008206844,5.6622622340219095
2860,algoQD,28,260,0.9999182008206844,5.5098722039256245
2861,algoQD,28,260,0.9999182008206844,5.846743920003064
2862,algoQD,28,261,0.9999182008206844,5.77370126103051
2863,algoQD,28,261,0.9999182008206844,5.64827184996102
2864,algoQD,28,261,0.9999182008206844,6.357720124069601
2865,algoQD,28,261,0.9999182008206844,6.052893925108947
2866,algoQD,28,261,0.9999182008206844,5.99130116100423
2867,algoQD,28,261,0.9999182008206844,6.174335220013745
2868,algoQD,28,261,0.9999182008206844,5.895706139970571
2869,algoQD,28,261,0.9999182008206844,6.092371996957809
2870,algoQD,28,261,0.9999182008206844,6.086008193087764
2871,algoQD,28,261,0.9999182008206844,5.702911386964843
2872,algoQD,28,261,0.9999182008206844,6.002572166034952
2873,algoQD,28,261,0.9999182008206844,5.9920942190801725
2874,algoQD,28,261,0.9999182008206844,5.143270996049978
2875,algoQD,28,261,0.9999182008206844,6.062545342021622
2876,algoQD,28,261,0.9999182008206844,5.55969602195546
2877,algoQD,28,261,0.9999182008206844,6.165394678013399
2878,algoQD,28,261,0.9999182008206844,5.398865203023888
2879,algoQD,28,261,0.9999182008206844,5.962893154937774
2880,algoQD,28,261,0.9999182008206844,5.8343897180166095
2881,algoQD,28,261,0.9999182008206844,5.78866260999348
2882,algoQD,28,262,0.9999182008206844,5.8941277279518545
2883,algoQD,28,262,0.9999182008206844,5.471459625987336
2884,algoQD,28,262,0.9999182008206844,5.953035318991169
2885,algoQD,28,262,0.9999182008206844,6.106064057908952
2886,algoQD,28,262,0.9999182008206844,6.420326724997722
2887,algoQD,28,262,0.9999182008206844,5.936063301982358
2888,algoQD,28,262,0.9999182008206844,5.384088062914088
2889,algoQD,28,262,0.9999182008206844,5.42898911004886
2890,algoQD,28,262,0.9999182008206844,5.879875229089521
2891,algoQD,28,262,0.9999182008206844,5.9011874969583005
2892,algoQD,28,262,0.9999182008206844,5.818036720040254
2893,algoQD,28,262,0.9999182008206844,5.858952797949314
2894,algoQD,28,262,0.9999182008206844,5.92000967101194
2895,algoQD,28,262,0.9999182008206844,5.771167382015847
2896,algoQD,28,262,0.9999182008206844,5.299963284982368
2897,algoQD,28,262,0.9999182008206844,5.9282944239676
2898,algoQD,28,262,0.9999182008206844,5.771661626989953
2899,algoQD,28,262,0.9999182008206844,5.79558142204769
2900,algoQD,29,262,0.9999182008206844,5.946146805072203
2901,algoQD,29,262,0.9999182008206844,5.234004599973559
2902,algoQD,29,262,0.9999182008206844,5.556389071978629
2903,algoQD,29,262,0.9999182008206844,5.897820523008704
2904,algoQD,29,262,0.9999182008206844,5.764694018987939
2905,algoQD,29,262,0.9999182008206844,5.282350645051338
2906,algoQD,29,262,0.9999182008206844,5.824123317957856
2907,algoQD,29,262,0.9999182008206844,5.728129633003846
2908,algoQD,29,263,0.9999182008206844,5.881270352052525
2909,algoQD,29,263,0.9999182008206844,5.943528176052496
2910,algoQD,29,263,0.9999182008206844,6.203482621000148
2911,algoQD,29,263,0.9999182008206844,5.3659036019816995
2912,algoQD,29,263,0.9999182008206844,6.111582139972597
2913,algoQD,29,263,0.9999182008206844,5.867149783065543
2914,algoQD,29,263,0.9999182008206844,6.117387028061785
2915,algoQD,29,263,0.9999182008206844,5.32538282207679
2916,algoQD,29,263,0.9999182008206844,5.314318575896323
2917,algoQD,29,263,0.9999182008206844,5.197878801962361
2918,algoQD,29,263,0.9999182008206844,5.890777284046635
2919,algoQD,29,263,0.9999182008206844,5.887889788951725
2920,algoQD,29,263,0.9999182008206844,6.168143960996531
2921,algoQD,29,263,0.9999182008206844,6.015062001999468
2922,algoQD,29,263,0.9999182008206844,5.634643969940953
2923,algoQD,29,263,0.9999182008206844,5.498421024996787
2924,algoQD,29,263,0.9999182008206844,6.170568221015856
2925,algoQD,29,263,0.9999182008206844,6.162887539016083
2926,algoQD,29,263,0.9999182008206844,5.6823264521081
2927,algoQD,29,263,0.9999182008206844,5.990710693062283
2928,algoQD,29,263,0.9999182008206844,5.908324318006635
2929,algoQD,29,263,0.9999182008206844,5.406675677979365
2930,algoQD,29,263,0.9999182008206844,5.943661677069031
2931,algoQD,29,263,0.9999182008206844,5.978841727017425
2932,algoQD,29,263,0.9999182008206844,6.231982909026556
2933,algoQD,29,263,0.9999182008206844,5.116835736087523
2934,algoQD,29,263,0.9999182008206844,6.206402147072367
2935,algoQD,29,263,0.9999182008206844,6.071767383022234
2936,algoQD,29,263,0.9999182008206844,5.287858302006498
2937,algoQD,29,263,0.9999182008206844,5.341629758942872
2938,algoQD,29,263,0.9999182008206844,5.727928122039884
2939,algoQD,29,263,0.9999182008206844,5.704149764962494
2940,algoQD,29,263,0.9999182008206844,5.565957008977421
2941,algoQD,29,263,0.9999182008206844,6.0398456890834495
2942,algoQD,29,263,0.9999182008206844,5.820900619029999
2943,algoQD,29,263,0.9999182008206844,5.359024774981663
2944,algoQD,29,263,0.9999182008206844,5.863853094982915
2945,algoQD,29,263,0.9999182008206844,6.027810559025966
2946,algoQD,29,263,0.9999182008206844,5.600342817953788
2947,algoQD,29,264,0.9999182008206844,6.0242244160035625
2948,algoQD,29,264,0.9999182008206844,5.556358292931691
2949,algoQD,29,264,0.9999182008206844,5.400353353004903
2950,algoQD,29,264,0.9999182008206844,6.23778874904383
2951,algoQD,29,264,0.9999182008206844,6.3623551989439875
2952,algoQD,29,264,0.9999182008206844,5.520946484990418
2953,algoQD,29,264,0.9999182008206844,6.31165707798209
2954,algoQD,29,264,0.9999182008206844,6.274504050961696
2955,algoQD,29,264,0.9999182008206844,5.856767456047237
2956,algoQD,29,264,0.9999182008206844,6.242432613042183
2957,algoQD,29,264,0.9999182008206844,6.1027339530410245
2958,algoQD,29,264,0.9999182008206844,6.423918257001787
2959,algoQD,29,264,0.9999182008206844,6.244869297952391
2960,algoQD,29,264,0.9999182008206844,6.357380499015562
2961,algoQD,29,265,0.9999182008206844,5.99128593003843
2962,algoQD,29,265,0.9999182008206844,5.390078939963132
2963,algoQD,29,265,0.9999182008206844,5.993499742005952
2964,algoQD,29,265,0.9999182008206844,6.211525816936046
2965,algoQD,29,265,0.9999182008206844,5.859212193987332
2966,algoQD,29,265,0.9999182008206844,5.6742123699514195
2967,algoQD,29,265,0.9999182008206844,6.0967354089953005
2968,algoQD,29,265,0.9999182008206844,6.441134517081082
2969,algoQD,29,265,0.9999182008206844,6.0127058799844235
2970,algoQD,29,265,0.9999182008206844,5.9835446029901505
2971,algoQD,29,265,0.9999182008206844,6.1683391879778355
2972,algoQD,29,265,0.9999182008206844,5.599327001022175
2973,algoQD,29,265,0.9999182008206844,6.180677199969068
2974,algoQD,29,266,0.9999182008206844,5.939428037032485
2975,algoQD,29,266,0.9999182008206844,6.157637089025229
2976,algoQD,29,266,0.9999182008206844,5.788202386931516
2977,algoQD,29,266,0.9999182008206844,6.420906006009318
2978,algoQD,29,266,0.9999182008206844,6.403694275999442
2979,algoQD,29,266,0.9999182008206844,5.698451188975014
2980,algoQD,29,266,0.9999182008206844,6.495624431059696
2981,algoQD,29,266,0.9999182008206844,6.088153142016381
2982,algoQD,29,266,0.9999182008206844,6.067402237094939
2983,algoQD,29,266,0.9999182008206844,5.7958554869983345
2984,algoQD,29,266,0.9999182008206844,5.917183256940916
2985,algoQD,29,266,0.9999182008206844,6.166028733015992
2986,algoQD,29,266,0.9999182008206844,6.205544395023026
2987,algoQD,29,266,0.9999182008206844,5.59901506092865
2988,algoQD,29,266,0.9999182008206844,6.110401940066367
2989,algoQD,29,266,0.9999182008206844,6.02922723593656
2990,algoQD,29,266,0.9999182008206844,5.892872193013318
2991,algoQD,29,266,0.9999182008206844,5.9625559349078685
2992,algoQD,29,266,0.9999182008206844,5.854238006984815
2993,algoQD,29,266,0.9999182008206844,5.5603461699793115
2994,algoQD,29,266,0.9999182008206844,5.177560712094419
2995,algoQD,29,266,0.9999182008206844,5.642593929893337
2996,algoQD,29,266,0.9999182008206844,6.1134770209901035
2997,algoQD,29,266,0.9999182008206844,6.239601574954577
2998,algoQD,29,266,0.9999182008206844,6.351834441069514
2999,algoQD,29,267,0.9999182008206844,5.9733121590688825
3000,algoQD,30,267,0.9999182008206844,5.704969204030931
3001,algoQD,30,267,0.9999182008206844,5.647840654011816
3002,algoQD,30,267,0.9999182008206844,5.992807344067842
3003,algoQD,30,267,0.9999182008206844,5.917292574071325
3004,algoQD,30,267,0.9999182008206844,5.9905021380400285
3005,algoQD,30,267,0.9999182008206844,4.751817469019443
3006,algoQD,30,267,0.9999182008206844,5.441462917020544
3007,algoQD,30,267,0.9999182008206844,6.043601847952232
3008,algoQD,30,267,0.9999182008206844,5.7764206459978595
3009,algoQD,30,267,0.9999182008206844,5.8490955500165
3010,algoQD,30,267,0.9999182008206844,5.8217267480213195
3011,algoQD,30,267,0.9999182008206844,5.869812694028951
3012,algoQD,30,267,0.9999182008206844,5.958782737026922
3013,algoQD,30,268,0.9999182008206844,6.3512141989776865
3014,algoQD,30,268,0.9999182008206844,6.228059655986726
3015,algoQD,30,268,0.9999182008206844,5.775291883037426
3016,algoQD,30,268,0.9999182008206844,6.030560206039809
3017,algoQD,30,268,0.9999182008206844,6.276062384946272
3018,algoQD,30,268,0.9999182008206844,6.097629097057506
3019,algoQD,30,268,0.9999182008206844,6.286955235060304
3020,algoQD,30,268,0.9999182008206844,6.4524757760809734
3021,algoQD,30,268,0.9999182008206844,5.7041290869237855
3022,algoQD,30,268,0.9999182008206844,6.103855090914294
3023,algoQD,30,269,0.9999182008206844,5.791991487029009
3024,algoQD,30,269,0.9999182008206844,5.616475421003997
3025,algoQD,30,269,0.9999182008206844,5.613417963963002
3026,algoQD,30,269,0.9999182008206844,5.853661056025885
3027,algoQD,30,269,0.9999182008206844,5.800714898970909
3028,algoQD,30,269,0.9999182008206844,5.878940069931559
3029,algoQD,30,269,0.9999182008206844,5.431733674020506
3030,algoQD,30,269,0.9999182008206844,5.730448065092787
3031,algoQD,30,269,0.9999182008206844,5.872927340096794
3032,algoQD,30,269,0.9999182008206844,5.322644778992981
3033,algoQD,30,269,0.9999182008206844,5.696369034936652
3034,algoQD,30,269,0.9999182008206844,5.1261282140621915
3035,algoQD,30,269,0.9999182008206844,4.971609430969693
3036,algoQD,30,269,0.9999182008206844,5.813732073060237
3037,algoQD,30,269,0.9999182008206844,6.132225736044347
3038,algoQD,30,269,0.9999182008206844,5.5861469260416925
3039,algoQD,30,269,0.9999182008206844,6.081472198944539
3040,algoQD,30,269,0.9999182008206844,6.145158250932582
3041,algoQD,30,269,0.9999182008206844,5.8270602349657565
3042,algoQD,30,269,0.9999182008206844,5.81980738195125
3043,algoQD,30,269,0.9999182008206844,5.966694495989941
3044,algoQD,30,269,0.9999182008206844,6.045567580964416
3045,algoQD,30,269,0.9999182008206844,5.3300467629451305
3046,algoQD,30,269,0.9999182008206844,5.96528568409849
3047,algoQD,30,269,0.9999182008206844,6.057398454053327
3048,algoQD,30,269,0.9999182008206844,6.398442203993909
3049,algoQD,30,269,0.9999182008206844,5.117648723069578
3050,algoQD,30,269,0.9999182008206844,5.791868632892147
3051,algoQD,30,269,0.9999182008206844,6.23070448404178
3052,algoQD,30,269,0.9999182008206844,5.606543143978342
3053,algoQD,30,269,0.9999182008206844,5.846438809996471
3054,algoQD,30,269,0.9999182008206844,5.427795173018239
3055,algoQD,30,269,0.9999182008206844,6.065647981013171
3056,algoQD,30,269,0.9999182008206844,5.776145266951062
3057,algoQD,30,269,0.9999182008206844,5.571524498984218
3058,algoQD,30,269,0.9999182008206844,5.4331516730599105
3059,algoQD,30,269,0.9999182008206844,5.319966758019291
3060,algoQD,30,269,0.9999182008206844,5.850203234003857
3061,algoQD,30,269,0.9999182008206844,5.789353281026706
3062,algoQD,30,269,0.9999182008206844,6.186092501971871
3063,algoQD,30,269,0.9999182008206844,6.253627395955846
3064,algoQD,30,269,0.9999182008206844,6.101200395030901
3065,algoQD,30,269,0.9999182008206844,6.029144219006412
3066,algoQD,30,269,0.9999182008206844,6.134539717109874
3067,algoQD,30,269,0.9999182008206844,5.590677066938952
3068,algoQD,30,269,0.9999182008206844,5.467138801002875
3069,algoQD,30,269,0.9999182008206844,6.044404432992451
3070,algoQD,30,269,0.9999182008206844,5.305741349933669
3071,algoQD,30,269,0.9999182008206844,5.887884087977
3072,algoQD,30,269,0.9999182008206844,5.388576210010797
3073,algoQD,30,269,0.9999182008206844,5.249966497998685
3074,algoQD,30,269,0.9999182008206844,5.934894431033172
3075,algoQD,30,269,0.9999182008206844,5.86817259399686
3076,algoQD,30,269,0.9999182008206844,6.138095133937895
3077,algoQD,30,269,0.9999182008206844,6.053001969004981
3078,algoQD,30,269,0.9999182008206844,6.556523144012317
3079,algoQD,30,269,0.9999182008206844,5.7764393370598555
3080,algoQD,30,269,0.9999182008206844,6.213664248003624
3081,algoQD,30,270,0.9999182008206844,5.953972781077027
3082,algoQD,30,270,0.9999182008206844,5.8525637979619205
3083,algoQD,30,270,0.9999182008206844,5.815179112018086
3084,algoQD,30,270,0.9999182008206844,5.947848450974561
3085,algoQD,30,270,0.9999182008206844,6.072161149932072
3086,algoQD,30,270,0.9999182008206844,5.490930770058185
3087,algoQD,30,270,0.9999182008206844,5.7101131189847365
3088,algoQD,30,270,0.9999182008206844,6.351722719031386
3089,algoQD,30,270,0.9999182008206844,5.664212813950144
3090,algoQD,30,270,0.9999182008206844,5.589634082978591
3091,algoQD,30,270,0.9999182008206844,6.307018323917873
3092,algoQD,30,270,0.9999182008206844,5.88688555592671
3093,algoQD,30,270,0.9999182008206844,5.174335879972205
3094,algoQD,30,270,0.9999182008206844,5.3574974789517
3095,algoQD,30,270,0.9999182008206844,6.035198452998884
3096,algoQD,30,270,0.9999182008206844,6.335483154980466
3097,algoQD,30,270,0.9999182008206844,5.950818240991794
3098,algoQD,30,270,0.9999182008206844,6.326256972970441
3099,algoQD,30,270,0.9999182008206844,5.846760381944478
3100,algoQD,31,270,0.9999182008206844,5.890062287915498
3101,algoQD,31,270,0.9999182008206844,5.970231492072344
3102,algoQD,31,270,0.9999182008206844,6.1649102420778945
3103,algoQD,31,270,0.9999182008206844,5.685995028936304
3104,algoQD,31,270,0.9999182008206844,5.992995262029581
3105,algoQD,31,270,0.9999182008206844,5.1866502379998565
3106,algoQD,31,270,0.9999182008206844,5.728362187976018
3107,algoQD,31,270,0.9999182008206844,5.279568288009614
3108,algoQD,31,270,0.9999182008206844,5.965421703993343
3109,algoQD,31,270,0.9999182008206844,6.23942395998165
3110,algoQD,31,270,0.9999182008206844,5.720731551991776
3111,algoQD,31,270,0.9999182008206844,5.794035222032107
3112,algoQD,31,270,0.9999182008206844,5.817761101992801
3113,algoQD,31,270,0.9999182008206844,5.930098162032664
3114,algoQD,31,270,0.9999182008206844,6.097317922045477
3115,algoQD,31,270,0.9999182008206844,6.084952487028204
3116,algoQD,31,270,0.9999182008206844,5.238003303995356
3117,algoQD,31,270,0.9999182008206844,6.159248534939252
3118,algoQD,31,270,0.9999182008206844,5.587208188953809
3119,algoQD,31,270,0.9999182008206844,5.937671373016201
3120,algoQD,31,270,0.9999182008206844,5.44540586497169
3121,algoQD,31,270,0.9999182008206844,5.905434272950515
3122,algoQD,31,270,0.9999182008206844,6.37181657506153
3123,algoQD,31,270,0.9999182008206844,6.364123219042085
3124,algoQD,31,270,0.9999182008206844,5.08277935103979
3125,algoQD,31,270,0.9999182008206844,6.172179536079057
3126,algoQD,31,270,0.9999182008206844,5.434145198902115
3127,algoQD,31,270,0.9999182008206844,5.312887131003663
3128,algoQD,31,270,0.9999182008206844,6.197939817910083
3129,algoQD,31,270,0.9999182008206844,5.849177569965832
3130,algoQD,31,270,0.9999182008206844,5.177890885970555
3131,algoQD,31,270,0.9999182008206844,5.943450018996373
3132,algoQD,31,270,0.9999182008206844,5.813154677045532
3133,algoQD,31,270,0.9999182008206844,5.97617670497857
3134,algoQD,31,270,0.9999182008206844,5.947035432909615
3135,algoQD,31,270,0.9999182008206844,5.652348776930012
3136,algoQD,31,270,0.9999182008206844,5.757325051003136
3137,algoQD,31,270,0.9999182008206844,6.166937240981497
3138,algoQD,31,270,0.9999182008206844,6.205265389988199
3139,algoQD,31,270,0.9999182008206844,5.879270897945389
3140,algoQD,31,270,0.9999182008206844,5.1770700860070065
3141,algoQD,31,270,0.9999182008206844,5.287389925913885
3142,algoQD,31,270,0.9999182008206844,5.147682711016387
3143,algoQD,31,270,0.9999182008206844,6.131043353001587
3144,algoQD,31,270,0.9999182008206844,6.105081869987771
3145,algoQD,31,270,0.9999182008206844,6.1773641320178285
3146,algoQD,31,270,0.9999182008206844,5.8273858960019425
3147,algoQD,31,269,0.9999182008206844,5.788605823996477
3148,algoQD,31,269,0.9999182008206844,5.094637566013262
3149,algoQD,31,269,0.9999182008206844,5.678965717903338
3150,algoQD,31,269,0.9999182008206844,5.804444498964585
3151,algoQD,31,269,0.9999182008206844,5.798719803919084
3152,algoQD,31,269,0.9999182008206844,6.058009049971588
3153,algoQD,31,270,0.9999182008206844,5.921683454071172
3154,algoQD,31,270,0.9999182008206844,5.556478006998077
3155,algoQD,31,270,0.9999182008206844,5.4657612449955195
3156,algoQD,31,270,0.9999182008206844,5.479415023000911
3157,algoQD,31,270,0.9999182008206844,5.512068369076587
3158,algoQD,31,270,0.9999182008206844,6.071410670992918
3159,algoQD,31,271,0.9999182008206844,5.993021021015011
3160,algoQD,31,271,0.9999182008206844,6.117981213028543
3161,algoQD,31,271,0.9999182008206844,6.1612858939915895
3162,algoQD,31,271,0.9999182008206844,5.647457555984147
3163,algoQD,31,271,0.9999182008206844,6.133768009953201
3164,algoQD,31,271,0.9999182008206844,6.157604957930744
3165,algoQD,31,271,0.9999182008206844,5.126144646084867
3166,algoQD,31,271,0.9999182008206844,5.643982299952768
3167,algoQD,31,271,0.9999182008206844,5.965645626070909
3168,algoQD,31,271,0.9999182008206844,5.904001744929701
3169,algoQD,31,271,0.9999182008206844,5.77491201099474
3170,algoQD,31,271,0.9999182008206844,5.993628969998099
3171,algoQD,31,271,0.9999182008206844,5.271775394096039
3172,algoQD,31,271,0.9999182008206844,6.154037037980743
3173,algoQD,31,271,0.9999182008206844,6.300922547001392
3174,algoQD,31,271,0.9999182008206844,6.007703261915594
3175,algoQD,31,271,0.9999182008206844,5.909136987989768
3176,algoQD,31,271,0.9999182008206844,5.853381724096835
3177,algoQD,31,271,0.9999182008206844,5.817341116955504
3178,algoQD,31,271,0.9999182008206844,5.456861268961802
3179,algoQD,31,271,0.9999182008206844,5.194016213994473
3180,algoQD,31,271,0.9999182008206844,5.579813666990958
3181,algoQD,31,271,0.9999182008206844,5.6225310791051015
3182,algoQD,31,271,0.9999182008206844,5.703308933065273
3183,algoQD,31,271,0.9999182008206844,5.317646863986738
3184,algoQD,31,271,0.9999182008206844,5.525261354981922
3185,algoQD,31,271,0.9999182008206844,5.138832850032486
3186,algoQD,31,271,0.9999182008206844,5.328102890984155
3187,algoQD,31,271,0.9999182008206844,5.319518791045994
3188,algoQD,31,271,0.9999182008206844,5.468713182024658
3189,algoQD,31,271,0.9999182008206844,5.548450618982315
3190,algoQD,31,272,0.9999182008206844,5.48733464605175
3191,algoQD,31,272,0.9999182008206844,4.974348849966191
3192,algoQD,31,272,0.9999182008206844,5.599264529068023
3193,algoQD,31,272,0.9999182008206844,5.58841302501969
3194,algoQD,31,272,0.9999182008206844,5.512175771058537
3195,algoQD,31,272,0.9999182008206844,4.701563584036194
3196,algoQD,31,272,0.9999182008206844,5.850920242024586
3197,algoQD,31,272,0.9999182008206844,5.452678396017291
3198,algoQD,31,272,0.9999182008206844,5.666493512922898
3199,algoQD,31,272,0.9999182008206844,4.7727572589647025
3200,algoQD,32,272,0.9999182008206844,5.519983012927696
3201,algoQD,32,272,0.9999182008206844,5.440342959947884
3202,algoQD,32,272,0.9999182008206844,5.671213701949455
3203,algoQD,32,272,0.9999182008206844,5.458104828023352
3204,algoQD,32,272,0.9999182008206844,5.863150891964324
3205,algoQD,32,272,0.9999182008206844,5.927551141008735
3206,algoQD,32,272,0.9999182008206844,5.739047538023442
3207,algoQD,32,272,0.9999182008206844,5.565726891043596
3208,algoQD,32,272,0.9999182008206844,5.6287594069726765
3209,algoQD,32,272,0.9999182008206844,5.570728593040258
3210,algoQD,32,272,0.9999182008206844,5.467036404996179
3211,algoQD,32,272,0.9999182008206844,5.687733292928897
3212,algoQD,32,272,0.9999182008206844,4.818842242937535
3213,algoQD,32,272,0.9999182008206844,5.5896546330768615
3214,algoQD,32,272,0.9999182008206844,5.646648147027008
3215,algoQD,32,272,0.9999182008206844,5.467848539003171
3216,algoQD,32,272,0.9999182008206844,5.6026396449888125
3217,algoQD,32,272,0.9999182008206844,4.948012740002014
3218,algoQD,32,272,0.9999182008206844,5.729564339038916
3219,algoQD,32,272,0.9999182008206844,5.5827683709794655
3220,algoQD,32,272,0.9999182008206844,5.59683859499637
3221,algoQD,32,272,0.9999182008206844,5.461202873033471
3222,algoQD,32,272,0.9999182008206844,5.814257690100931
3223,algoQD,32,272,0.9999182008206844,5.587370868073776
3224,algoQD,32,272,0.9999182008206844,5.722254628897645
3225,algoQD,32,272,0.9999182008206844,5.666127720964141
3226,algoQD,32,272,0.9999182008206844,4.837913676048629
3227,algoQD,32,272,0.9999182008206844,4.9442739869700745
3228,algoQD,32,272,0.9999182008206844,5.377379265031777
3229,algoQD,32,272,0.9999182008206844,5.666206450900063
3230,algoQD,32,272,0.9999182008206844,5.808824784937315
3231,algoQD,32,272,0.9999182008206844,5.090877720969729
3232,algoQD,32,272,0.9999182008206844,5.15257096698042
3233,algoQD,32,272,0.9999182008206844,6.090108118951321
3234,algoQD,32,272,0.9999182008206844,5.558732958044857
3235,algoQD,32,272,0.9999182008206844,5.488579416996799
3236,algoQD,32,272,0.9999182008206844,5.588716649916023
3237,algoQD,32,272,0.9999182008206844,5.743262161035091
3238,algoQD,32,272,0.9999182008206844,5.824362151906826
3239,algoQD,32,272,0.9999182008206844,6.1290179250063375
3240,algoQD,32,272,0.9999182008206844,5.923339883913286
3241,algoQD,32,272,0.9999182008206844,6.012942811008543
3242,algoQD,32,272,0.9999182008206844,5.82151069608517
3243,algoQD,32,272,0.9999182008206844,5.615987526020035
3244,algoQD,32,272,0.9999182008206844,5.958334755036049
3245,algoQD,32,272,0.9999182008206844,5.136886881897226
3246,algoQD,32,272,0.9999182008206844,5.7156538480194286
3247,algoQD,32,272,0.9999182008206844,5.811667787958868
3248,algoQD,32,272,0.9999182008206844,6.116018282948062
3249,algoQD,32,272,0.9999182008206844,6.205200236057863
3250,algoQD,32,272,0.9999182008206844,5.815598645014688
3251,algoQD,32,272,0.9999182008206844,5.711828559986316
3252,algoQD,32,272,0.9999182008206844,6.175636788946576
3253,algoQD,32,272,0.9999182008206844,6.057544833049178
3254,algoQD,32,272,0.9999182008206844,5.490073001012206
3255,algoQD,32,272,0.9999182008206844,5.5784852569922805
3256,algoQD,32,272,0.9999182008206844,5.692457108991221
3257,algoQD,32,272,0.9999182008206844,5.993408142006956
3258,algoQD,32,272,0.9999182008206844,5.759762587957084
3259,algoQD,32,272,0.9999182008206844,5.801045157946646
3260,algoQD,32,272,0.9999182008206844,5.585826541064307
3261,algoQD,32,272,0.9999182008206844,5.906114100012928
3262,algoQD,32,272,0.9999182008206844,5.291574761969969
3263,algoQD,32,272,0.9999182008206844,5.547030939022079
3264,algoQD,32,272,0.9999182008206844,5.23258325306233
3265,algoQD,32,272,0.9999182008206844,5.97871982306242
3266,algoQD,32,272,0.9999182008206844,5.863430622965097
3267,algoQD,32,272,0.9999182008206844,5.505816656979732
3268,algoQD,32,272,0.9999182008206844,6.128542991937138
3269,algoQD,32,272,0.9999182008206844,4.800410634023137
3270,algoQD,32,272,0.9999182008206844,5.9498188780853525
3271,algoQD,32,272,0.9999182008206844,5.434417593991384
3272,algoQD,32,272,0.9999182008206844,5.675677277031355
3273,algoQD,32,272,0.9999182008206844,5.75737064005807
3274,algoQD,32,272,0.9999182008206844,5.114145972998813
3275,algoQD,32,272,0.9999182008206844,5.885238326038234
3276,algoQD,32,272,0.9999182008206844,5.805892006959766
3277,algoQD,32,272,0.9999182008206844,5.724736739997752
3278,algoQD,32,272,0.9999182008206844,6.134838005993515
3279,algoQD,32,272,0.9999182008206844,5.757830968010239
3280,algoQD,32,272,0.9999182008206844,5.125930209993385
3281,algoQD,32,272,0.9999182008206844,5.412627012003213
3282,algoQD,32,272,0.9999182008206844,6.1060422690352425
3283,algoQD,32,272,0.9999182008206844,5.930202723946422
3284,algoQD,32,272,0.9999182008206844,5.601530020008795
3285,algoQD,32,272,0.9999182008206844,5.480976223014295
3286,algoQD,32,272,0.9999182008206844,5.781534436042421
3287,algoQD,32,272,0.9999182008206844,5.084458400961012
3288,algoQD,32,272,0.9999182008206844,6.081297357100993
3289,algoQD,32,272,0.9999182008206844,5.746554333018139
3290,algoQD,32,273,0.9999182008206844,5.848591645015404
3291,algoQD,32,273,0.9999182008206844,5.5343966169748455
3292,algoQD,32,273,0.9999182008206844,5.417837596964091
3293,algoQD,32,273,0.9999182008206844,5.8193200579844415
3294,algoQD,32,273,0.9999182008206844,5.535801672027446
3295,algoQD,32,273,0.9999182008206844,5.671417066012509
3296,algoQD,32,273,0.9999182008206844,5.700745441019535
3297,algoQD,32,273,0.9999182008206844,5.345737279043533
3298,algoQD,32,273,0.9999182008206844,5.8666303779464215
3299,algoQD,32,273,0.9999182008206844,6.179760774946772
3300,algoQD,33,273,0.9999182008206844,5.8225959779229015
3301,algoQD,33,273,0.9999182008206844,6.221210962976329
3302,algoQD,33,273,0.9999182008206844,5.940156450029463
3303,algoQD,33,273,0.9999182008206844,5.789896434987895
3304,algoQD,33,273,0.9999182008206844,5.736521405982785
3305,algoQD,33,273,0.9999182008206844,5.53192644903902
3306,algoQD,33,273,0.9999182008206844,6.1716359429992735
3307,algoQD,33,273,0.9999182008206844,5.380010524997488
3308,algoQD,33,273,0.9999182008206844,6.46189906494692
3309,algoQD,33,273,0.9999182008206844,5.113938472000882
3310,algoQD,33,273,0.9999182008206844,5.923837976995856
3311,algoQD,33,273,0.9999182008206844,6.1035860979463905
3312,algoQD,33,273,0.9999182008206844,6.0201535790693015
3313,algoQD,33,274,0.9999182008206844,5.903579400968738
3314,algoQD,33,274,0.9999182008206844,6.2013257700018585
3315,algoQD,33,274,0.9999182008206844,5.615259402082302
3316,algoQD,33,274,0.9999182008206844,5.495856516994536
3317,algoQD,33,274,0.9999182008206844,5.917061313986778
3318,algoQD,33,274,0.9999182008206844,6.1852273740805686
3319,algoQD,33,274,0.9999182008206844,6.18163072806783
3320,algoQD,33,274,0.9999182008206844,5.876642816001549
3321,algoQD,33,274,0.9999182008206844,6.064251338946633
3322,algoQD,33,274,0.9999182008206844,6.107150133000687
3323,algoQD,33,274,0.9999182008206844,6.0340863049495965
3324,algoQD,33,274,0.9999182008206844,5.938523254008032
3325,algoQD,33,274,0.9999182008206844,6.2615616919938475
3326,algoQD,33,274,0.9999182008206844,5.378846967010759
3327,algoQD,33,274,0.9999182008206844,6.067419282975607
3328,algoQD,33,274,0.9999182008206844,5.606337564066052
3329,algoQD,33,274,0.9999182008206844,5.732358089997433
3330,algoQD,33,274,0.9999182008206844,6.163772947038524
3331,algoQD,33,274,0.9999182008206844,6.114926135051064
3332,algoQD,33,274,0.9999182008206844,5.808138091000728
3333,algoQD,33,274,0.9999182008206844,6.135839789989404
3334,algoQD,33,274,0.9999182008206844,5.964083869941533
3335,algoQD,33,274,0.9999182008206844,6.173626285046339
3336,algoQD,33,274,0.9999182008206844,5.95768078090623
3337,algoQD,33,274,0.9999182008206844,6.41610234498512
3338,algoQD,33,274,0.9999182008206844,5.824330415925942
3339,algoQD,33,274,0.9999182008206844,5.888199451030232
3340,algoQD,33,275,0.9999182008206844,6.043316173017956
3341,algoQD,33,275,0.9999182008206844,6.122724398970604
3342,algoQD,33,275,0.9999182008206844,5.584593640989624
3343,algoQD,33,275,0.9999182008206844,6.227962159086019
3344,algoQD,33,275,0.9999182008206844,6.214088535052724
3345,algoQD,33,275,0.9999182008206844,5.105142573011108
3346,algoQD,33,275,0.9999182008206844,5.9934713849797845
3347,algoQD,33,275,0.9999182008206844,5.659687394974753
3348,algoQD,33,275,0.9999182008206844,6.232111867982894
3349,algoQD,33,276,0.9999182008206844,5.919956353958696
3350,algoQD,33,276,0.9999182008206844,5.782630917034112
3351,algoQD,33,276,0.9999182008206844,5.599286791984923
3352,algoQD,33,276,0.9999182008206844,6.248940255958587
3353,algoQD,33,276,0.9999182008206844,6.103275171015412
3354,algoQD,33,276,0.9999182008206844,6.097783736069687
3355,algoQD,33,276,0.9999182008206844,5.702262738021091
3356,algoQD,33,276,0.9999182008206844,6.126468713977374
3357,algoQD,33,276,0.9999182008206844,6.375633613090031
3358,algoQD,33,276,0.9999182008206844,5.530834626057185
3359,algoQD,33,276,0.9999182008206844,5.884737070067786
3360,algoQD,33,276,0.9999182008206844,6.0011026239953935
3361,algoQD,33,276,0.9999182008206844,6.237911256030202
3362,algoQD,33,276,0.9999182008206844,6.026893904083408
3363,algoQD,33,276,0.9999182008206844,5.131648333044723
3364,algoQD,33,276,0.9999182008206844,5.5609288070118055
3365,algoQD,33,276,0.9999182008206844,6.177704598987475
3366,algoQD,33,276,0.9999182008206844,5.936028330004774
3367,algoQD,33,276,0.9999182008206844,5.592702170950361
3368,algoQD,33,276,0.9999182008206844,5.99240983906202
3369,algoQD,33,276,0.9999182008206844,5.409024295047857
3370,algoQD,33,276,0.9999182008206844,5.40201799699571
3371,algoQD,33,276,0.9999182008206844,5.987572168931365
3372,algoQD,33,276,0.9999182008206844,5.827934995992109
3373,algoQD,33,276,0.9999182008206844,5.468847185955383
3374,algoQD,33,277,0.9999182008206844,6.071794550982304
3375,algoQD,33,277,0.9999182008206844,5.86180713493377
3376,algoQD,33,277,0.9999182008206844,5.3698102730559185
3377,algoQD,33,277,0.9999182008206844,5.89245583396405
3378,algoQD,33,277,0.9999182008206844,6.113927938044071
3379,algoQD,33,277,0.9999182008206844,6.2434265579795465
3380,algoQD,33,277,0.9999182008206844,5.898975452058949
3381,algoQD,33,277,0.9999182008206844,5.268596496898681
3382,algoQD,33,277,0.9999182008206844,5.975521138985641
3383,algoQD,33,278,0.9999182008206844,6.180764921940863
3384,algoQD,33,278,0.9999182008206844,5.951280598063022
3385,algoQD,33,278,0.9999182008206844,5.556520518963225
3386,algoQD,33,278,0.9999182008206844,6.3047666639322415
3387,algoQD,33,278,0.9999182008206844,5.675522133009508
3388,algoQD,33,278,0.9999182008206844,5.63358890300151
3389,algoQD,33,278,0.9999182008206844,6.314824889996089
3390,algoQD,33,278,0.9999182008206844,6.0177729410352185
3391,algoQD,33,278,0.9999182008206844,5.954195856931619
3392,algoQD,33,278,0.9999182008206844,5.97959790204186
3393,algoQD,33,278,0.9999182008206844,6.327553417999297
3394,algoQD,33,278,0.9999182008206844,6.223086424986832
3395,algoQD,33,278,0.9999182008206844,6.129588979063556
3396,algoQD,33,278,0.9999182008206844,5.9147923070704564
3397,algoQD,33,278,0.9999182008206844,6.126491997973062
3398,algoQD,33,278,0.9999182008206844,6.087932372000068
3399,algoQD,33,278,0.9999182008206844,5.64324168197345
3400,algoQD,34,278,0.9999182008206844,5.9735358690377325
3401,algoQD,34,278,0.9999182008206844,6.143448827089742
3402,algoQD,34,278,0.9999182008206844,5.609319337992929
3403,algoQD,34,278,0.9999182008206844,5.095240514026955
3404,algoQD,34,278,0.9999182008206844,5.35390973999165
3405,algoQD,34,278,0.9999182008206844,6.189169441931881
3406,algoQD,34,278,0.9999182008206844,6.101550802937709
3407,algoQD,34,278,0.9999182008206844,6.2104940640274435
3408,algoQD,34,278,0.9999182008206844,5.564892805996351
3409,algoQD,34,278,0.9999182008206844,6.072003495995887
3410,algoQD,34,278,0.9999182008206844,6.220267359982245
3411,algoQD,34,278,0.9999182008206844,5.370384088018909
3412,algoQD,34,278,0.9999182008206844,5.966842811903916
3413,algoQD,34,278,0.9999182008206844,5.825645730015822
3414,algoQD,34,278,0.9999182008206844,5.887356027029455
3415,algoQD,34,278,0.9999182008206844,5.889040370006114
3416,algoQD,34,278,0.9999182008206844,5.987592468038201
3417,algoQD,34,278,0.9999182008206844,5.160209877998568
3418,algoQD,34,278,0.9999182008206844,6.212539348052815
3419,algoQD,34,278,0.9999182008206844,6.094388851081021
3420,algoQD,34,278,0.9999182008206844,5.944322772091255
3421,algoQD,34,278,0.9999182008206844,5.067171750008129
3422,algoQD,34,278,0.9999182008206844,6.072794909938239
3423,algoQD,34,278,0.9999182008206844,5.280579849029891
3424,algoQD,34,278,0.9999182008206844,6.3958912580274045
3425,algoQD,34,278,0.9999182008206844,5.9838989389827475
3426,algoQD,34,278,0.9999182008206844,6.15854307601694
3427,algoQD,34,278,0.9999182008206844,5.806479147984646
3428,algoQD,34,278,0.9999182008206844,6.001352375955321
3429,algoQD,34,278,0.9999182008206844,5.560638849041425
3430,algoQD,34,278,0.9999182008206844,5.95328639796935
3431,algoQD,34,278,0.9999182008206844,5.493042461923324
3432,algoQD,34,278,0.9999182008206844,5.891815053997561
3433,algoQD,34,278,0.9999182008206844,5.427624958916567
3434,algoQD,34,278,0.9999182008206844,5.820671831956133
3435,algoQD,34,278,0.9999182008206844,5.3843320100568235
3436,algoQD,34,278,0.9999182008206844,5.392937559983693
3437,algoQD,34,278,0.9999182008206844,5.581605353974737
3438,algoQD,34,278,0.9999182008206844,5.793579556979239
3439,algoQD,34,278,0.9999182008206844,4.897061564959586
3440,algoQD,34,278,0.9999182008206844,5.544221166986972
3441,algoQD,34,278,0.9999182008206844,4.847663220018148
3442,algoQD,34,278,0.9999182008206844,5.763625903986394
3443,algoQD,34,278,0.9999182008206844,5.8970276260515675
3444,algoQD,34,278,0.9999182008206844,5.604253493016586
3445,algoQD,34,278,0.9999182008206844,5.21586889307946
3446,algoQD,34,278,0.9999182008206844,5.974713927018456
3447,algoQD,34,278,0.9999182008206844,4.797997700981796
3448,algoQD,34,278,0.9999182008206844,6.006007304065861
3449,algoQD,34,278,0.9999182008206844,6.119481372996233
3450,algoQD,34,278,0.9999182008206844,6.056297512957826
3451,algoQD,34,278,0.9999182008206844,5.800382403074764
3452,algoQD,34,278,0.9999182008206844,6.1552617370616645
3453,algoQD,34,278,0.9999182008206844,5.189367571030743
3454,algoQD,34,278,0.9999182008206844,5.94548588199541
3455,algoQD,34,278,0.9999182008206844,6.023622576030903
3456,algoQD,34,278,0.9999182008206844,6.283991751959547
3457,algoQD,34,278,0.9999182008206844,5.545174068072811
3458,algoQD,34,278,0.9999182008206844,5.721603265963495
3459,algoQD,34,278,0.9999182008206844,5.976674111094326
3460,algoQD,34,278,0.9999182008206844,6.005385800031945
3461,algoQD,34,278,0.9999182008206844,5.880803650943562
3462,algoQD,34,278,0.9999182008206844,5.618899286026135
3463,algoQD,34,278,0.9999182008206844,5.776953635970131
3464,algoQD,34,278,0.9999182008206844,6.0916748059680685
3465,algoQD,34,278,0.9999182008206844,5.913974474999122
3466,algoQD,34,278,0.9999182008206844,5.385612821090035
3467,algoQD,34,278,0.9999182008206844,5.518499789992347
3468,algoQD,34,278,0.9999182008206844,5.81386829202529
3469,algoQD,34,278,0.9999182008206844,5.428961934987456
3470,algoQD,34,278,0.9999182008206844,5.252992104971781
3471,algoQD,34,278,0.9999182008206844,5.906830716994591
3472,algoQD,34,278,0.9999182008206844,5.946686682989821
3473,algoQD,34,278,0.9999182008206844,6.204887761035934
3474,algoQD,34,278,0.9999182008206844,5.95290491101332
3475,algoQD,34,278,0.9999182008206844,5.134290267014876
3476,algoQD,34,278,0.9999182008206844,5.477989577921107
3477,algoQD,34,278,0.9999182008206844,5.223535057972185
3478,algoQD,34,278,0.9999182008206844,5.889220925047994
3479,algoQD,34,278,0.9999182008206844,5.856378052034415
3480,algoQD,34,278,0.9999182008206844,5.246106244972907
3481,algoQD,34,278,0.9999182008206844,5.695060906000435
3482,algoQD,34,278,0.9999182008206844,5.523526014992967
3483,algoQD,34,278,0.9999182008206844,5.240915906964801
3484,algoQD,34,278,0.9999182008206844,5.962281386018731
3485,algoQD,34,278,0.9999182008206844,6.218594920006581
3486,algoQD,34,278,0.9999182008206844,5.783153229975142
3487,algoQD,34,278,0.9999182008206844,5.67626872099936
3488,algoQD,34,278,0.9999182008206844,5.919469518004917
3489,algoQD,34,278,0.9999182008206844,5.595883939997293
3490,algoQD,34,278,0.9999182008206844,5.681676058098674
3491,algoQD,34,278,0.9999182008206844,5.836494341958314
3492,algoQD,34,278,0.9999182008206844,5.319931942038238
3493,algoQD,34,278,0.9999182008206844,5.610072367009707
3494,algoQD,34,278,0.9999182008206844,5.4882657050620764
3495,algoQD,34,278,0.9999182008206844,5.604157972033136
3496,algoQD,34,278,0.9999182008206844,5.57831543602515
3497,algoQD,34,278,0.9999182008206844,5.614027971052565
3498,algoQD,34,278,0.9999182008206844,5.460794719983824
3499,algoQD,34,278,0.9999182008206844,5.2773083980428055
3500,algoQD,35,278,0.9999182008206844,5.633795631001703
3501,algoQD,35,278,0.9999182008206844,5.3469489680137485
3502,algoQD,35,278,0.9999182008206844,5.507244403939694
3503,algoQD,35,278,0.9999182008206844,5.837219503009692
3504,algoQD,35,278,0.9999182008206844,4.964324782951735
3505,algoQD,35,278,0.9999182008206844,5.327447251067497
3506,algoQD,35,278,0.9999182008206844,5.413120563956909
3507,algoQD,35,278,0.9999182008206844,4.857554628048092
3508,algoQD,35,278,0.9999182008206844,5.782575687975623
3509,algoQD,35,278,0.9999182008206844,5.567759281024337
3510,algoQD,35,278,0.9999182008206844,5.731630882015452
3511,algoQD,35,278,0.9999182008206844,5.5501532149501145
3512,algoQD,35,278,0.9999182008206844,5.236604812904261
3513,algoQD,35,278,0.9999182008206844,5.696296651032753
3514,algoQD,35,278,0.9999182008206844,5.552500430960208
3515,algoQD,35,278,0.9999182008206844,4.812632333021611
3516,algoQD,35,278,0.9999182008206844,5.415073154028505
3517,algoQD,35,278,0.9999182008206844,5.211030442034826
3518,algoQD,35,278,0.9999182008206844,5.44280143501237
3519,algoQD,35,278,0.9999182008206844,5.666595482965931
3520,algoQD,35,278,0.9999182008206844,5.746313503943384
3521,algoQD,35,278,0.9999182008206844,4.4824133509537205
3522,algoQD,35,278,0.9999182008206844,5.57927396602463
3523,algoQD,35,278,0.9999182008206844,5.460251774056815
3524,algoQD,35,278,0.9999182008206844,5.810806027031504
3525,algoQD,35,278,0.9999182008206844,5.11244108597748
3526,algoQD,35,278,0.9999182008206844,5.781039155088365
3527,algoQD,35,278,0.9999182008206844,5.795647285995074
3528,algoQD,35,278,0.9999182008206844,5.055502224015072
3529,algoQD,35,278,0.9999182008206844,5.65764719597064
3530,algoQD,35,278,0.9999182008206844,5.438919538981281
3531,algoQD,35,278,0.9999182008206844,5.696209576097317
3532,algoQD,35,278,0.9999182008206844,5.6553299688966945
3533,algoQD,35,278,0.9999182008206844,5.912210373091511
3534,algoQD,35,278,0.9999182008206844,5.517928008921444
3535,algoQD,35,278,0.9999182008206844,4.994023895938881
3536,algoQD,35,278,0.9999182008206844,5.655076730065048
3537,algoQD,35,278,0.9999182008206844,5.417497223010287
3538,algoQD,35,278,0.9999182008206844,5.224718634970486
3539,algoQD,35,278,0.9999182008206844,5.776506991009228
3540,algoQD,35,278,0.9999182008206844,5.7090067769167945
3541,algoQD,35,278,0.9999182008206844,5.395928270998411
3542,algoQD,35,278,0.9999182008206844,5.426362895057537
3543,algoQD,35,278,0.9999182008206844,5.6159817930310965
3544,algoQD,35,278,0.9999182008206844,5.589688064996153
3545,algoQD,35,278,0.9999182008206844,5.530035054078326
3546,algoQD,35,278,0.9999182008206844,5.894109582994133
3547,algoQD,35,278,0.9999182008206844,5.008540302980691
3548,algoQD,35,278,0.9999182008206844,5.0037642299430445
3549,algoQD,35,278,0.9999182008206844,5.737516051973216
3550,algoQD,35,278,0.9999182008206844,5.712620203034021
3551,algoQD,35,278,0.9999182008206844,5.5690925100352615
3552,algoQD,35,278,0.9999182008206844,5.309431914007291
3553,algoQD,35,278,0.9999182008206844,5.733237658045255
3554,algoQD,35,278,0.9999182008206844,6.0114587540738285
3555,algoQD,35,278,0.9999182008206844,5.898761230986565
3556,algoQD,35,278,0.9999182008206844,5.717403581016697
3557,algoQD,35,278,0.9999182008206844,5.341811159974895
3558,algoQD,35,278,0.9999182008206844,5.443273944896646
3559,algoQD,35,278,0.9999182008206844,5.633591084973887
3560,algoQD,35,278,0.9999182008206844,5.730419273022562
3561,algoQD,35,278,0.9999182008206844,5.2654728459892794
3562,algoQD,35,278,0.9999182008206844,6.023835378000513
3563,algoQD,35,278,0.9999182008206844,5.621450947015546
3564,algoQD,35,278,0.9999182008206844,5.9342700720299035
3565,algoQD,35,278,0.9999182008206844,5.6655615689232945
3566,algoQD,35,278,0.9999182008206844,6.004050596035086
3567,algoQD,35,278,0.9999182008206844,5.744603643077426
3568,algoQD,35,278,0.9999182008206844,6.220661093015224
3569,algoQD,35,278,0.9999182008206844,5.797371302964166
3570,algoQD,35,278,0.9999182008206844,5.791890127002262
3571,algoQD,35,278,0.9999182008206844,5.921753583010286
3572,algoQD,35,278,0.9999182008206844,5.8473623159807175
3573,algoQD,35,278,0.9999182008206844,5.824497094959952
3574,algoQD,35,278,0.9999182008206844,5.530676616006531
3575,algoQD,35,278,0.9999182008206844,5.579953151056543
3576,algoQD,35,278,0.9999182008206844,5.8770213960669935
3577,algoQD,35,279,0.9999182008206844,5.586633992032148
3578,algoQD,35,279,0.9999182008206844,5.960947607061826
3579,algoQD,35,279,0.9999182008206844,6.0655217110179365
3580,algoQD,35,279,0.9999182008206844,5.718061034101993
3581,algoQD,35,279,0.9999182008206844,5.89183363202028
3582,algoQD,35,279,0.9999182008206844,5.997658228036016
3583,algoQD,35,279,0.9999182008206844,5.698912944062613
3584,algoQD,35,279,0.9999182008206844,6.062572818947956
3585,algoQD,35,279,0.9999182008206844,5.331553308991715
3586,algoQD,35,279,0.9999182008206844,5.5630620560841635
3587,algoQD,35,279,0.9999182008206844,6.268632911960594
3588,algoQD,35,279,0.9999182008206844,5.513275769073516
3589,algoQD,35,279,0.9999182008206844,5.950919970986433
3590,algoQD,35,279,0.9999182008206844,5.444494282011874
3591,algoQD,35,279,0.9999182008206844,5.833041377947666
3592,algoQD,35,279,0.9999182008206844,5.493236556998454
3593,algoQD,35,279,0.9999182008206844,6.3962497130269185
3594,algoQD,35,279,0.9999182008206844,6.002967299893498
3595,algoQD,35,279,0.9999182008206844,6.058488162001595
3596,algoQD,35,279,0.9999182008206844,6.354363594087772
3597,algoQD,35,279,0.9999182008206844,5.811371315969154
3598,algoQD,35,279,0.9999182008206844,6.285656976979226
3599,algoQD,35,279,0.9999182008206844,5.0565103380940855
3600,algoQD,36,279,0.9999182008206844,6.1218000430380926
3601,algoQD,36,279,0.9999182008206844,5.899124025949277
3602,algoQD,36,279,0.9999182008206844,6.24584839399904
3603,algoQD,36,279,0.9999182008206844,6.081750373006798
3604,algoQD,36,279,0.9999182008206844,6.07789729302749
3605,algoQD,36,279,0.9999182008206844,5.3641338179586455
3606,algoQD,36,279,0.9999182008206844,5.347734051058069
3607,algoQD,36,279,0.9999182008206844,6.022518650977872
3608,algoQD,36,279,0.9999182008206844,5.869896905031055
3609,algoQD,36,279,0.9999182008206844,5.912950839963742
3610,algoQD,36,279,0.9999182008206844,6.391115261008963
3611,algoQD,36,279,0.9999182008206844,5.921301239053719
3612,algoQD,36,279,0.9999182008206844,5.315681651001796
3613,algoQD,36,279,0.9999182008206844,5.972964790998958
3614,algoQD,36,279,0.9999182008206844,5.765634468989447
3615,algoQD,36,279,0.9999182008206844,6.21901193796657
3616,algoQD,36,279,0.9999182008206844,6.023436745046638
3617,algoQD,36,279,0.9999182008206844,6.202551516937092
3618,algoQD,36,279,0.9999182008206844,5.538358460064046
3619,algoQD,36,279,0.9999182008206844,5.968436047085561
3620,algoQD,36,279,0.9999182008206844,5.298100401996635
3621,algoQD,36,279,0.9999182008206844,5.489925206988119
3622,algoQD,36,279,0.9999182008206844,6.056198826991022
3623,algoQD,36,279,0.9999182008206844,6.371126195997931
3624,algoQD,36,279,0.9999182008206844,5.819128178991377
3625,algoQD,36,279,0.9999182008206844,5.796534260967746
3626,algoQD,36,279,0.9999182008206844,6.104043414001353
3627,algoQD,36,279,0.9999182008206844,6.0399910839041695
3628,algoQD,36,279,0.9999182008206844,6.0100821239175275
3629,algoQD,36,279,0.9999182008206844,5.668321636971086
3630,algoQD,36,279,0.9999182008206844,5.787762755993754
3631,algoQD,36,279,0.9999182008206844,5.719397609937005
3632,algoQD,36,279,0.9999182008206844,6.21243859292008
3633,algoQD,36,279,0.9999182008206844,5.981906841043383
3634,algoQD,36,279,0.9999182008206844,5.654292621999048
3635,algoQD,36,279,0.9999182008206844,6.030050181085244
3636,algoQD,36,279,0.9999182008206844,6.142562670982443
3637,algoQD,36,279,0.9999182008206844,6.0388026180444285
3638,algoQD,36,279,0.9999182008206844,6.083289681002498
3639,algoQD,36,279,0.9999182008206844,5.866331194061786
3640,algoQD,36,279,0.9999182008206844,6.263923368067481
3641,algoQD,36,279,0.9999182008206844,5.237571464967914
3642,algoQD,36,279,0.9999182008206844,5.329146984033287
3643,algoQD,36,279,0.9999182008206844,4.952805551933125
3644,algoQD,36,279,0.9999182008206844,6.225341320969164
3645,algoQD,36,279,0.9999182008206844,5.238356439047493
3646,algoQD,36,279,0.9999182008206844,5.264695352991112
3647,algoQD,36,279,0.9999182008206844,5.3481785440817475
3648,algoQD,36,279,0.9999182008206844,5.324223574018106
3649,algoQD,36,279,0.9999182008206844,5.467230579000898
3650,algoQD,36,279,0.9999182008206844,5.778360261931084
3651,algoQD,36,279,0.9999182008206844,5.844380268943496
3652,algoQD,36,280,0.9999182008206844,5.436033505946398
3653,algoQD,36,280,0.9999182008206844,5.6715140889864415
3654,algoQD,36,280,0.9999182008206844,6.193118400056846
3655,algoQD,36,280,0.9999182008206844,5.854611356975511
3656,algoQD,36,280,0.9999182008206844,5.33846508001443
3657,algoQD,36,280,0.9999182008206844,5.70370954903774
3658,algoQD,36,280,0.9999182008206844,5.708690889994614
3659,algoQD,36,280,0.9999182008206844,5.695968091022223
3660,algoQD,36,280,0.9999182008206844,6.073220527963713
3661,algoQD,36,280,0.9999182008206844,5.8533015249995515
3662,algoQD,36,280,0.9999182008206844,5.765273076016456
3663,algoQD,36,280,0.9999182008206844,6.288119724020362
3664,algoQD,36,280,0.9999182008206844,5.691836885991506
3665,algoQD,36,280,0.9999182008206844,4.825969249941409
3666,algoQD,36,280,0.9999182008206844,6.093184976954944
3667,algoQD,36,281,0.9999182008206844,6.157707092934288
3668,algoQD,36,281,0.9999182008206844,5.956109339022078
3669,algoQD,36,281,0.9999182008206844,6.3264838580507785
3670,algoQD,36,281,0.9999182008206844,5.796051757992245
3671,algoQD,36,281,0.9999182008206844,6.163474921952002
3672,algoQD,36,281,0.9999182008206844,6.059988395893015
3673,algoQD,36,281,0.9999182008206844,5.338564579025842
3674,algoQD,36,281,0.9999182008206844,5.160487774061039
3675,algoQD,36,281,0.9999182008206844,6.199794905027375
3676,algoQD,36,281,0.9999182008206844,6.113194050965831
3677,algoQD,36,281,0.9999182008206844,5.996250891010277
3678,algoQD,36,281,0.9999182008206844,5.311705262050964
3679,algoQD,36,281,0.9999182008206844,5.89525802701246
3680,algoQD,36,281,0.9999182008206844,5.891295828972943
3681,algoQD,36,281,0.9999182008206844,6.060009734937921
3682,algoQD,36,282,0.9999182008206844,6.007330164080486
3683,algoQD,36,282,0.9999182008206844,5.8758003449765965
3684,algoQD,36,282,0.9999182008206844,5.906008229008876
3685,algoQD,36,282,0.9999182008206844,4.960434727021493
3686,algoQD,36,282,0.9999182008206844,5.752364967018366
3687,algoQD,36,282,0.9999182008206844,6.509027804015204
3688,algoQD,36,282,0.9999182008206844,5.10663354198914
3689,algoQD,36,282,0.9999182008206844,5.396117078955285
3690,algoQD,36,282,0.9999182008206844,5.9128369389800355
3691,algoQD,36,283,0.9999182008206844,5.709684627945535
3692,algoQD,36,283,0.9999182008206844,6.006181793985888
3693,algoQD,36,283,0.9999182008206844,5.965041614952497
3694,algoQD,36,283,0.9999182008206844,6.0134524130262434
3695,algoQD,36,283,0.9999182008206844,6.017972251051106
3696,algoQD,36,283,0.9999182008206844,5.988647576072253
3697,algoQD,36,283,0.9999182008206844,5.906959445914254
3698,algoQD,36,283,0.9999182008206844,6.068525084992871
3699,algoQD,36,283,0.9999182008206844,5.247366330004297
3700,algoQD,37,283,0.9999182008206844,4.994687443017028
3701,algoQD,37,283,0.9999182008206844,6.108205485972576
3702,algoQD,37,283,0.9999182008206844,5.502799050998874
3703,algoQD,37,283,0.9999182008206844,5.57878661097493
3704,algoQD,37,283,0.9999182008206844,5.08017427008599
3705,algoQD,37,283,0.9999182008206844,5.8178151859901845
3706,algoQD,37,283,0.9999182008206844,5.173486382002011
3707,algoQD,37,283,0.9999182008206844,6.067657947074622
3708,algoQD,37,283,0.9999182008206844,5.862199256080203
3709,algoQD,37,283,0.9999182008206844,6.020304317004047
3710,algoQD,37,283,0.9999182008206844,5.475442113005556
3711,algoQD,37,283,0.9999182008206844,6.66704590106383
3712,algoQD,37,283,0.9999182008206844,5.227341104997322
3713,algoQD,37,283,0.9999182008206844,6.028577680001035
3714,algoQD,37,283,0.9999182008206844,6.09291733102873
3715,algoQD,37,283,0.9999182008206844,6.17501554696355
3716,algoQD,37,283,0.9999182008206844,5.6719462249893695
3717,algoQD,37,283,0.9999182008206844,5.8393670649966225
3718,algoQD,37,283,0.9999182008206844,5.3579168929718435
3719,algoQD,37,283,0.9999182008206844,5.805175967048854
3720,algoQD,37,283,0.9999182008206844,6.091820458997972
3721,algoQD,37,283,0.9999182008206844,6.120020600967109
3722,algoQD,37,283,0.9999182008206844,6.201456955051981
3723,algoQD,37,283,0.9999182008206844,5.919839751091786
3724,algoQD,37,283,0.9999182008206844,6.010981814004481
3725,algoQD,37,283,0.9999182008206844,6.118857192923315
3726,algoQD,37,283,0.9999182008206844,5.745120179024525
3727,algoQD,37,283,0.9999182008206844,6.1176380179822445
3728,algoQD,37,283,0.9999182008206844,5.953458511037752
3729,algoQD,37,283,0.9999182008206844,6.2210578370140865
3730,algoQD,37,283,0.9999182008206844,5.805993171990849
3731,algoQD,37,283,0.9999182008206844,6.052238153992221
3732,algoQD,37,283,0.9999182008206844,5.982581915915944
3733,algoQD,37,283,0.9999182008206844,6.055251547018997
3734,algoQD,37,283,0.9999182008206844,5.899117500055581
3735,algoQD,37,283,0.9999182008206844,6.083628962049261
3736,algoQD,37,283,0.9999182008206844,5.9418071859981865
3737,algoQD,37,283,0.9999182008206844,6.243498636991717
3738,algoQD,37,283,0.9999182008206844,5.488775514997542
3739,algoQD,37,283,0.9999182008206844,5.233493759064004
3740,algoQD,37,283,0.9999182008206844,5.622973336954601
3741,algoQD,37,283,0.9999182008206844,5.981718851951882
3742,algoQD,37,283,0.9999182008206844,5.916548543027602
3743,algoQD,37,283,0.9999182008206844,5.89529381506145
3744,algoQD,37,283,0.9999182008206844,5.606543382978998
3745,algoQD,37,283,0.9999182008206844,6.036112764966674
3746,algoQD,37,283,0.9999182008206844,6.25169875100255
3747,algoQD,37,283,0.9999182008206844,6.054459520033561
3748,algoQD,37,283,0.9999182008206844,5.371226821094751
3749,algoQD,37,283,0.9999182008206844,5.464033207972534
3750,algoQD,37,283,0.9999182008206844,6.134533790056594
3751,algoQD,37,283,0.9999182008206844,6.060378271969967
3752,algoQD,37,283,0.9999182008206844,5.962195447995327
3753,algoQD,37,283,0.9999182008206844,6.141847147955559
3754,algoQD,37,283,0.9999182008206844,5.981858237995766
3755,algoQD,37,283,0.9999182008206844,6.017346768989228
3756,algoQD,37,283,0.9999182008206844,6.111993853934109
3757,algoQD,37,283,0.9999182008206844,5.678013559081592
3758,algoQD,37,283,0.9999182008206844,5.6700444229645655
3759,algoQD,37,283,0.9999182008206844,6.174896462005563
3760,algoQD,37,283,0.9999182008206844,5.817050221958198
3761,algoQD,37,283,0.9999182008206844,5.61127428303007
3762,algoQD,37,283,0.9999182008206844,6.085073912050575
3763,algoQD,37,283,0.9999182008206844,5.948081040056422
3764,algoQD,37,283,0.9999182008206844,5.785194384981878
3765,algoQD,37,283,0.9999182008206844,5.850828794064
3766,algoQD,37,283,0.9999182008206844,5.789609614992514
3767,algoQD,37,283,0.9999182008206844,5.968153294059448
3768,algoQD,37,283,0.9999182008206844,6.336120497086085
3769,algoQD,37,283,0.9999182008206844,5.8271452960325405
3770,algoQD,37,283,0.9999182008206844,6.166059084003791
3771,algoQD,37,283,0.9999182008206844,6.002070977934636
3772,algoQD,37,283,0.9999182008206844,5.64448442903813
3773,algoQD,37,283,0.9999182008206844,5.849513909895904
3774,algoQD,37,283,0.9999182008206844,5.505086053046398
3775,algoQD,37,283,0.9999182008206844,5.88524692307692
3776,algoQD,37,283,0.9999182008206844,5.861321066971868
3777,algoQD,37,283,0.9999182008206844,6.199701047036797
3778,algoQD,37,283,0.9999182008206844,5.919119989965111
3779,algoQD,37,283,0.9999182008206844,5.835136053035967
3780,algoQD,37,283,0.9999182008206844,6.18963277398143
3781,algoQD,37,283,0.9999182008206844,5.671586925978772
3782,algoQD,37,283,0.9999182008206844,6.019071478047408
3783,algoQD,37,283,0.9999182008206844,5.8284055669792
3784,algoQD,37,283,0.9999182008206844,5.387989030918106
3785,algoQD,37,283,0.9999182008206844,5.900271718972363
3786,algoQD,37,283,0.9999182008206844,5.88506876595784
3787,algoQD,37,283,0.9999182008206844,5.5280935619957745
3788,algoQD,37,283,0.9999182008206844,5.858667975058779
3789,algoQD,37,283,0.9999182008206844,5.636385777965188
3790,algoQD,37,283,0.9999182008206844,6.007897975039668
3791,algoQD,37,283,0.9999182008206844,6.184170042979531
3792,algoQD,37,283,0.9999182008206844,5.057207817910239
3793,algoQD,37,284,0.9999182008206844,6.031773125985637
3794,algoQD,37,285,0.9999182008206844,5.810984972980805
3795,algoQD,37,285,0.9999182008206844,6.001576593960635
3796,algoQD,37,285,0.9999182008206844,5.143774476018734
3797,algoQD,37,285,0.9999182008206844,6.0352691820589826
3798,algoQD,37,285,0.9999182008206844,5.325629206956364
3799,algoQD,37,285,0.9999182008206844,5.975806907052174
3800,algoQD,38,285,0.9999182008206844,5.904009694000706
3801,algoQD,38,285,0.9999182008206844,6.213278995943256
3802,algoQD,38,285,0.9999182008206844,5.938540966017172
3803,algoQD,38,285,0.9999182008206844,5.354714235058054
3804,algoQD,38,285,0.9999182008206844,5.868956902995706
3805,algoQD,38,285,0.9999182008206844,5.964188045007177
3806,algoQD,38,285,0.9999182008206844,5.104291517054662
3807,algoQD,38,285,0.9999182008206844,6.159772320068441
3808,algoQD,38,285,0.9999182008206844,5.190419007092714
3809,algoQD,38,286,0.9999182008206844,5.626743517932482
3810,algoQD,38,286,0.9999182008206844,5.736097359098494
3811,algoQD,38,286,0.9999182008206844,5.393729310017079
3812,algoQD,38,286,0.9999182008206844,5.305479421047494
3813,algoQD,38,286,0.9999182008206844,6.018459244980477
3814,algoQD,38,286,0.9999182008206844,5.7883541530463845
3815,algoQD,38,286,0.9999182008206844,6.072719883988611
3816,algoQD,38,286,0.9999182008206844,6.075776519952342
3817,algoQD,38,286,0.9999182008206844,5.980596547015011
3818,algoQD,38,286,0.9999182008206844,6.567652019090019
3819,algoQD,38,286,0.9999182008206844,5.291767835034989
3820,algoQD,38,286,0.9999182008206844,6.076947832014412
3821,algoQD,38,286,0.9999182008206844,5.544963683001697
3822,algoQD,38,286,0.9999182008206844,6.041786569985561
3823,algoQD,38,286,0.9999182008206844,5.674266336020082
3824,algoQD,38,286,0.9999182008206844,5.738250758964568
3825,algoQD,38,286,0.9999182008206844,5.86575872101821
3826,algoQD,38,286,0.9999182008206844,5.222396505996585
3827,algoQD,38,286,0.9999182008206844,6.207510106032714
3828,algoQD,38,286,0.9999182008206844,6.027309054974467
3829,algoQD,38,286,0.9999182008206844,5.63622955000028
3830,algoQD,38,286,0.9999182008206844,6.099241093033925
3831,algoQD,38,286,0.9999182008206844,6.059662785031833
3832,algoQD,38,286,0.9999182008206844,5.502371549024247
3833,algoQD,38,286,0.9999182008206844,5.6165821379981935
3834,algoQD,38,286,0.9999182008206844,6.126153521006927
3835,algoQD,38,286,0.9999182008206844,6.175732356030494
3836,algoQD,38,286,0.9999182008206844,5.761077638017014
3837,algoQD,38,286,0.9999182008206844,5.909995072986931
3838,algoQD,38,287,0.9999182008206844,6.006950098089874
3839,algoQD,38,287,0.9999182008206844,5.04929146100767
3840,algoQD,38,287,0.9999182008206844,5.865036615054123
3841,algoQD,38,287,0.9999182008206844,5.876122182002291
3842,algoQD,38,287,0.9999182008206844,5.934720468008891
3843,algoQD,38,288,0.9999182008206844,5.853793926071376
3844,algoQD,38,288,0.9999182008206844,5.660185683052987
3845,algoQD,38,288,0.9999182008206844,6.258780945907347
3846,algoQD,38,288,0.9999182008206844,6.247845905949362
3847,algoQD,38,288,0.9999182008206844,5.432352804928087
3848,algoQD,38,288,0.9999182008206844,5.950901680975221
3849,algoQD,38,288,0.9999182008206844,6.0176236850675195
3850,algoQD,38,288,0.9999182008206844,6.009101703995839
3851,algoQD,38,288,0.9999182008206844,5.797515242942609
3852,algoQD,38,288,0.9999182008206844,5.950071361963637
3853,algoQD,38,288,0.9999182008206844,6.000673859962262
3854,algoQD,38,288,0.9999182008206844,5.992159893037751
3855,algoQD,38,288,0.9999182008206844,5.89189093594905
3856,algoQD,38,288,0.9999182008206844,6.153651545988396
3857,algoQD,38,288,0.9999182008206844,5.659782900940627
3858,algoQD,38,288,0.9999182008206844,6.14101451903116
3859,algoQD,38,288,0.9999182008206844,5.1506808859994635
3860,algoQD,38,289,0.9999182008206844,5.8331308249616995
3861,algoQD,38,289,0.9999182008206844,6.030754024046473
3862,algoQD,38,289,0.9999182008206844,6.096016580006108
3863,algoQD,38,289,0.9999182008206844,6.051804166054353
3864,algoQD,38,289,0.9999182008206844,5.4735429600114
3865,algoQD,38,289,0.9999182008206844,5.161482363939285
3866,algoQD,38,289,0.9999182008206844,6.407353510032408
3867,algoQD,38,289,0.9999182008206844,6.0643555709393695
3868,algoQD,38,289,0.9999182008206844,6.05855869804509
3869,algoQD,38,289,0.9999182008206844,6.084542081109248
3870,algoQD,38,289,0.9999182008206844,5.984751175972633
3871,algoQD,38,289,0.9999182008206844,5.4937177980318666
3872,algoQD,38,289,0.9999182008206844,5.602762048016302
3873,algoQD,38,289,0.9999182008206844,5.240646956954151
3874,algoQD,38,289,0.9999182008206844,6.197628446971066
3875,algoQD,38,289,0.9999182008206844,6.057343902997673
3876,algoQD,38,289,0.9999182008206844,6.106545003014617
3877,algoQD,38,289,0.9999182008206844,5.649035366019234
3878,algoQD,38,289,0.9999182008206844,5.751538284006529
3879,algoQD,38,289,0.9999182008206844,6.2422273110132664
3880,algoQD,38,289,0.9999182008206844,6.062848031986505
3881,algoQD,38,289,0.9999182008206844,5.956360043026507
3882,algoQD,38,289,0.9999182008206844,6.033965460956097
3883,algoQD,38,289,0.9999182008206844,5.462599492981099
3884,algoQD,38,289,0.9999182008206844,5.1970289159798995
3885,algoQD,38,289,0.9999182008206844,6.0081572600174695
3886,algoQD,38,289,0.9999182008206844,5.898438205942512
3887,algoQD,38,289,0.9999182008206844,5.4597373669967055
3888,algoQD,38,289,0.9999182008206844,6.201765642967075
3889,algoQD,38,289,0.9999182008206844,5.957725845044479
3890,algoQD,38,289,0.9999182008206844,5.980036096996628
3891,algoQD,38,289,0.9999182008206844,5.710880444035865
3892,algoQD,38,289,0.9999182008206844,4.945077707991004
3893,algoQD,38,289,0.9999182008206844,5.7408434870885685
3894,algoQD,38,289,0.9999182008206844,6.248792455997318
3895,algoQD,38,289,0.9999182008206844,6.37376625998877
3896,algoQD,38,289,0.9999182008206844,6.020592204993591
3897,algoQD,38,289,0.9999182008206844,5.913389744935557
3898,algoQD,38,289,0.9999182008206844,5.7979575579520315
3899,algoQD,38,289,0.9999182008206844,5.912974772974849
3900,algoQD,39,289,0.9999182008206844,5.963332929066382
3901,algoQD,39,289,0.9999182008206844,5.86090933799278
3902,algoQD,39,289,0.9999182008206844,5.524748828960583
3903,algoQD,39,289,0.9999182008206844,6.251590020954609
3904,algoQD,39,289,0.9999182008206844,6.575854265945964
3905,algoQD,39,289,0.9999182008206844,6.015102001023479
3906,algoQD,39,289,0.9999182008206844,5.6756225490244105
3907,algoQD,39,289,0.9999182008206844,6.119009391986765
3908,algoQD,39,289,0.9999182008206844,5.915185809019022
3909,algoQD,39,289,0.9999182008206844,5.9734216700308025
3910,algoQD,39,289,0.9999182008206844,6.310087988036685
3911,algoQD,39,289,0.9999182008206844,5.922010233043693
3912,algoQD,39,289,0.9999182008206844,5.358363920939155
3913,algoQD,39,289,0.9999182008206844,5.948637502966449
3914,algoQD,39,289,0.9999182008206844,5.584918191889301
3915,algoQD,39,289,0.9999182008206844,6.080510974046774
3916,algoQD,39,289,0.9999182008206844,5.8747229690197855
3917,algoQD,39,289,0.9999182008206844,5.979411497013643
3918,algoQD,39,289,0.9999182008206844,6.428834947058931
3919,algoQD,39,289,0.9999182008206844,5.452573781018145
3920,algoQD,39,289,0.9999182008206844,6.102370376000181
3921,algoQD,39,289,0.9999182008206844,6.2173782320460305
3922,algoQD,39,289,0.9999182008206844,5.6757702679606155
3923,algoQD,39,289,0.9999182008206844,5.2454792079515755
3924,algoQD,39,289,0.9999182008206844,5.853906458010897
3925,algoQD,39,289,0.9999182008206844,5.464127521030605
3926,algoQD,39,289,0.9999182008206844,6.122925651958212
3927,algoQD,39,289,0.9999182008206844,5.454782565007918
3928,algoQD,39,289,0.9999182008206844,5.368287191027775
3929,algoQD,39,289,0.9999182008206844,5.742802288965322
3930,algoQD,39,289,0.9999182008206844,6.01202675094828
3931,algoQD,39,289,0.9999182008206844,5.6164299610536546
3932,algoQD,39,289,0.9999182008206844,6.027016001055017
3933,algoQD,39,289,0.9999182008206844,6.230329271056689
3934,algoQD,39,289,0.9999182008206844,5.474298538058065
3935,algoQD,39,289,0.9999182008206844,5.928677710937336
3936,algoQD,39,289,0.9999182008206844,5.728329743025824
3937,algoQD,39,289,0.9999182008206844,6.320950670051388
3938,algoQD,39,289,0.9999182008206844,6.111862338962965
3939,algoQD,39,289,0.9999182008206844,6.042868593009189
3940,algoQD,39,289,0.9999182008206844,6.14261597499717
3941,algoQD,39,289,0.9999182008206844,5.997653214028105
3942,algoQD,39,289,0.9999182008206844,5.662151126889512
3943,algoQD,39,289,0.9999182008206844,5.596451684017666
3944,algoQD,39,289,0.9999182008206844,5.7297199598979205
3945,algoQD,39,289,0.9999182008206844,6.142051208997145
3946,algoQD,39,289,0.9999182008206844,5.592162008979358
3947,algoQD,39,289,0.9999182008206844,5.875583074986935
3948,algoQD,39,289,0.9999182008206844,5.509791419026442
3949,algoQD,39,289,0.9999182008206844,6.045410314924084
3950,algoQD,39,289,0.9999182008206844,6.269769249018282
3951,algoQD,39,290,0.9999182008206844,5.9722281460417435
3952,algoQD,39,290,0.9999182008206844,5.20964294904843
3953,algoQD,39,291,0.9999182008206844,5.8340256760129705
3954,algoQD,39,291,0.9999182008206844,5.858333854004741
3955,algoQD,39,291,0.9999182008206844,6.040937433950603
3956,algoQD,39,291,0.9999182008206844,5.845626033027656
3957,algoQD,39,291,0.9999182008206844,5.965622765012085
3958,algoQD,39,291,0.9999182008206844,5.5336773480521515
3959,algoQD,39,291,0.9999182008206844,5.908390381024219
3960,algoQD,39,291,0.9999182008206844,5.953307566000149
3961,algoQD,39,291,0.9999182008206844,5.198497589910403
3962,algoQD,39,291,0.9999182008206844,5.593862190959044
3963,algoQD,39,291,0.9999182008206844,5.927343301009387
3964,algoQD,39,291,0.9999182008206844,5.97153271199204
3965,algoQD,39,291,0.9999182008206844,5.1417344430228695
3966,algoQD,39,292,0.9999182008206844,5.987362551037222
3967,algoQD,39,292,0.9999182008206844,6.354022897896357
3968,algoQD,39,292,0.9999182008206844,5.8134038030402735
3969,algoQD,39,292,0.9999182008206844,5.630863290978596
3970,algoQD,39,292,0.9999182008206844,6.418106736964546
3971,algoQD,39,292,0.9999182008206844,6.436520076938905
3972,algoQD,39,292,0.9999182008206844,6.096541563048959
3973,algoQD,39,292,0.9999182008206844,6.2563966969028115
3974,algoQD,39,292,0.9999182008206844,5.496301290928386
3975,algoQD,39,292,0.9999182008206844,6.043854263960384
3976,algoQD,39,292,0.9999182008206844,5.925630451994948
3977,algoQD,39,292,0.9999182008206844,5.664256996009499
3978,algoQD,39,292,0.9999182008206844,5.230595469940454
3979,algoQD,39,292,0.9999182008206844,5.714450430008583
3980,algoQD,39,292,0.9999182008206844,6.189335764036514
3981,algoQD,39,292,0.9999182008206844,5.965579631971195
3982,algoQD,39,292,0.9999182008206844,5.298070146003738
3983,algoQD,39,292,0.9999182008206844,5.97621881403029
3984,algoQD,39,292,0.9999182008206844,6.2178542979527265
3985,algoQD,39,292,0.9999182008206844,5.945217069005594
3986,algoQD,39,292,0.9999182008206844,6.172760888002813
3987,algoQD,39,292,0.9999182008206844,6.111743974033743
3988,algoQD,39,292,0.9999182008206844,5.562771148979664
3989,algoQD,39,292,0.9999182008206844,5.7603037459775805
3990,algoQD,39,292,0.9999182008206844,5.718040924053639
3991,algoQD,39,292,0.9999182008206844,6.005186936003156
3992,algoQD,39,292,0.9999182008206844,6.22651681501884
3993,algoQD,39,292,0.9999182008206844,6.076101802056655
3994,algoQD,39,292,0.9999182008206844,6.172435002052225
3995,algoQD,39,292,0.9999182008206844,6.195795110077597
3996,algoQD,39,292,0.9999182008206844,5.863580375094898
3997,algoQD,39,292,0.9999182008206844,6.265141360927373
3998,algoQD,39,292,0.9999182008206844,5.342952335020527
3999,algoQD,39,292,0.9999182008206844,5.370772229041904
4000,algoQD,40,292,0.9999182008206844,5.735338937025517
4001,algoQD,40,292,0.9999182008206844,5.292637781938538
4002,algoQD,40,292,0.9999182008206844,5.784384472062811
4003,algoQD,40,292,0.9999182008206844,5.8409617689903826
4004,algoQD,40,292,0.9999182008206844,5.899034512927756
4005,algoQD,40,292,0.9999182008206844,5.925853124004789
4006,algoQD,40,292,0.9999182008206844,5.78185199899599
4007,algoQD,40,292,0.9999182008206844,6.130352022009902
4008,algoQD,40,292,0.9999182008206844,5.872089282027446
4009,algoQD,40,292,0.9999182008206844,6.073367455974221
4010,algoQD,40,292,0.9999182008206844,5.773433241993189
4011,algoQD,40,292,0.9999182008206844,5.859793766983785
4012,algoQD,40,292,0.9999182008206844,4.956037973985076
4013,algoQD,40,292,0.9999182008206844,5.849978938000277
4014,algoQD,40,292,0.9999182008206844,6.211751668015495
4015,algoQD,40,292,0.9999182008206844,6.038352329051122
4016,algoQD,40,292,0.9999182008206844,6.144088004948571
4017,algoQD,40,292,0.9999182008206844,5.758174633025192
4018,algoQD,40,292,0.9999182008206844,6.223625299986452
4019,algoQD,40,292,0.9999182008206844,6.045503990026191
4020,algoQD,40,292,0.9999182008206844,5.105279337964021
4021,algoQD,40,292,0.9999182008206844,5.343541920068674
4022,algoQD,40,292,0.9999182008206844,5.895747461006977
4023,algoQD,40,292,0.9999182008206844,5.6254887849790975
4024,algoQD,40,292,0.9999182008206844,5.75830396800302
4025,algoQD,40,292,0.9999182008206844,5.768732220050879
4026,algoQD,40,292,0.9999182008206844,5.722599797998555
4027,algoQD,40,292,0.9999182008206844,5.685561737976968
4028,algoQD,40,292,0.9999182008206844,5.8298606149619445
4029,algoQD,40,292,0.9999182008206844,6.289197882055305
4030,algoQD,40,292,0.9999182008206844,6.103428371949121
4031,algoQD,40,292,0.9999182008206844,5.8165936099831015
4032,algoQD,40,292,0.9999182008206844,5.3586165310116485
4033,algoQD,40,292,0.9999182008206844,5.52091813297011
4034,algoQD,40,292,0.9999182008206844,5.366922204033472
4035,algoQD,40,292,0.9999182008206844,6.080262192059308
4036,algoQD,40,292,0.9999182008206844,6.451500016031787
4037,algoQD,40,292,0.9999182008206844,5.660538760013878
4038,algoQD,40,292,0.9999182008206844,5.813836220069788
4039,algoQD,40,292,0.9999182008206844,5.14869411510881
4040,algoQD,40,292,0.9999182008206844,6.016617733053863
4041,algoQD,40,292,0.9999182008206844,6.271382883074693
4042,algoQD,40,292,0.9999182008206844,5.9726596779655665
4043,algoQD,40,292,0.9999182008206844,5.554480154067278
4044,algoQD,40,292,0.9999182008206844,6.280484220013022
4045,algoQD,40,292,0.9999182008206844,5.78612816799432
4046,algoQD,40,292,0.9999182008206844,5.207269457983784
4047,algoQD,40,292,0.9999182008206844,5.564865676918998
4048,algoQD,40,292,0.9999182008206844,5.308368589961901
4049,algoQD,40,292,0.9999182008206844,6.040634348988533
4050,algoQD,40,292,0.9999182008206844,5.918051132000983
4051,algoQD,40,292,0.9999182008206844,6.309185188030824
4052,algoQD,40,292,0.9999182008206844,5.88657468103338
4053,algoQD,40,292,0.9999182008206844,5.743099189014174
4054,algoQD,40,292,0.9999182008206844,6.066366527928039
4055,algoQD,40,292,0.9999182008206844,5.304920277907513
4056,algoQD,40,292,0.9999182008206844,6.28708426002413
4057,algoQD,40,292,0.9999182008206844,5.989474018919282
4058,algoQD,40,293,0.9999182008206844,5.868502313969657
4059,algoQD,40,293,0.9999182008206844,5.528560832957737
4060,algoQD,40,293,0.9999182008206844,5.8954461719840765
4061,algoQD,40,293,0.9999182008206844,5.159115186077543
4062,algoQD,40,293,0.9999182008206844,6.284688472980633
4063,algoQD,40,293,0.9999182008206844,5.8301817630417645
4064,algoQD,40,293,0.9999182008206844,5.671289441990666
4065,algoQD,40,293,0.9999182008206844,5.985425027902238
4066,algoQD,40,293,0.9999182008206844,6.216750833089463
4067,algoQD,40,293,0.9999182008206844,6.1732775249984115
4068,algoQD,40,293,0.9999182008206844,5.552030085003935
4069,algoQD,40,293,0.9999182008206844,6.011953962035477
4070,algoQD,40,293,0.9999182008206844,5.916927239042707
4071,algoQD,40,293,0.9999182008206844,5.41370698902756
4072,algoQD,40,293,0.9999182008206844,5.962747621000744
4073,algoQD,40,293,0.9999182008206844,6.086794284055941
4074,algoQD,40,293,0.9999182008206844,5.027109395014122
4075,algoQD,40,293,0.9999182008206844,5.953325488953851
4076,algoQD,40,293,0.9999182008206844,4.9314756150124595
4077,algoQD,40,293,0.9999182008206844,5.509056602953933
4078,algoQD,40,293,0.9999182008206844,6.462989032967016
4079,algoQD,40,293,0.9999182008206844,5.19475234800484
4080,algoQD,40,293,0.9999182008206844,5.788412484107539
4081,algoQD,40,293,0.9999182008206844,5.820964518003166
4082,algoQD,40,293,0.9999182008206844,6.017965117935091
4083,algoQD,40,293,0.9999182008206844,5.9710822199704126
4084,algoQD,40,293,0.9999182008206844,6.101361077046022
4085,algoQD,40,293,0.9999182008206844,5.441014932934195
4086,algoQD,40,293,0.9999182008206844,5.846524890977889
4087,algoQD,40,293,0.9999182008206844,6.174652801943012
4088,algoQD,40,293,0.9999182008206844,5.859592541004531
4089,algoQD,40,293,0.9999182008206844,5.7941319399978966
4090,algoQD,40,293,0.9999182008206844,5.300262097036466
4091,algoQD,40,293,0.9999182008206844,5.715409363037907
4092,algoQD,40,293,0.9999182008206844,6.1385755490045995
4093,algoQD,40,293,0.9999182008206844,6.058653704938479
4094,algoQD,40,293,0.9999182008206844,5.625270002987236
4095,algoQD,40,294,0.9999182008206844,6.101836615009233
4096,algoQD,40,294,0.9999182008206844,5.959519130992703
4097,algoQD,40,294,0.9999182008206844,6.0301347799832
4098,algoQD,40,294,0.9999182008206844,5.475708093959838
4099,algoQD,40,294,0.9999182008206844,6.020721947075799
4100,algoQD,41,294,0.9999182008206844,6.4679970249999315
4101,algoQD,41,294,0.9999182008206844,6.052386234048754
4102,algoQD,41,294,0.9999182008206844,5.185590979992412
4103,algoQD,41,294,0.9999182008206844,6.190071534947492
4104,algoQD,41,294,0.9999182008206844,5.892273587989621
4105,algoQD,41,294,0.9999182008206844,6.074860846041702
4106,algoQD,41,294,0.9999182008206844,6.126985631068237
4107,algoQD,41,294,0.9999182008206844,6.188565189018846
4108,algoQD,41,294,0.9999182008206844,6.061295437044464
4109,algoQD,41,294,0.9999182008206844,5.944548184983432
4110,algoQD,41,294,0.9999182008206844,6.175092461984605
4111,algoQD,41,295,0.9999182008206844,5.889047904056497
4112,algoQD,41,295,0.9999182008206844,5.884070770000108
4113,algoQD,41,295,0.9999182008206844,5.632836009957828
4114,algoQD,41,295,0.9999182008206844,5.9936293789651245
4115,algoQD,41,295,0.9999182008206844,5.436025095987134
4116,algoQD,41,295,0.9999182008206844,5.735115063958801
4117,algoQD,41,295,0.9999182008206844,5.413176456000656
4118,algoQD,41,295,0.9999182008206844,5.273272352991626
4119,algoQD,41,295,0.9999182008206844,6.043752319994383
4120,algoQD,41,295,0.9999182008206844,5.96592888305895
4121,algoQD,41,295,0.9999182008206844,5.433386600925587
4122,algoQD,41,295,0.9999182008206844,5.896414740011096
4123,algoQD,41,295,0.9999182008206844,5.057866677991115
4124,algoQD,41,295,0.9999182008206844,6.012087143026292
4125,algoQD,41,295,0.9999182008206844,6.14273626008071
4126,algoQD,41,295,0.9999182008206844,6.027911912999116
4127,algoQD,41,295,0.9999182008206844,5.57396264502313
4128,algoQD,41,295,0.9999182008206844,6.1203015219653025
4129,algoQD,41,295,0.9999182008206844,5.934961340972222
4130,algoQD,41,295,0.9999182008206844,6.081248105037957
4131,algoQD,41,295,0.9999182008206844,5.411496281041764
4132,algoQD,41,295,0.9999182008206844,6.114395161974244
4133,algoQD,41,295,0.9999182008206844,5.9280383210862055
4134,algoQD,41,295,0.9999182008206844,5.907028474030085
4135,algoQD,41,295,0.9999182008206844,5.980020647053607
4136,algoQD,41,295,0.9999182008206844,5.349025320028886
4137,algoQD,41,295,0.9999182008206844,5.45631553302519
4138,algoQD,41,295,0.9999182008206844,5.894043373060413
4139,algoQD,41,295,0.9999182008206844,6.304752882919274
4140,algoQD,41,295,0.9999182008206844,4.827894089045003
4141,algoQD,41,295,0.9999182008206844,5.70479744207114
4142,algoQD,41,295,0.9999182008206844,5.985732218949124
4143,algoQD,41,295,0.9999182008206844,6.003355385037139
4144,algoQD,41,295,0.9999182008206844,6.005016062990762
4145,algoQD,41,295,0.9999182008206844,6.11997030605562
4146,algoQD,41,295,0.9999182008206844,5.400211350060999
4147,algoQD,41,295,0.9999182008206844,5.9160511089721695
4148,algoQD,41,295,0.9999182008206844,5.454032188979909
4149,algoQD,41,295,0.9999182008206844,5.8582103688968346
4150,algoQD,41,295,0.9999182008206844,5.732352235005237
4151,algoQD,41,295,0.9999182008206844,5.620488157961518
4152,algoQD,41,296,0.9999182008206844,5.79138641897589
4153,algoQD,41,296,0.9999182008206844,5.18014214001596
4154,algoQD,41,296,0.9999182008206844,5.833493253914639
4155,algoQD,41,296,0.9999182008206844,5.697003051987849
4156,algoQD,41,296,0.9999182008206844,5.471589838038199
4157,algoQD,41,296,0.9999182008206844,5.834926803014241
4158,algoQD,41,296,0.9999182008206844,5.683396775042638
4159,algoQD,41,296,0.9999182008206844,6.111050927080214
4160,algoQD,41,296,0.9999182008206844,5.954828373971395
4161,algoQD,41,296,0.9999182008206844,6.056468371069059
4162,algoQD,41,296,0.9999182008206844,5.573695536004379
4163,algoQD,41,296,0.9999182008206844,5.869846038985997
4164,algoQD,41,296,0.9999182008206844,6.47048720496241
4165,algoQD,41,296,0.9999182008206844,5.587554931989871
4166,algoQD,41,296,0.9999182008206844,4.943233257974498
4167,algoQD,41,296,0.9999182008206844,5.355817278963514
4168,algoQD,41,296,0.9999182008206844,6.257585640065372
4169,algoQD,41,296,0.9999182008206844,5.862746595987119
4170,algoQD,41,296,0.9999182008206844,6.268925266107544
4171,algoQD,41,296,0.9999182008206844,5.471984945004806
4172,algoQD,41,296,0.9999182008206844,5.557352766976692
4173,algoQD,41,296,0.9999182008206844,5.0118660310981795
4174,algoQD,41,296,0.9999182008206844,5.965344373951666
4175,algoQD,41,296,0.9999182008206844,5.788919395999983
4176,algoQD,41,296,0.9999182008206844,5.563778809038922
4177,algoQD,41,296,0.9999182008206844,6.174262369051576
4178,algoQD,41,297,0.9999182008206844,5.719402433023788
4179,algoQD,41,297,0.9999182008206844,6.1284136440372095
4180,algoQD,41,297,0.9999182008206844,6.369978613918647
4181,algoQD,41,297,0.9999182008206844,6.047117234091274
4182,algoQD,41,297,0.9999182008206844,6.112812597071752
4183,algoQD,41,297,0.9999182008206844,6.0315431880299
4184,algoQD,41,297,0.9999182008206844,5.9824182679876685
4185,algoQD,41,297,0.9999182008206844,6.070220203022473
4186,algoQD,41,297,0.9999182008206844,5.841132047004066
4187,algoQD,41,297,0.9999182008206844,5.99986598698888
4188,algoQD,41,297,0.9999182008206844,6.067415263969451
4189,algoQD,41,297,0.9999182008206844,5.703876378014684
4190,algoQD,41,297,0.9999182008206844,5.51300822396297
4191,algoQD,41,297,0.9999182008206844,5.990359877003357
4192,algoQD,41,297,0.9999182008206844,6.172293139039539
4193,algoQD,41,297,0.9999182008206844,5.911340037011541
4194,algoQD,41,298,0.9999182008206844,5.84491975302808
4195,algoQD,41,298,0.9999182008206844,5.929330119048245
4196,algoQD,41,298,0.9999182008206844,6.065083496971056
4197,algoQD,41,298,0.9999182008206844,5.696830536937341
4198,algoQD,41,298,0.9999182008206844,5.768781448947266
4199,algoQD,41,298,0.9999182008206844,5.861375825945288
4200,algoQD,42,298,0.9999182008206844,6.104955111048184
4201,algoQD,42,298,0.9999182008206844,6.062672603060491
4202,algoQD,42,298,0.9999182008206844,6.254756724927574
4203,algoQD,42,298,0.9999182008206844,6.047475459985435
4204,algoQD,42,298,0.9999182008206844,5.462054252973758
4205,algoQD,42,298,0.9999182008206844,5.917620223946869
4206,algoQD,42,299,0.9999182008206844,5.991905877017416
4207,algoQD,42,299,0.9999182008206844,6.10351769591216
4208,algoQD,42,299,0.9999182008206844,5.956813302938826
4209,algoQD,42,299,0.9999182008206844,6.267349587986246
4210,algoQD,42,299,0.9999182008206844,6.118372593075037
4211,algoQD,42,299,0.9999182008206844,5.798855220898986
4212,algoQD,42,299,0.9999182008206844,5.879430408007465
4213,algoQD,42,299,0.9999182008206844,4.944921497022733
4214,algoQD,42,299,0.9999182008206844,5.938584552961402
4215,algoQD,42,299,0.9999182008206844,5.846729041892104
4216,algoQD,42,299,0.9999182008206844,5.871139743947424
4217,algoQD,42,299,0.9999182008206844,5.990781201981008
4218,algoQD,42,299,0.9999182008206844,5.8494136549998075
4219,algoQD,42,299,0.9999182008206844,6.126472056028433
4220,algoQD,42,299,0.9999182008206844,5.156255529029295
4221,algoQD,42,299,0.9999182008206844,5.185032979934476
4222,algoQD,42,299,0.9999182008206844,5.8682443629950285
4223,algoQD,42,299,0.9999182008206844,5.6225650400156155
4224,algoQD,42,299,0.9999182008206844,5.986417026026174
4225,algoQD,42,299,0.9999182008206844,5.7994217609521
4226,algoQD,42,299,0.9999182008206844,6.191469290992245
4227,algoQD,42,299,0.9999182008206844,5.445019387057982
4228,algoQD,42,299,0.9999182008206844,5.545595303992741
4229,algoQD,42,299,0.9999182008206844,5.8825532080372795
4230,algoQD,42,299,0.9999182008206844,5.682275534956716
4231,algoQD,42,299,0.9999182008206844,5.412436415092088
4232,algoQD,42,299,0.9999182008206844,5.354744573007338
4233,algoQD,42,299,0.9999182008206844,5.315952115925029
4234,algoQD,42,299,0.9999182008206844,5.821874952991493
4235,algoQD,42,299,0.9999182008206844,5.755672010942362
4236,algoQD,42,299,0.9999182008206844,5.354979046038352
4237,algoQD,42,299,0.9999182008206844,5.858290827018209
4238,algoQD,42,299,0.9999182008206844,5.841409191023558
4239,algoQD,42,299,0.9999182008206844,5.9161049500107765
4240,algoQD,42,299,0.9999182008206844,5.735147480969317
4241,algoQD,42,299,0.9999182008206844,5.310980194946751
4242,algoQD,42,299,0.9999182008206844,5.977881280006841
4243,algoQD,42,299,0.9999182008206844,6.487553418963216
4244,algoQD,42,299,0.9999182008206844,6.1259438280249014
4245,algoQD,42,299,0.9999182008206844,5.29507716698572
4246,algoQD,42,299,0.9999182008206844,5.823440779931843
4247,algoQD,42,300,0.9999182008206844,5.797178531065583
4248,algoQD,42,300,0.9999182008206844,5.093190966988914
4249,algoQD,42,300,0.9999182008206844,6.1932890879688784
4250,algoQD,42,300,0.9999182008206844,5.9327807480003685
4251,algoQD,42,300,0.9999182008206844,5.397993716993369
4252,algoQD,42,300,0.9999182008206844,5.657379177049734
4253,algoQD,42,300,0.9999182008206844,6.197190440027043
4254,algoQD,42,300,0.9999182008206844,6.094157010084018
4255,algoQD,42,300,0.9999182008206844,6.028732186998241
4256,algoQD,42,300,0.9999182008206844,5.2777575249783695
4257,algoQD,42,300,0.9999182008206844,5.771243060007691
4258,algoQD,42,300,0.9999182008206844,5.410277634044178
4259,algoQD,42,300,0.9999182008206844,5.569264794001356
4260,algoQD,42,300,0.9999182008206844,6.119589410955086
4261,algoQD,42,300,0.9999182008206844,6.228672120952979
4262,algoQD,42,300,0.9999182008206844,5.776187423034571
4263,algoQD,42,300,0.9999182008206844,6.006439277087338
4264,algoQD,42,300,0.9999182008206844,6.085130405961536
4265,algoQD,42,300,0.9999182008206844,5.926648390945047
4266,algoQD,42,300,0.9999182008206844,6.10866149503272
4267,algoQD,42,300,0.9999182008206844,5.145714503945783
4268,algoQD,42,300,0.9999182008206844,6.099455410963856
4269,algoQD,42,300,0.9999182008206844,6.108098490978591
4270,algoQD,42,300,0.9999182008206844,5.873571707052179
4271,algoQD,42,300,0.9999182008206844,5.605135348974727
4272,algoQD,42,300,0.9999182008206844,5.731186076067388
4273,algoQD,42,300,0.9999182008206844,5.4786401389865205
4274,algoQD,42,300,0.9999182008206844,5.900694674928673
4275,algoQD,42,300,0.9999182008206844,5.77699618996121
4276,algoQD,42,300,0.9999182008206844,6.703940978972241
4277,algoQD,42,300,0.9999182008206844,6.029115039971657
4278,algoQD,42,300,0.9999182008206844,5.613346874015406
4279,algoQD,42,300,0.9999182008206844,5.930272228084505
4280,algoQD,42,300,0.9999182008206844,5.347428501001559
4281,algoQD,42,300,0.9999182008206844,5.9802646830212325
4282,algoQD,42,300,0.9999182008206844,5.991483820020221
4283,algoQD,42,300,0.9999182008206844,5.962462084949948
4284,algoQD,42,301,0.9999182008206844,5.974600933026522
4285,algoQD,42,301,0.9999182008206844,5.7100657630944625
4286,algoQD,42,301,0.9999182008206844,6.102963919984177
4287,algoQD,42,301,0.9999182008206844,6.002867689006962
4288,algoQD,42,301,0.9999182008206844,6.443075972958468
4289,algoQD,42,301,0.9999182008206844,6.008443174068816
4290,algoQD,42,301,0.9999182008206844,5.861358803929761
4291,algoQD,42,301,0.9999182008206844,5.873396727954969
4292,algoQD,42,301,0.9999182008206844,6.44883937202394
4293,algoQD,42,301,0.9999182008206844,5.454745844937861
4294,algoQD,42,301,0.9999182008206844,6.10553311300464
4295,algoQD,42,301,0.9999182008206844,5.218580886023119
4296,algoQD,42,301,0.9999182008206844,6.636951499967836
4297,algoQD,42,301,0.9999182008206844,6.009825184009969
4298,algoQD,42,301,0.9999182008206844,6.3983856060076505
4299,algoQD,42,301,0.9999182008206844,5.897755020065233
4300,algoQD,43,301,0.9999182008206844,5.4236299130134284
4301,algoQD,43,301,0.9999182008206844,5.661181280040182
4302,algoQD,43,301,0.9999182008206844,6.245297132991254
4303,algoQD,43,301,0.9999182008206844,5.896886017988436
4304,algoQD,43,301,0.9999182008206844,5.969177455059253
4305,algoQD,43,301,0.9999182008206844,5.71172260295134
4306,algoQD,43,301,0.9999182008206844,5.6130675949389115
4307,algoQD,43,301,0.9999182008206844,6.20796197198797
4308,algoQD,43,301,0.9999182008206844,5.686429724912159
4309,algoQD,43,301,0.9999182008206844,5.839804457966238
4310,algoQD,43,301,0.9999182008206844,5.170501947053708
4311,algoQD,43,301,0.9999182008206844,5.232504524989054
4312,algoQD,43,301,0.9999182008206844,6.167958137928508
4313,algoQD,43,301,0.9999182008206844,6.187910216045566
4314,algoQD,43,301,0.9999182008206844,5.80047332693357
4315,algoQD,43,301,0.9999182008206844,5.66618943202775
4316,algoQD,43,301,0.9999182008206844,5.884252097923309
4317,algoQD,43,301,0.9999182008206844,5.810158406035043
4318,algoQD,43,301,0.9999182008206844,6.195195320062339
4319,algoQD,43,301,0.9999182008206844,5.0816044410457835
4320,algoQD,43,301,0.9999182008206844,6.051711253006943
4321,algoQD,43,301,0.9999182008206844,5.4228624439565465
4322,algoQD,43,301,0.9999182008206844,5.4901027960004285
4323,algoQD,43,301,0.9999182008206844,5.611874080030248
4324,algoQD,43,301,0.9999182008206844,5.508456193958409
4325,algoQD,43,301,0.9999182008206844,5.875593477976508
4326,algoQD,43,301,0.9999182008206844,5.7616337049985304
4327,algoQD,43,301,0.9999182008206844,5.947544212103821
4328,algoQD,43,301,0.9999182008206844,5.684867233969271
4329,algoQD,43,301,0.9999182008206844,6.0545482870657
4330,algoQD,43,301,0.9999182008206844,5.518267547944561
4331,algoQD,43,301,0.9999182008206844,5.9692960740067065
4332,algoQD,43,301,0.9999182008206844,6.112763786921278
4333,algoQD,43,301,0.9999182008206844,5.470593373989686
4334,algoQD,43,301,0.9999182008206844,5.961564566008747
4335,algoQD,43,301,0.9999182008206844,6.301666397019289
4336,algoQD,43,301,0.9999182008206844,5.125186698045582
4337,algoQD,43,301,0.9999182008206844,5.975073448033072
4338,algoQD,43,301,0.9999182008206844,5.808937664027326
4339,algoQD,43,301,0.9999182008206844,5.964301405940205
4340,algoQD,43,301,0.9999182008206844,6.074618817074224
4341,algoQD,43,301,0.9999182008206844,5.8893204890191555
4342,algoQD,43,301,0.9999182008206844,5.714173980988562
4343,algoQD,43,301,0.9999182008206844,5.373038655030541
4344,algoQD,43,301,0.9999182008206844,6.092146622017026
4345,algoQD,43,301,0.9999182008206844,6.0133439369965345
4346,algoQD,43,301,0.9999182008206844,5.997142616077326
4347,algoQD,43,301,0.9999182008206844,5.914401256013662
4348,algoQD,43,301,0.9999182008206844,5.448695871978998
4349,algoQD,43,301,0.9999182008206844,5.920156529988162
4350,algoQD,43,301,0.9999182008206844,6.092389272991568
4351,algoQD,43,301,0.9999182008206844,5.5223935540998355
4352,algoQD,43,301,0.9999182008206844,5.9001327470177785
4353,algoQD,43,301,0.9999182008206844,5.92674602009356
4354,algoQD,43,301,0.9999182008206844,5.930786654003896
4355,algoQD,43,301,0.9999182008206844,5.933895547990687
4356,algoQD,43,301,0.9999182008206844,5.970510925981216
4357,algoQD,43,302,0.9999182008206844,5.938526257057674
4358,algoQD,43,302,0.9999182008206844,5.991260632988997
4359,algoQD,43,302,0.9999182008206844,6.073763272026554
4360,algoQD,43,302,0.9999182008206844,6.097479579970241
4361,algoQD,43,302,0.9999182008206844,5.446631270926446
4362,algoQD,43,302,0.9999182008206844,5.711070396006107
4363,algoQD,43,303,0.9999182008206844,6.030078514944762
4364,algoQD,43,303,0.9999182008206844,6.0387874690350145
4365,algoQD,43,303,0.9999182008206844,6.263877008925192
4366,algoQD,43,303,0.9999182008206844,5.865312258014455
4367,algoQD,43,303,0.9999182008206844,5.84527963900473
4368,algoQD,43,303,0.9999182008206844,5.194248474086635
4369,algoQD,43,303,0.9999182008206844,5.486459127976559
4370,algoQD,43,303,0.9999182008206844,6.545000656973571
4371,algoQD,43,303,0.9999182008206844,6.101026402087882
4372,algoQD,43,303,0.9999182008206844,6.350926678045653
4373,algoQD,43,303,0.9999182008206844,5.075746739050373
4374,algoQD,43,303,0.9999182008206844,6.116694445023313
4375,algoQD,43,303,0.9999182008206844,5.83795752399601
4376,algoQD,43,303,0.9999182008206844,6.213740320992656
4377,algoQD,43,303,0.9999182008206844,5.916104502975941
4378,algoQD,43,303,0.9999182008206844,5.750684402068146
4379,algoQD,43,303,0.9999182008206844,5.227876477991231
4380,algoQD,43,303,0.9999182008206844,5.739753238973208
4381,algoQD,43,303,0.9999182008206844,6.18781407608185
4382,algoQD,43,303,0.9999182008206844,6.139023751951754
4383,algoQD,43,303,0.9999182008206844,5.891777441021986
4384,algoQD,43,303,0.9999182008206844,5.677854259032756
4385,algoQD,43,303,0.9999182008206844,5.8894194749882445
4386,algoQD,43,304,0.9999182008206844,6.018697822000831
4387,algoQD,43,304,0.9999182008206844,5.92342949390877
4388,algoQD,43,304,0.9999182008206844,5.9968735369620845
4389,algoQD,43,304,0.9999182008206844,5.4367848770925775
4390,algoQD,43,304,0.9999182008206844,5.380957328015938
4391,algoQD,43,304,0.9999182008206844,5.981041684979573
4392,algoQD,43,304,0.9999182008206844,5.8546829940751195
4393,algoQD,43,304,0.9999182008206844,5.931175768026151
4394,algoQD,43,304,0.9999182008206844,6.047249386901967
4395,algoQD,43,304,0.9999182008206844,6.232743344968185
4396,algoQD,43,304,0.9999182008206844,5.759875177987851
4397,algoQD,43,304,0.9999182008206844,5.4078924879431725
4398,algoQD,43,304,0.9999182008206844,4.672629154985771
4399,algoQD,43,304,0.9999182008206844,6.0861768060131
4400,algoQD,44,304,0.9999182008206844,5.198464899905957
4401,algoQD,44,304,0.9999182008206844,6.009691654937342
4402,algoQD,44,304,0.9999182008206844,6.173992622992955
4403,algoQD,44,304,0.9999182008206844,5.556372423074208
4404,algoQD,44,304,0.9999182008206844,5.554922834970057
4405,algoQD,44,304,0.9999182008206844,5.267249639960937
4406,algoQD,44,304,0.9999182008206844,5.741113567026332
4407,algoQD,44,304,0.9999182008206844,5.896515902946703
4408,algoQD,44,304,0.9999182008206844,5.793932604021393
4409,algoQD,44,304,0.9999182008206844,6.198500275961123
4410,algoQD,44,304,0.9999182008206844,6.203105708933435
4411,algoQD,44,304,0.9999182008206844,6.232074782019481
4412,algoQD,44,304,0.9999182008206844,5.995675825048238
4413,algoQD,44,304,0.9999182008206844,5.833346902974881
4414,algoQD,44,304,0.9999182008206844,5.8967623399803415
4415,algoQD,44,304,0.9999182008206844,6.173124021035619
4416,algoQD,44,304,0.9999182008206844,5.824202144984156
4417,algoQD,44,304,0.9999182008206844,5.684196850983426
4418,algoQD,44,304,0.9999182008206844,6.179166416986845
4419,algoQD,44,304,0.9999182008206844,5.856398214935325
4420,algoQD,44,304,0.9999182008206844,6.074319702922367
4421,algoQD,44,304,0.9999182008206844,5.794070024974644
4422,algoQD,44,304,0.9999182008206844,6.033818380092271
4423,algoQD,44,304,0.9999182008206844,5.992242667009123
4424,algoQD,44,304,0.9999182008206844,6.061730237095617
4425,algoQD,44,304,0.9999182008206844,5.448607133002952
4426,algoQD,44,304,0.9999182008206844,5.643643902963959
4427,algoQD,44,304,0.9999182008206844,6.078946624998935
4428,algoQD,44,304,0.9999182008206844,5.793179271975532
4429,algoQD,44,304,0.9999182008206844,5.840999372070655
4430,algoQD,44,304,0.9999182008206844,6.145441296044737
4431,algoQD,44,304,0.9999182008206844,5.76386031601578
4432,algoQD,44,304,0.9999182008206844,5.699293936020695
4433,algoQD,44,304,0.9999182008206844,6.27248615399003
4434,algoQD,44,304,0.9999182008206844,5.491747402003966
4435,algoQD,44,304,0.9999182008206844,5.831653453060426
4436,algoQD,44,304,0.9999182008206844,5.806603766046464
4437,algoQD,44,304,0.9999182008206844,5.33089857804589
4438,algoQD,44,304,0.9999182008206844,5.4537819910328835
4439,algoQD,44,304,0.9999182008206844,5.559491185937077
4440,algoQD,44,304,0.9999182008206844,5.7363073989981785
4441,algoQD,44,304,0.9999182008206844,6.026607405976392
4442,algoQD,44,304,0.9999182008206844,5.193796530016698
4443,algoQD,44,304,0.9999182008206844,6.061494540073909
4444,algoQD,44,304,0.9999182008206844,6.210407544975169
4445,algoQD,44,304,0.9999182008206844,5.215075512998737
4446,algoQD,44,304,0.9999182008206844,5.962000048020855
4447,algoQD,44,304,0.9999182008206844,5.0563113880343735
4448,algoQD,44,304,0.9999182008206844,6.2555970350513235
4449,algoQD,44,304,0.9999182008206844,5.7360563550610095
4450,algoQD,44,304,0.9999182008206844,5.608460025978275
4451,algoQD,44,304,0.9999182008206844,5.9998551399912685
4452,algoQD,44,304,0.9999182008206844,5.778011965099722
4453,algoQD,44,304,0.9999182008206844,5.58772685402073
4454,algoQD,44,304,0.9999182008206844,5.79805510409642
4455,algoQD,44,304,0.9999182008206844,5.179916862980463
4456,algoQD,44,304,0.9999182008206844,5.07701319095213
4457,algoQD,44,304,0.9999182008206844,5.85301787906792
4458,algoQD,44,304,0.9999182008206844,5.053186273085885
4459,algoQD,44,304,0.9999182008206844,5.802205996005796
4460,algoQD,44,304,0.9999182008206844,6.200590346008539
4461,algoQD,44,304,0.9999182008206844,6.2920661799144
4462,algoQD,44,304,0.9999182008206844,5.6518777390010655
4463,algoQD,44,304,0.9999182008206844,5.4040933100041
4464,algoQD,44,304,0.9999182008206844,5.984433272969909
4465,algoQD,44,304,0.9999182008206844,5.888085194048472
4466,algoQD,44,304,0.9999182008206844,5.349012360908091
4467,algoQD,44,304,0.9999182008206844,5.405942994053476
4468,algoQD,44,304,0.9999182008206844,6.224147130968049
4469,algoQD,44,304,0.9999182008206844,6.204005587962456
4470,algoQD,44,304,0.9999182008206844,6.034431999083608
4471,algoQD,44,304,0.9999182008206844,6.171595714986324
4472,algoQD,44,304,0.9999182008206844,6.065189872053452
4473,algoQD,44,304,0.9999182008206844,5.508202331024222
4474,algoQD,44,304,0.9999182008206844,5.407383657060564
4475,algoQD,44,304,0.9999182008206844,5.882744333008304
4476,algoQD,44,305,0.9999182008206844,6.0474084980087355
4477,algoQD,44,305,0.9999182008206844,6.323113679070957
4478,algoQD,44,305,0.9999182008206844,6.298659655964002
4479,algoQD,44,305,0.9999182008206844,6.232118544983678
4480,algoQD,44,305,0.9999182008206844,6.382332745939493
4481,algoQD,44,305,0.9999182008206844,5.741831765975803
4482,algoQD,44,305,0.9999182008206844,5.740244596963748
4483,algoQD,44,305,0.9999182008206844,5.505190272000618
4484,algoQD,44,305,0.9999182008206844,5.837635766947642
4485,algoQD,44,305,0.9999182008206844,6.070989951957017
4486,algoQD,44,305,0.9999182008206844,5.736081912997179
4487,algoQD,44,305,0.9999182008206844,6.190199373988435
4488,algoQD,44,305,0.9999182008206844,5.57202928501647
4489,algoQD,44,305,0.9999182008206844,5.4262375889811665
4490,algoQD,44,305,0.9999182008206844,5.938685287022963
4491,algoQD,44,305,0.9999182008206844,5.32775653002318
4492,algoQD,44,305,0.9999182008206844,4.968537677079439
4493,algoQD,44,305,0.9999182008206844,6.28467914101202
4494,algoQD,44,305,0.9999182008206844,5.977154268999584
4495,algoQD,44,306,0.9999182008206844,5.940020601032302
4496,algoQD,44,306,0.9999182008206844,6.165826504002325
4497,algoQD,44,306,0.9999182008206844,6.361531064030714
4498,algoQD,44,306,0.9999182008206844,5.788930173031986
4499,algoQD,44,306,0.9999182008206844,5.61285177397076
4500,algoQD,45,306,0.9999182008206844,5.639351180987433
4501,algoQD,45,306,0.9999182008206844,5.414057295070961
4502,algoQD,45,306,0.9999182008206844,6.249873781925999
4503,algoQD,45,306,0.9999182008206844,5.804698887048289
4504,algoQD,45,306,0.9999182008206844,6.2756443889811635
4505,algoQD,45,306,0.9999182008206844,6.0477297940524295
4506,algoQD,45,306,0.9999182008206844,5.425994034972973
4507,algoQD,45,306,0.9999182008206844,5.854362027021125
4508,algoQD,45,306,0.9999182008206844,6.124968150979839
4509,algoQD,45,306,0.9999182008206844,6.150755316019058
4510,algoQD,45,306,0.9999182008206844,5.593324234010652
4511,algoQD,45,306,0.9999182008206844,5.893217274919152
4512,algoQD,45,306,0.9999182008206844,5.188853117986582
4513,algoQD,45,306,0.9999182008206844,5.953892015968449
4514,algoQD,45,306,0.9999182008206844,6.127217250061221
4515,algoQD,45,306,0.9999182008206844,5.697525216033682
4516,algoQD,45,306,0.9999182008206844,5.8215335010318086
4517,algoQD,45,306,0.9999182008206844,6.089475371991284
4518,algoQD,45,306,0.9999182008206844,5.646940403035842
4519,algoQD,45,306,0.9999182008206844,6.2664711399702355
4520,algoQD,45,306,0.9999182008206844,6.109566529979929
4521,algoQD,45,307,0.9999182008206844,5.85561550501734
4522,algoQD,45,307,0.9999182008206844,6.161920237005688
4523,algoQD,45,307,0.9999182008206844,6.014916367945261
4524,algoQD,45,307,0.9999182008206844,5.649468838935718
4525,algoQD,45,307,0.9999182008206844,5.447950365021825
4526,algoQD,45,307,0.9999182008206844,5.277889888966456
4527,algoQD,45,307,0.9999182008206844,5.770338336005807
4528,algoQD,45,307,0.9999182008206844,5.8809745910111815
4529,algoQD,45,307,0.9999182008206844,5.705303487950005
4530,algoQD,45,307,0.9999182008206844,5.32820549106691
4531,algoQD,45,307,0.9999182008206844,5.985707168933004
4532,algoQD,45,307,0.9999182008206844,6.266799330012873
4533,algoQD,45,307,0.9999182008206844,5.948744272929616
4534,algoQD,45,307,0.9999182008206844,5.904073270969093
4535,algoQD,45,307,0.9999182008206844,6.03639468702022
4536,algoQD,45,307,0.9999182008206844,6.051271576085128
4537,algoQD,45,307,0.9999182008206844,6.297263568965718
4538,algoQD,45,307,0.9999182008206844,5.835552057949826
4539,algoQD,45,307,0.9999182008206844,5.904550950974226
4540,algoQD,45,307,0.9999182008206844,5.802015465917066
4541,algoQD,45,307,0.9999182008206844,6.194783346960321
4542,algoQD,45,307,0.9999182008206844,5.8581836050143465
4543,algoQD,45,307,0.9999182008206844,5.572735234978609
4544,algoQD,45,307,0.9999182008206844,6.318271958036348
4545,algoQD,45,307,0.9999182008206844,5.842956142965704
4546,algoQD,45,307,0.9999182008206844,5.850257263053209
4547,algoQD,45,307,0.9999182008206844,6.220918398932554
4548,algoQD,45,307,0.9999182008206844,6.01080721791368
4549,algoQD,45,307,0.9999182008206844,6.205609053955413
4550,algoQD,45,307,0.9999182008206844,6.050399156985804
4551,algoQD,45,307,0.9999182008206844,5.22197045001667
4552,algoQD,45,307,0.9999182008206844,6.143818224896677
4553,algoQD,45,307,0.9999182008206844,5.945717298891395
4554,algoQD,45,307,0.9999182008206844,6.1309218750102445
4555,algoQD,45,307,0.9999182008206844,4.853536779992282
4556,algoQD,45,307,0.9999182008206844,5.808163134963252
4557,algoQD,45,307,0.9999182008206844,5.691392490058206
4558,algoQD,45,307,0.9999182008206844,5.261845867964439
4559,algoQD,45,307,0.9999182008206844,5.691755797946826
4560,algoQD,45,307,0.9999182008206844,5.6985402459977195
4561,algoQD,45,307,0.9999182008206844,5.649372228886932
4562,algoQD,45,307,0.9999182008206844,6.061378310085274
4563,algoQD,45,307,0.9999182008206844,5.828509648912586
4564,algoQD,45,307,0.9999182008206844,5.40808885905426
4565,algoQD,45,307,0.9999182008206844,6.073470205999911
4566,algoQD,45,307,0.9999182008206844,6.1143068639794365
4567,algoQD,45,307,0.9999182008206844,5.28477898798883
4568,algoQD,45,307,0.9999182008206844,6.052201239042915
4569,algoQD,45,307,0.9999182008206844,5.782615417963825
4570,algoQD,45,307,0.9999182008206844,5.5513579699909315
4571,algoQD,45,307,0.9999182008206844,5.820825912989676
4572,algoQD,45,307,0.9999182008206844,5.8513252979610115
4573,algoQD,45,307,0.9999182008206844,5.662870481959544
4574,algoQD,45,307,0.9999182008206844,5.766952803940512
4575,algoQD,45,307,0.9999182008206844,5.768396702944301
4576,algoQD,45,307,0.9999182008206844,5.953745378996246
4577,algoQD,45,307,0.9999182008206844,5.575824909028597
4578,algoQD,45,307,0.9999182008206844,5.485577626037411
4579,algoQD,45,307,0.9999182008206844,5.117570986971259
4580,algoQD,45,307,0.9999182008206844,5.7761877119774
4581,algoQD,45,307,0.9999182008206844,5.166100096073933
4582,algoQD,45,307,0.9999182008206844,6.085422758944333
4583,algoQD,45,307,0.9999182008206844,5.817308456054889
4584,algoQD,45,307,0.9999182008206844,5.118905868963338
4585,algoQD,45,307,0.9999182008206844,5.545288203051314
4586,algoQD,45,307,0.9999182008206844,5.294959924998693
4587,algoQD,45,307,0.9999182008206844,6.172700601979159
4588,algoQD,45,307,0.9999182008206844,6.008233037078753
4589,algoQD,45,307,0.9999182008206844,5.912215281976387
4590,algoQD,45,307,0.9999182008206844,5.237626480055042
4591,algoQD,45,307,0.9999182008206844,5.908454888034612
4592,algoQD,45,307,0.9999182008206844,6.0725356709444895
4593,algoQD,45,308,0.9999182008206844,6.016052701044828
4594,algoQD,45,308,0.9999182008206844,5.651292546070181
4595,algoQD,45,308,0.9999182008206844,5.032204885967076
4596,algoQD,45,308,0.9999182008206844,5.978643752052449
4597,algoQD,45,308,0.9999182008206844,5.17491424002219
4598,algoQD,45,308,0.9999182008206844,5.061626253998838
4599,algoQD,45,308,0.9999182008206844,5.2594619049923494
4600,algoQD,46,308,0.9999182008206844,6.100069051957689
4601,algoQD,46,308,0.9999182008206844,6.044332814984955
4602,algoQD,46,308,0.9999182008206844,6.177808942971751
4603,algoQD,46,308,0.9999182008206844,5.82154399889987
4604,algoQD,46,308,0.9999182008206844,6.273939722101204
4605,algoQD,46,308,0.9999182008206844,5.500517373089679
4606,algoQD,46,308,0.9999182008206844,6.108722609933466
4607,algoQD,46,309,0.9999182008206844,6.290461127995513
4608,algoQD,46,309,0.9999182008206844,5.847373139928095
4609,algoQD,46,309,0.9999182008206844,5.325316239031963
4610,algoQD,46,309,0.9999182008206844,6.265254623023793
4611,algoQD,46,309,0.9999182008206844,5.861470474977978
4612,algoQD,46,309,0.9999182008206844,5.407299557933584
4613,algoQD,46,309,0.9999182008206844,6.534683139063418
4614,algoQD,46,309,0.9999182008206844,6.188448405009694
4615,algoQD,46,309,0.9999182008206844,5.820695515023544
4616,algoQD,46,309,0.9999182008206844,5.298749594017863
4617,algoQD,46,309,0.9999182008206844,6.090331705054268
4618,algoQD,46,309,0.9999182008206844,5.949196471949108
4619,algoQD,46,309,0.9999182008206844,5.99841831298545
4620,algoQD,46,309,0.9999182008206844,5.822844826965593
4621,algoQD,46,309,0.9999182008206844,6.002179791103117
4622,algoQD,46,309,0.9999182008206844,5.868382946006022
4623,algoQD,46,309,0.9999182008206844,5.902846902026795
4624,algoQD,46,309,0.9999182008206844,6.47622227401007
4625,algoQD,46,309,0.9999182008206844,6.171339549939148
4626,algoQD,46,309,0.9999182008206844,5.975788266048767
4627,algoQD,46,309,0.9999182008206844,5.682489970000461
4628,algoQD,46,310,0.9999182008206844,5.929972964106128
4629,algoQD,46,310,0.9999182008206844,5.559506125980988
4630,algoQD,46,310,0.9999182008206844,5.911368640954606
4631,algoQD,46,310,0.9999182008206844,5.805790934013203
4632,algoQD,46,310,0.9999182008206844,6.00667358096689
4633,algoQD,46,310,0.9999182008206844,6.188471609959379
4634,algoQD,46,310,0.9999182008206844,5.610581096960232
4635,algoQD,46,310,0.9999182008206844,5.860539124929346
4636,algoQD,46,310,0.9999182008206844,5.5305550650227815
4637,algoQD,46,310,0.9999182008206844,5.513935455004685
4638,algoQD,46,310,0.9999182008206844,5.583611791022122
4639,algoQD,46,310,0.9999182008206844,5.725656618946232
4640,algoQD,46,310,0.9999182008206844,4.782748415018432
4641,algoQD,46,310,0.9999182008206844,5.439861941034906
4642,algoQD,46,310,0.9999182008206844,5.62952383607626
4643,algoQD,46,310,0.9999182008206844,5.324108486063778
4644,algoQD,46,310,0.9999182008206844,5.430035145021975
4645,algoQD,46,310,0.9999182008206844,5.671489607077092
4646,algoQD,46,310,0.9999182008206844,5.357547697960399
4647,algoQD,46,310,0.9999182008206844,5.777733464026824
4648,algoQD,46,310,0.9999182008206844,5.582782614976168
4649,algoQD,46,310,0.9999182008206844,5.422165435971692
4650,algoQD,46,310,0.9999182008206844,5.66199749300722
4651,algoQD,46,310,0.9999182008206844,5.642781856004149
4652,algoQD,46,310,0.9999182008206844,5.4448432619683444
4653,algoQD,46,310,0.9999182008206844,5.6444974479964
4654,algoQD,46,310,0.9999182008206844,5.099178245989606
4655,algoQD,46,310,0.9999182008206844,5.293564747902565
4656,algoQD,46,310,0.9999182008206844,5.265992111992091
4657,algoQD,46,310,0.9999182008206844,5.178940849029459
4658,algoQD,46,310,0.9999182008206844,5.649781530955806
4659,algoQD,46,310,0.9999182008206844,5.513243347988464
4660,algoQD,46,310,0.9999182008206844,5.448120404034853
4661,algoQD,46,310,0.9999182008206844,5.486426748917438
4662,algoQD,46,310,0.9999182008206844,5.537456956924871
4663,algoQD,46,310,0.9999182008206844,5.715053886990063
4664,algoQD,46,310,0.9999182008206844,5.766948997974396
4665,algoQD,46,310,0.9999182008206844,5.6965907629346475
4666,algoQD,46,310,0.9999182008206844,5.821219014003873
4667,algoQD,46,311,0.9999182008206844,5.447318629943766
4668,algoQD,46,311,0.9999182008206844,5.3004462900571525
4669,algoQD,46,311,0.9999182008206844,5.6040831269929186
4670,algoQD,46,311,0.9999182008206844,5.498900347971357
4671,algoQD,46,311,0.9999182008206844,5.0710628349334
4672,algoQD,46,311,0.9999182008206844,6.23844468803145
4673,algoQD,46,311,0.9999182008206844,5.876133779995143
4674,algoQD,46,311,0.9999182008206844,5.9360179849900305
4675,algoQD,46,311,0.9999182008206844,5.229308622889221
4676,algoQD,46,312,0.9999182008206844,6.183025258942507
4677,algoQD,46,312,0.9999182008206844,5.773073217016645
4678,algoQD,46,312,0.9999182008206844,5.678604339947924
4679,algoQD,46,312,0.9999182008206844,6.067271334002726
4680,algoQD,46,312,0.9999182008206844,5.38009210198652
4681,algoQD,46,312,0.9999182008206844,5.393469364033081
4682,algoQD,46,312,0.9999182008206844,6.269705432932824
4683,algoQD,46,312,0.9999182008206844,6.194953304948285
4684,algoQD,46,312,0.9999182008206844,5.769917456083931
4685,algoQD,46,312,0.9999182008206844,5.889630798017606
4686,algoQD,46,312,0.9999182008206844,5.344229966052808
4687,algoQD,46,312,0.9999182008206844,5.906181068974547
4688,algoQD,46,312,0.9999182008206844,5.933667692006566
4689,algoQD,46,312,0.9999182008206844,6.039843532023951
4690,algoQD,46,312,0.9999182008206844,5.676261077984236
4691,algoQD,46,312,0.9999182008206844,5.5030348629225045
4692,algoQD,46,312,0.9999182008206844,5.765015779994428
4693,algoQD,46,312,0.9999182008206844,5.424474489991553
4694,algoQD,46,312,0.9999182008206844,5.898600076092407
4695,algoQD,46,312,0.9999182008206844,6.074239740031771
4696,algoQD,46,313,0.9999182008206844,5.966140417032875
4697,algoQD,46,313,0.9999182008206844,6.1279172679642215
4698,algoQD,46,313,0.9999182008206844,5.881340435007587
4699,algoQD,46,313,0.9999182008206844,5.656500029959716
4700,algoQD,47,313,0.9999182008206844,5.932806945987977
4701,algoQD,47,313,0.9999182008206844,6.246738929999992
4702,algoQD,47,313,0.9999182008206844,5.832923816982657
4703,algoQD,47,313,0.9999182008206844,5.486911418964155
4704,algoQD,47,313,0.9999182008206844,5.845286885043606
4705,algoQD,47,313,0.9999182008206844,6.071641791029833
4706,algoQD,47,313,0.9999182008206844,6.361554923932999
4707,algoQD,47,313,0.9999182008206844,5.414275169023313
4708,algoQD,47,313,0.9999182008206844,6.039857066934928
4709,algoQD,47,313,0.9999182008206844,6.330592794925906
4710,algoQD,47,313,0.9999182008206844,5.967854995978996
4711,algoQD,47,313,0.9999182008206844,6.142741217976436
4712,algoQD,47,313,0.9999182008206844,6.035108765936457
4713,algoQD,47,313,0.9999182008206844,6.03384295408614
4714,algoQD,47,314,0.9999182008206844,6.148600679007359
4715,algoQD,47,314,0.9999182008206844,5.834221928031184
4716,algoQD,47,314,0.9999182008206844,5.034484782023355
4717,algoQD,47,314,0.9999182008206844,5.608045120025054
4718,algoQD,47,315,0.9999182008206844,5.967674373998307
4719,algoQD,47,315,0.9999182008206844,5.843127776053734
4720,algoQD,47,315,0.9999182008206844,6.4670043209334835
4721,algoQD,47,315,0.9999182008206844,6.499323835945688
4722,algoQD,47,315,0.9999182008206844,5.629488755017519
4723,algoQD,47,315,0.9999182008206844,6.209709997987375
4724,algoQD,47,315,0.9999182008206844,5.4105398210231215
4725,algoQD,47,315,0.9999182008206844,6.075749172014184
4726,algoQD,47,315,0.9999182008206844,6.049443359021097
4727,algoQD,47,315,0.9999182008206844,5.820260971901007
4728,algoQD,47,315,0.9999182008206844,6.184300860972144
4729,algoQD,47,315,0.9999182008206844,5.875952464994043
4730,algoQD,47,315,0.9999182008206844,5.891928598983213
4731,algoQD,47,315,0.9999182008206844,5.965039978036657
4732,algoQD,47,315,0.9999182008206844,5.952563985949382
4733,algoQD,47,315,0.9999182008206844,6.051476420951076
4734,algoQD,47,315,0.9999182008206844,6.157570926006883
4735,algoQD,47,315,0.9999182008206844,6.209421764011495
4736,algoQD,47,315,0.9999182008206844,5.469105707015842
4737,algoQD,47,315,0.9999182008206844,5.86458195198793
4738,algoQD,47,315,0.9999182008206844,6.081354473019019
4739,algoQD,47,315,0.9999182008206844,5.876572906970978
4740,algoQD,47,315,0.9999182008206844,6.060674068983644
4741,algoQD,47,315,0.9999182008206844,5.994605337968096
4742,algoQD,47,315,0.9999182008206844,6.1452515489654616
4743,algoQD,47,315,0.9999182008206844,5.802018683985807
4744,algoQD,47,315,0.9999182008206844,5.624256891082041
4745,algoQD,47,315,0.9999182008206844,6.12774065497797
4746,algoQD,47,315,0.9999182008206844,6.000475440057926
4747,algoQD,47,315,0.9999182008206844,6.037198603968136
4748,algoQD,47,315,0.9999182008206844,6.050489105051383
4749,algoQD,47,315,0.9999182008206844,5.625072571914643
4750,algoQD,47,315,0.9999182008206844,5.248514701030217
4751,algoQD,47,315,0.9999182008206844,5.742135370965116
4752,algoQD,47,315,0.9999182008206844,5.876118859974667
4753,algoQD,47,315,0.9999182008206844,5.873045122018084
4754,algoQD,47,315,0.9999182008206844,5.73942984698806
4755,algoQD,47,315,0.9999182008206844,5.931083800038323
4756,algoQD,47,315,0.9999182008206844,5.8083103919634596
4757,algoQD,47,315,0.9999182008206844,6.332179042045027
4758,algoQD,47,315,0.9999182008206844,5.307493303902447
4759,algoQD,47,315,0.9999182008206844,5.659804253955372
4760,algoQD,47,315,0.9999182008206844,6.071481017977931
4761,algoQD,47,315,0.9999182008206844,5.330319433007389
4762,algoQD,47,315,0.9999182008206844,5.445666742045432
4763,algoQD,47,315,0.9999182008206844,6.3251009789528325
4764,algoQD,47,315,0.9999182008206844,6.273531361948699
4765,algoQD,47,315,0.9999182008206844,6.057404772029258
4766,algoQD,47,315,0.9999182008206844,5.864496160065755
4767,algoQD,47,315,0.9999182008206844,5.588775629992597
4768,algoQD,47,315,0.9999182008206844,5.9117639370961115
4769,algoQD,47,315,0.9999182008206844,5.9959914369974285
4770,algoQD,47,315,0.9999182008206844,5.847683814004995
4771,algoQD,47,315,0.9999182008206844,5.901627373998053
4772,algoQD,47,315,0.9999182008206844,6.073854501941241
4773,algoQD,47,315,0.9999182008206844,5.601657761959359
4774,algoQD,47,315,0.9999182008206844,6.134422570001334
4775,algoQD,47,315,0.9999182008206844,5.983081365004182
4776,algoQD,47,315,0.9999182008206844,6.300139056053013
4777,algoQD,47,315,0.9999182008206844,5.359183950000443
4778,algoQD,47,315,0.9999182008206844,5.985554869053885
4779,algoQD,47,315,0.9999182008206844,5.3693580200197175
4780,algoQD,47,315,0.9999182008206844,5.8999542449600995
4781,algoQD,47,315,0.9999182008206844,6.172113294014707
4782,algoQD,47,315,0.9999182008206844,5.722585082054138
4783,algoQD,47,315,0.9999182008206844,5.1356790190329775
4784,algoQD,47,315,0.9999182008206844,5.2673574029468
4785,algoQD,47,315,0.9999182008206844,6.110901387990452
4786,algoQD,47,315,0.9999182008206844,5.8841112710069865
4787,algoQD,47,315,0.9999182008206844,6.095350707997568
4788,algoQD,47,315,0.9999182008206844,5.720603819005191
4789,algoQD,47,315,0.9999182008206844,5.884321527089924
4790,algoQD,47,315,0.9999182008206844,5.9984623360214755
4791,algoQD,47,315,0.9999182008206844,5.97780914301984
4792,algoQD,47,315,0.9999182008206844,5.647746611037292
4793,algoQD,47,315,0.9999182008206844,6.12960986699909
4794,algoQD,47,315,0.9999182008206844,5.857121395994909
4795,algoQD,47,315,0.9999182008206844,5.770484252949245
4796,algoQD,47,315,0.9999182008206844,5.726146763074212
4797,algoQD,47,315,0.9999182008206844,6.272405744995922
4798,algoQD,47,315,0.9999182008206844,5.847763555007987
4799,algoQD,47,315,0.9999182008206844,6.126341079943813
4800,algoQD,48,316,0.9999182008206844,6.009554813965224
4801,algoQD,48,316,0.9999182008206844,5.692300703027286
4802,algoQD,48,316,0.9999182008206844,5.878208698006347
4803,algoQD,48,316,0.9999182008206844,5.299216395011172
4804,algoQD,48,316,0.9999182008206844,5.412846639985219
4805,algoQD,48,316,0.9999182008206844,5.99121374997776
4806,algoQD,48,316,0.9999182008206844,5.76264428102877
4807,algoQD,48,316,0.9999182008206844,5.641501853009686
4808,algoQD,48,316,0.9999182008206844,5.746190322097391
4809,algoQD,48,316,0.9999182008206844,5.915674807038158
4810,algoQD,48,316,0.9999182008206844,6.125914113945328
4811,algoQD,48,316,0.9999182008206844,5.6165798750007525
4812,algoQD,48,316,0.9999182008206844,5.976442501065321
4813,algoQD,48,316,0.9999182008206844,5.9034205640200526
4814,algoQD,48,316,0.9999182008206844,5.969193757046014
4815,algoQD,48,316,0.9999182008206844,6.230743519030511
4816,algoQD,48,316,0.9999182008206844,5.681489065056667
4817,algoQD,48,316,0.9999182008206844,5.737967215012759
4818,algoQD,48,316,0.9999182008206844,5.785035185981542
4819,algoQD,48,316,0.9999182008206844,5.800192303955555
4820,algoQD,48,316,0.9999182008206844,6.072823924943805
4821,algoQD,48,316,0.9999182008206844,5.781520002987236
4822,algoQD,48,316,0.9999182008206844,5.7145968889817595
4823,algoQD,48,316,0.9999182008206844,5.802952638012357
4824,algoQD,48,316,0.9999182008206844,5.119106987956911
4825,algoQD,48,316,0.9999182008206844,6.182348701986484
4826,algoQD,48,316,0.9999182008206844,5.819401215994731
4827,algoQD,48,316,0.9999182008206844,5.603390776086599
4828,algoQD,48,316,0.9999182008206844,4.977206578012556
4829,algoQD,48,316,0.9999182008206844,5.813004330033436
4830,algoQD,48,316,0.9999182008206844,6.080899353022687
4831,algoQD,48,316,0.9999182008206844,5.540070096962154
4832,algoQD,48,316,0.9999182008206844,5.941999483969994
4833,algoQD,48,316,0.9999182008206844,6.02268181706313
4834,algoQD,48,316,0.9999182008206844,6.072342415107414
4835,algoQD,48,316,0.9999182008206844,6.319519932963885
4836,algoQD,48,316,0.9999182008206844,6.0711378999985754
4837,algoQD,48,316,0.9999182008206844,6.129758126917295
4838,algoQD,48,316,0.9999182008206844,6.052940467023291
4839,algoQD,48,316,0.9999182008206844,5.447734897956252
4840,algoQD,48,316,0.9999182008206844,5.426703952020034
4841,algoQD,48,316,0.9999182008206844,5.869098084047437
4842,algoQD,48,316,0.9999182008206844,5.854157294961624
4843,algoQD,48,316,0.9999182008206844,5.795970526989549
4844,algoQD,48,316,0.9999182008206844,6.12100767402444
4845,algoQD,48,316,0.9999182008206844,5.355843988945708
4846,algoQD,48,316,0.9999182008206844,5.199669042020105
4847,algoQD,48,316,0.9999182008206844,5.830427270033397
4848,algoQD,48,316,0.9999182008206844,5.9430770800681785
4849,algoQD,48,316,0.9999182008206844,5.328747882973403
4850,algoQD,48,316,0.9999182008206844,5.0968193269800395
4851,algoQD,48,316,0.9999182008206844,5.9096861210418865
4852,algoQD,48,316,0.9999182008206844,5.364101842045784
4853,algoQD,48,316,0.9999182008206844,5.558707630028948
4854,algoQD,48,316,0.9999182008206844,6.186078608036041
4855,algoQD,48,316,0.9999182008206844,6.063572425046004
4856,algoQD,48,316,0.9999182008206844,5.997698982944712
4857,algoQD,48,316,0.9999182008206844,4.945307109039277
4858,algoQD,48,316,0.9999182008206844,6.370579906972125
4859,algoQD,48,316,0.9999182008206844,5.965956128900871
4860,algoQD,48,316,0.9999182008206844,5.800250021973625
4861,algoQD,48,316,0.9999182008206844,6.122356645995751
4862,algoQD,48,316,0.9999182008206844,5.7611013350542635
4863,algoQD,48,316,0.9999182008206844,6.132487955037504
4864,algoQD,48,316,0.9999182008206844,5.815665781963617
4865,algoQD,48,316,0.9999182008206844,6.0217230709968135
4866,algoQD,48,316,0.9999182008206844,5.8828820049529895
4867,algoQD,48,316,0.9999182008206844,6.214528016047552
4868,algoQD,48,316,0.9999182008206844,6.605405224021524
4869,algoQD,48,316,0.9999182008206844,5.729828116018325
4870,algoQD,48,316,0.9999182008206844,5.404702092986554
4871,algoQD,48,316,0.9999182008206844,5.220283280941658
4872,algoQD,48,316,0.9999182008206844,5.105987644987181
4873,algoQD,48,316,0.9999182008206844,6.008031440083869
4874,algoQD,48,316,0.9999182008206844,5.7916787000140175
4875,algoQD,48,316,0.9999182008206844,5.915796013898216
4876,algoQD,48,316,0.9999182008206844,5.355721787898801
4877,algoQD,48,316,0.9999182008206844,5.723657815949991
4878,algoQD,48,316,0.9999182008206844,5.943576966994442
4879,algoQD,48,316,0.9999182008206844,5.908859227085486
4880,algoQD,48,316,0.9999182008206844,5.642148969927803
4881,algoQD,48,316,0.9999182008206844,5.41237630310934
4882,algoQD,48,316,0.9999182008206844,5.40797845297493
4883,algoQD,48,316,0.9999182008206844,6.180494270985946
4884,algoQD,48,316,0.9999182008206844,5.791905498015694
4885,algoQD,48,316,0.9999182008206844,5.848667447920889
4886,algoQD,48,316,0.9999182008206844,5.434602199005894
4887,algoQD,48,316,0.9999182008206844,5.850857825949788
4888,algoQD,48,316,0.9999182008206844,6.0191456789616495
4889,algoQD,48,316,0.9999182008206844,5.836104861926287
4890,algoQD,48,316,0.9999182008206844,5.96984158095438
4891,algoQD,48,316,0.9999182008206844,5.9262229760643095
4892,algoQD,48,316,0.9999182008206844,6.125736497109756
4893,algoQD,48,316,0.9999182008206844,6.142062945989892
4894,algoQD,48,317,0.9999182008206844,5.795641937991604
4895,algoQD,48,317,0.9999182008206844,5.180542262038216
4896,algoQD,48,317,0.9999182008206844,5.865266510983929
4897,algoQD,48,317,0.9999182008206844,5.434129934990779
4898,algoQD,48,317,0.9999182008206844,6.012596805929206
4899,algoQD,48,317,0.9999182008206844,5.665986730018631
4900,algoQD,49,317,0.9999182008206844,6.171861049020663
4901,algoQD,49,317,0.9999182008206844,6.0026828229893
4902,algoQD,49,317,0.9999182008206844,6.08185386704281
4903,algoQD,49,317,0.9999182008206844,5.933738726074807
4904,algoQD,49,317,0.9999182008206844,6.522732515935786
4905,algoQD,49,317,0.9999182008206844,6.16503571299836
4906,algoQD,49,317,0.9999182008206844,5.88561228394974
4907,algoQD,49,317,0.9999182008206844,5.895428542047739
4908,algoQD,49,317,0.9999182008206844,5.3924605329521
4909,algoQD,49,317,0.9999182008206844,6.002585509908386
4910,algoQD,49,317,0.9999182008206844,5.749125367030501
4911,algoQD,49,317,0.9999182008206844,6.125402798061259
4912,algoQD,49,317,0.9999182008206844,6.1489744449499995
4913,algoQD,49,317,0.9999182008206844,6.214740757015534
4914,algoQD,49,317,0.9999182008206844,6.0339505730662495
4915,algoQD,49,317,0.9999182008206844,6.019113018061034
4916,algoQD,49,317,0.9999182008206844,5.5083593799499795
4917,algoQD,49,317,0.9999182008206844,5.953748735017143
4918,algoQD,49,317,0.9999182008206844,5.979536900063977
4919,algoQD,49,317,0.9999182008206844,6.110631927964278
4920,algoQD,49,317,0.9999182008206844,5.4162375290179625
4921,algoQD,49,317,0.9999182008206844,6.147199732949957
4922,algoQD,49,317,0.9999182008206844,6.01521354005672
4923,algoQD,49,317,0.9999182008206844,5.828033690922894
4924,algoQD,49,317,0.9999182008206844,6.108089274959639
4925,algoQD,49,317,0.9999182008206844,6.136734629049897
4926,algoQD,49,317,0.9999182008206844,5.783576693967916
4927,algoQD,49,317,0.9999182008206844,5.783140587969683
4928,algoQD,49,317,0.9999182008206844,5.872705867048353
4929,algoQD,49,317,0.9999182008206844,5.604648383916356
4930,algoQD,49,317,0.9999182008206844,5.962257020990364
4931,algoQD,49,317,0.9999182008206844,5.795930613996461
4932,algoQD,49,317,0.9999182008206844,6.551464745076373
4933,algoQD,49,317,0.9999182008206844,5.527048110961914
4934,algoQD,49,317,0.9999182008206844,6.0941156829940155
4935,algoQD,49,317,0.9999182008206844,5.739496223046444
4936,algoQD,49,317,0.9999182008206844,5.164876803988591
4937,algoQD,49,317,0.9999182008206844,6.386636588955298
4938,algoQD,49,317,0.9999182008206844,5.108775281929411
4939,algoQD,49,317,0.9999182008206844,5.851810869993642
4940,algoQD,49,317,0.9999182008206844,5.932273618062027
4941,algoQD,49,317,0.9999182008206844,5.751456159981899
4942,algoQD,49,317,0.9999182008206844,5.607752018026076
4943,algoQD,49,317,0.9999182008206844,5.518641878035851
4944,algoQD,49,317,0.9999182008206844,5.897044273093343
4945,algoQD,49,317,0.9999182008206844,6.147818742087111
4946,algoQD,49,317,0.9999182008206844,6.004462596029043
4947,algoQD,49,317,0.9999182008206844,6.048392280004919
4948,algoQD,49,317,0.9999182008206844,6.128507605055347
4949,algoQD,49,317,0.9999182008206844,5.7800673299934715
4950,algoQD,49,317,0.9999182008206844,5.251909578917548
4951,algoQD,49,317,0.9999182008206844,5.99932624399662
4952,algoQD,49,317,0.9999182008206844,5.678457724046893
4953,algoQD,49,317,0.9999182008206844,6.038837095955387
4954,algoQD,49,317,0.9999182008206844,6.05466667492874
4955,algoQD,49,317,0.9999182008206844,5.69114025705494
4956,algoQD,49,317,0.9999182008206844,5.909328564070165
4957,algoQD,49,317,0.9999182008206844,6.332818331080489
4958,algoQD,49,317,0.9999182008206844,5.900692738010548
4959,algoQD,49,317,0.9999182008206844,6.136311951093376
4960,algoQD,49,317,0.9999182008206844,6.364551269100048
4961,algoQD,49,317,0.9999182008206844,6.115375882014632
4962,algoQD,49,317,0.9999182008206844,6.100017654011026
4963,algoQD,49,317,0.9999182008206844,6.265802890062332
4964,algoQD,49,317,0.9999182008206844,5.778279892983846
4965,algoQD,49,317,0.9999182008206844,5.681356351007707
4966,algoQD,49,317,0.9999182008206844,5.637046508025378
4967,algoQD,49,317,0.9999182008206844,6.110042967018671
4968,algoQD,49,317,0.9999182008206844,4.757287940941751
4969,algoQD,49,317,0.9999182008206844,5.103496759082191
4970,algoQD,49,317,0.9999182008206844,6.0399120869114995
4971,algoQD,49,317,0.9999182008206844,6.029674973106012
4972,algoQD,49,317,0.9999182008206844,6.002077729906887
4973,algoQD,49,317,0.9999182008206844,6.1219832269707695
4974,algoQD,49,317,0.9999182008206844,5.874487834982574
4975,algoQD,49,317,0.9999182008206844,5.9691450679674745
4976,algoQD,49,317,0.9999182008206844,5.197507356060669
4977,algoQD,49,317,0.9999182008206844,5.8169467999832705
4978,algoQD,49,317,0.9999182008206844,5.819782227044925
4979,algoQD,49,317,0.9999182008206844,6.04363548499532
4980,algoQD,49,317,0.9999182008206844,5.272673171013594
4981,algoQD,49,317,0.9999182008206844,6.1092797429300845
4982,algoQD,49,317,0.9999182008206844,5.764213275979273
4983,algoQD,49,317,0.9999182008206844,6.496223523048684
4984,algoQD,49,317,0.9999182008206844,6.39724312000908
4985,algoQD,49,317,0.9999182008206844,6.249466551933438
4986,algoQD,49,317,0.9999182008206844,6.3979259099578485
4987,algoQD,49,317,0.9999182008206844,5.007310824003071
4988,algoQD,49,317,0.9999182008206844,5.80394732800778
4989,algoQD,49,317,0.9999182008206844,5.438319482957013
4990,algoQD,49,317,0.9999182008206844,5.191326214000583
4991,algoQD,49,317,0.9999182008206844,5.651021300000139
4992,algoQD,49,317,0.9999182008206844,5.771893666940741
4993,algoQD,49,317,0.9999182008206844,5.872377930907533
4994,algoQD,49,317,0.9999182008206844,5.266051289974712
4995,algoQD,49,317,0.9999182008206844,5.660826837993227
4996,algoQD,49,317,0.9999182008206844,6.091361447935924
4997,algoQD,49,317,0.9999182008206844,5.680707680992782
4998,algoQD,49,317,0.9999182008206844,4.774322618963197
4999,algoQD,49,317,0.9999182008206844,5.724955402081832
5000,algoQD,50,317,0.9999182008206844,5.967934794956818
5001,algoQD,50,317,0.9999182008206844,5.466126471059397
5002,algoQD,50,317,0.9999182008206844,5.020071367034689
5003,algoQD,50,317,0.9999182008206844,5.6128302429569885
5004,algoQD,50,318,0.9999182008206844,5.58015129994601
5005,algoQD,50,318,0.9999182008206844,5.445218668086454
5006,algoQD,50,318,0.9999182008206844,5.519644057028927
5007,algoQD,50,318,0.9999182008206844,5.477223707945086
5008,algoQD,50,318,0.9999182008206844,5.5475985740777105
5009,algoQD,50,318,0.9999182008206844,5.689360167947598
5010,algoQD,50,318,0.9999182008206844,5.420060122967698
5011,algoQD,50,318,0.9999182008206844,5.177740545012057
5012,algoQD,50,318,0.9999182008206844,5.691450637998059
5013,algoQD,50,318,0.9999182008206844,5.685630040010437
5014,algoQD,50,318,0.9999182008206844,5.795103098032996
5015,algoQD,50,318,0.9999182008206844,5.188333799946122
5016,algoQD,50,318,0.9999182008206844,5.619293132913299
5017,algoQD,50,318,0.9999182008206844,5.3563719420926645
5018,algoQD,50,318,0.9999182008206844,5.736553183989599
5019,algoQD,50,318,0.9999182008206844,5.61443725891877
5020,algoQD,50,318,0.9999182008206844,5.721289035049267
5021,algoQD,50,318,0.9999182008206844,5.516306129982695
5022,algoQD,50,318,0.9999182008206844,5.566034918068908
5023,algoQD,50,318,0.9999182008206844,5.800237810006365
5024,algoQD,50,318,0.9999182008206844,5.268021141993813
5025,algoQD,50,318,0.9999182008206844,6.045500357984565
5026,algoQD,50,318,0.9999182008206844,6.008925913949497
5027,algoQD,50,318,0.9999182008206844,5.237473153974861
5028,algoQD,50,318,0.9999182008206844,5.942763958941214
5029,algoQD,50,318,0.9999182008206844,6.1060141830239445
5030,algoQD,50,318,0.9999182008206844,6.256078584003262
5031,algoQD,50,318,0.9999182008206844,6.380081414943561
5032,algoQD,50,318,0.9999182008206844,5.941135031054728
5033,algoQD,50,318,0.9999182008206844,5.893756804987788
5034,algoQD,50,318,0.9999182008206844,5.122649586992338
5035,algoQD,50,318,0.9999182008206844,6.1991416569799185
5036,algoQD,50,318,0.9999182008206844,5.599402452935465
5037,algoQD,50,318,0.9999182008206844,5.938090428011492
5038,algoQD,50,318,0.9999182008206844,6.038826113916002
5039,algoQD,50,318,0.9999182008206844,6.130301060038619
5040,algoQD,50,318,0.9999182008206844,6.207031867932528
5041,algoQD,50,318,0.9999182008206844,6.255166682996787
5042,algoQD,50,318,0.9999182008206844,5.532500026980415
5043,algoQD,50,318,0.9999182008206844,6.084060987108387
5044,algoQD,50,318,0.9999182008206844,6.426145349978469
5045,algoQD,50,318,0.9999182008206844,6.07064689102117
5046,algoQD,50,319,0.9999182008206844,5.88942943001166
5047,algoQD,50,319,0.9999182008206844,6.464530935976654
5048,algoQD,50,319,0.9999182008206844,6.275043719098903
5049,algoQD,50,319,0.9999182008206844,6.084549177903682
5050,algoQD,50,319,0.9999182008206844,6.248210430028848
5051,algoQD,50,319,0.9999182008206844,6.118049333919771
5052,algoQD,50,319,0.9999182008206844,6.300239383941516
5053,algoQD,50,319,0.9999182008206844,5.562142223934643
5054,algoQD,50,319,0.9999182008206844,6.120467033004388
5055,algoQD,50,319,0.9999182008206844,5.989436913980171
5056,algoQD,50,319,0.9999182008206844,6.092901057912968
5057,algoQD,50,319,0.9999182008206844,6.094697262975387
5058,algoQD,50,319,0.9999182008206844,5.31321630300954
5059,algoQD,50,319,0.9999182008206844,6.15912748593837
5060,algoQD,50,319,0.9999182008206844,5.514060918940231
5061,algoQD,50,319,0.9999182008206844,6.096189582021907
5062,algoQD,50,319,0.9999182008206844,5.96660633594729
5063,algoQD,50,319,0.9999182008206844,6.192047645919956
5064,algoQD,50,319,0.9999182008206844,6.023490835097618
5065,algoQD,50,319,0.9999182008206844,6.11340042995289
5066,algoQD,50,319,0.9999182008206844,5.678188150981441
5067,algoQD,50,319,0.9999182008206844,6.418163459049538
5068,algoQD,50,319,0.9999182008206844,5.404203262994997
5069,algoQD,50,319,0.9999182008206844,6.187860815902241
5070,algoQD,50,319,0.9999182008206844,5.8033785950392485
5071,algoQD,50,319,0.9999182008206844,5.612552518956363
5072,algoQD,50,319,0.9999182008206844,6.356020187027752
5073,algoQD,50,319,0.9999182008206844,6.060209922026843
5074,algoQD,50,319,0.9999182008206844,5.722552691935562
5075,algoQD,50,319,0.9999182008206844,5.562260356033221
5076,algoQD,50,319,0.9999182008206844,5.458880161051638
5077,algoQD,50,319,0.9999182008206844,5.172534789075144
5078,algoQD,50,319,0.9999182008206844,5.858331031980924
5079,algoQD,50,319,0.9999182008206844,5.835955625982024
5080,algoQD,50,319,0.9999182008206844,5.884156677988358
5081,algoQD,50,319,0.9999182008206844,5.837586438050494
5082,algoQD,50,319,0.9999182008206844,5.283298867056146
5083,algoQD,50,319,0.9999182008206844,5.374054651008919
5084,algoQD,50,319,0.9999182008206844,5.58889402798377
5085,algoQD,50,319,0.9999182008206844,5.956952807959169
5086,algoQD,50,319,0.9999182008206844,5.210877383942716
5087,algoQD,50,319,0.9999182008206844,6.177594806998968
5088,algoQD,50,319,0.9999182008206844,5.708870121976361
5089,algoQD,50,319,0.9999182008206844,5.783947341958992
5090,algoQD,50,320,0.9999182008206844,5.490058338968083
5091,algoQD,50,320,0.9999182008206844,5.983922154060565
5092,algoQD,50,320,0.9999182008206844,6.156106519047171
5093,algoQD,50,320,0.9999182008206844,5.796705247019418
5094,algoQD,50,320,0.9999182008206844,5.781465442967601
5095,algoQD,50,321,0.9999182008206844,6.1443272329634055
5096,algoQD,50,321,0.9999182008206844,6.296958875027485
5097,algoQD,50,321,0.9999182008206844,5.634394185966812
5098,algoQD,50,321,0.9999182008206844,5.816372275934555
5099,algoQD,50,321,0.9999182008206844,5.901975202956237
5100,algoQD,51,321,0.9999182008206844,5.992257844074629
5101,algoQD,51,321,0.9999182008206844,5.389784531900659
5102,algoQD,51,321,0.9999182008206844,6.048154424061067
5103,algoQD,51,322,0.9999182008206844,5.991207579034381
5104,algoQD,51,322,0.9999182008206844,5.884318924043328
5105,algoQD,51,322,0.9999182008206844,5.99984740302898
5106,algoQD,51,322,0.9999182008206844,6.1752613900462165
5107,algoQD,51,322,0.9999182008206844,5.197511971928179
5108,algoQD,51,322,0.9999182008206844,6.633871326921508
5109,algoQD,51,322,0.9999182008206844,5.777558250003494
5110,algoQD,51,322,0.9999182008206844,6.1262119059683755
5111,algoQD,51,322,0.9999182008206844,5.214845429989509
5112,algoQD,51,322,0.9999182008206844,5.749295311048627
5113,algoQD,51,322,0.9999182008206844,5.250421138945967
5114,algoQD,51,322,0.9999182008206844,5.388086642953567
5115,algoQD,51,322,0.9999182008206844,6.401551572023891
5116,algoQD,51,322,0.9999182008206844,5.981422601966187
5117,algoQD,51,322,0.9999182008206844,6.4176552389981225
5118,algoQD,51,322,0.9999182008206844,5.9629242710070685
5119,algoQD,51,322,0.9999182008206844,5.8828076989157125
5120,algoQD,51,322,0.9999182008206844,5.831281005055644
5121,algoQD,51,322,0.9999182008206844,5.937388542923145
5122,algoQD,51,322,0.9999182008206844,6.162932174978778
5123,algoQD,51,322,0.9999182008206844,5.5168483830057085
5124,algoQD,51,322,0.9999182008206844,5.791085429023951
5125,algoQD,51,322,0.9999182008206844,5.953247667988762
5126,algoQD,51,322,0.9999182008206844,6.437656469992362
5127,algoQD,51,322,0.9999182008206844,5.8073130989214405
5128,algoQD,51,322,0.9999182008206844,5.933055797941051
5129,algoQD,51,322,0.9999182008206844,6.306075409986079
5130,algoQD,51,322,0.9999182008206844,6.105186311062425
5131,algoQD,51,322,0.9999182008206844,5.552670147968456
5132,algoQD,51,322,0.9999182008206844,5.994306945009157
5133,algoQD,51,322,0.9999182008206844,6.250570299918763
5134,algoQD,51,322,0.9999182008206844,6.1866479449672624
5135,algoQD,51,322,0.9999182008206844,6.104684939957224
5136,algoQD,51,322,0.9999182008206844,5.479461929062381
5137,algoQD,51,322,0.9999182008206844,6.359536768984981
5138,algoQD,51,323,0.9999182008206844,5.98088543699123
5139,algoQD,51,323,0.9999182008206844,6.208170769037679
5140,algoQD,51,323,0.9999182008206844,6.424289654009044
5141,algoQD,51,323,0.9999182008206844,6.216241298010573
5142,algoQD,51,323,0.9999182008206844,4.902819860028103
5143,algoQD,51,323,0.9999182008206844,5.639544938923791
5144,algoQD,51,323,0.9999182008206844,5.234259894001298
5145,algoQD,51,324,0.9999182008206844,5.914450173964724
5146,algoQD,51,324,0.9999182008206844,6.102531304932199
5147,algoQD,51,324,0.9999182008206844,6.017597650992684
5148,algoQD,51,324,0.9999182008206844,5.8438266480807215
5149,algoQD,51,324,0.9999182008206844,5.011897130985744
5150,algoQD,51,324,0.9999182008206844,6.126953618018888
5151,algoQD,51,324,0.9999182008206844,5.953127230051905
5152,algoQD,51,324,0.9999182008206844,5.436288515920751
5153,algoQD,51,325,0.9999182008206844,6.097339625004679
5154,algoQD,51,325,0.9999182008206844,5.895897198934108
5155,algoQD,51,325,0.9999182008206844,6.3467179799918085
5156,algoQD,51,325,0.9999182008206844,5.902704191044904
5157,algoQD,51,325,0.9999182008206844,6.1507346800062805
5158,algoQD,51,325,0.9999182008206844,5.326186239020899
5159,algoQD,51,325,0.9999182008206844,6.239165520993993
5160,algoQD,51,325,0.9999182008206844,5.8305654500145465
5161,algoQD,51,325,0.9999182008206844,5.756004886934534
5162,algoQD,51,325,0.9999182008206844,6.1765470100799575
5163,algoQD,51,326,0.9999182008206844,5.772064060089178
5164,algoQD,51,326,0.9999182008206844,5.382658678921871
5165,algoQD,51,326,0.9999182008206844,5.595195094007067
5166,algoQD,51,326,0.9999182008206844,5.844286665902473
5167,algoQD,51,326,0.9999182008206844,5.994712401065044
5168,algoQD,51,326,0.9999182008206844,5.7846749080345035
5169,algoQD,51,327,0.9999182008206844,5.823657931061462
5170,algoQD,51,327,0.9999182008206844,6.330715275020339
5171,algoQD,51,327,0.9999182008206844,6.049664056976326
5172,algoQD,51,327,0.9999182008206844,5.972051373915747
5173,algoQD,51,327,0.9999182008206844,6.126280104974285
5174,algoQD,51,327,0.9999182008206844,5.961649151984602
5175,algoQD,51,327,0.9999182008206844,6.082180642988533
5176,algoQD,51,327,0.9999182008206844,6.06280026701279
5177,algoQD,51,327,0.9999182008206844,6.4682452329434454
5178,algoQD,51,327,0.9999182008206844,6.073660254944116
5179,algoQD,51,327,0.9999182008206844,6.1751983009744436
5180,algoQD,51,327,0.9999182008206844,6.27557864994742
5181,algoQD,51,327,0.9999182008206844,6.170388222904876
5182,algoQD,51,327,0.9999182008206844,6.164007446030155
5183,algoQD,51,327,0.9999182008206844,5.690320905065164
5184,algoQD,51,327,0.9999182008206844,5.888808453921229
5185,algoQD,51,328,0.9999182008206844,5.938226846978068
5186,algoQD,51,328,0.9999182008206844,6.112766331993043
5187,algoQD,51,328,0.9999182008206844,5.205680835992098
5188,algoQD,51,328,0.9999182008206844,5.525200256030075
5189,algoQD,51,328,0.9999182008206844,5.725446689990349
5190,algoQD,51,328,0.9999182008206844,5.4916471699252725
5191,algoQD,51,328,0.9999182008206844,6.026525218971074
5192,algoQD,51,328,0.9999182008206844,6.166073470027186
5193,algoQD,51,328,0.9999182008206844,6.012296054046601
5194,algoQD,51,328,0.9999182008206844,5.744210142991506
5195,algoQD,51,328,0.9999182008206844,6.186379216029309
5196,algoQD,51,328,0.9999182008206844,5.9412766200257465
5197,algoQD,51,328,0.9999182008206844,6.058738882071339
5198,algoQD,51,328,0.9999182008206844,5.411910956958309
5199,algoQD,51,328,0.9999182008206844,6.368686187081039
5200,algoQD,52,328,0.9999182008206844,5.653831391013227
5201,algoQD,52,328,0.9999182008206844,5.501516007003374
5202,algoQD,52,328,0.9999182008206844,6.085326167056337
5203,algoQD,52,328,0.9999182008206844,5.301941500976682
5204,algoQD,52,328,0.9999182008206844,5.3340346270706505
5205,algoQD,52,328,0.9999182008206844,6.165731093031354
5206,algoQD,52,328,0.9999182008206844,5.588268015999347
5207,algoQD,52,328,0.9999182008206844,5.819270631996915
5208,algoQD,52,328,0.9999182008206844,5.877714934991673
5209,algoQD,52,328,0.9999182008206844,5.839597998070531
5210,algoQD,52,328,0.9999182008206844,5.686697277938947
5211,algoQD,52,328,0.9999182008206844,6.2850997290806845
5212,algoQD,52,328,0.9999182008206844,6.352166204014793
5213,algoQD,52,328,0.9999182008206844,5.360886191017926
5214,algoQD,52,328,0.9999182008206844,6.556021086988039
5215,algoQD,52,328,0.9999182008206844,5.60977020196151
5216,algoQD,52,328,0.9999182008206844,5.841646138927899
5217,algoQD,52,328,0.9999182008206844,5.852883461979218
5218,algoQD,52,328,0.9999182008206844,6.126040815026499
5219,algoQD,52,328,0.9999182008206844,5.433450176962651
5220,algoQD,52,328,0.9999182008206844,6.03711233206559
5221,algoQD,52,328,0.9999182008206844,5.7319575699511915
5222,algoQD,52,328,0.9999182008206844,5.715337677975185
5223,algoQD,52,328,0.9999182008206844,6.243604672024958
5224,algoQD,52,328,0.9999182008206844,4.678699249983765
5225,algoQD,52,328,0.9999182008206844,6.302028288017027
5226,algoQD,52,328,0.9999182008206844,6.036505384952761
5227,algoQD,52,328,0.9999182008206844,5.726515316986479
5228,algoQD,52,328,0.9999182008206844,6.155543637927622
5229,algoQD,52,328,0.9999182008206844,6.103400537976995
5230,algoQD,52,328,0.9999182008206844,6.373037253972143
5231,algoQD,52,328,0.9999182008206844,5.66908959497232
5232,algoQD,52,328,0.9999182008206844,5.991381078027189
5233,algoQD,52,328,0.9999182008206844,6.199307636008598
5234,algoQD,52,328,0.9999182008206844,6.012914173072204
5235,algoQD,52,328,0.9999182008206844,5.825946102035232
5236,algoQD,52,328,0.9999182008206844,6.014298558002338
5237,algoQD,52,328,0.9999182008206844,5.868400746956468
5238,algoQD,52,328,0.9999182008206844,5.75800403195899
5239,algoQD,52,328,0.9999182008206844,5.394940575002693
5240,algoQD,52,328,0.9999182008206844,6.058573090936989
5241,algoQD,52,328,0.9999182008206844,5.97495742700994
5242,algoQD,52,328,0.9999182008206844,6.20558271300979
5243,algoQD,52,329,0.9999182008206844,5.8397373190382496
5244,algoQD,52,329,0.9999182008206844,5.895903290947899
5245,algoQD,52,329,0.9999182008206844,5.483355707954615
5246,algoQD,52,329,0.9999182008206844,5.888930485933088
5247,algoQD,52,329,0.9999182008206844,5.625493175000884
5248,algoQD,52,329,0.9999182008206844,6.418892783927731
5249,algoQD,52,329,0.9999182008206844,6.304076218046248
5250,algoQD,52,329,0.9999182008206844,5.385881549096666
5251,algoQD,52,329,0.9999182008206844,5.580582309048623
5252,algoQD,52,329,0.9999182008206844,5.961344574927352
5253,algoQD,52,329,0.9999182008206844,5.911804855102673
5254,algoQD,52,329,0.9999182008206844,5.802885652054101
5255,algoQD,52,329,0.9999182008206844,6.016944386996329
5256,algoQD,52,329,0.9999182008206844,5.78837557695806
5257,algoQD,52,329,0.9999182008206844,5.884121529990807
5258,algoQD,52,329,0.9999182008206844,5.054340690956451
5259,algoQD,52,329,0.9999182008206844,5.97460462898016
5260,algoQD,52,329,0.9999182008206844,5.984973490005359
5261,algoQD,52,329,0.9999182008206844,5.924167063087225
5262,algoQD,52,329,0.9999182008206844,5.581749124103226
5263,algoQD,52,329,0.9999182008206844,5.311994847026654
5264,algoQD,52,329,0.9999182008206844,5.782193716964684
5265,algoQD,52,329,0.9999182008206844,5.960234028054401
5266,algoQD,52,329,0.9999182008206844,6.015353461960331
5267,algoQD,52,329,0.9999182008206844,5.74244647694286
5268,algoQD,52,329,0.9999182008206844,6.43384823994711
5269,algoQD,52,329,0.9999182008206844,6.1033419370651245
5270,algoQD,52,329,0.9999182008206844,5.128805416985415
5271,algoQD,52,329,0.9999182008206844,5.62870313890744
5272,algoQD,52,329,0.9999182008206844,5.261289202957414
5273,algoQD,52,329,0.9999182008206844,5.929616448935121
5274,algoQD,52,329,0.9999182008206844,6.121105119935237
5275,algoQD,52,329,0.9999182008206844,5.423678815015592
5276,algoQD,52,329,0.9999182008206844,5.960649824002758
5277,algoQD,52,329,0.9999182008206844,5.810799706028774
5278,algoQD,52,329,0.9999182008206844,4.960681871976703
5279,algoQD,52,329,0.9999182008206844,6.326715001021512
5280,algoQD,52,329,0.9999182008206844,5.87533945706673
5281,algoQD,52,329,0.9999182008206844,6.071659244946204
5282,algoQD,52,329,0.9999182008206844,5.232110221986659
5283,algoQD,52,329,0.9999182008206844,6.110840465989895
5284,algoQD,52,329,0.9999182008206844,5.521675018942915
5285,algoQD,52,329,0.9999182008206844,4.958867334062234
5286,algoQD,52,329,0.9999182008206844,5.4146585509879515
5287,algoQD,52,330,0.9999182008206844,6.12377214897424
5288,algoQD,52,330,0.9999182008206844,5.389692479977384
5289,algoQD,52,330,0.9999182008206844,5.591198917943984
5290,algoQD,52,330,0.9999182008206844,5.872669933014549
5291,algoQD,52,330,0.9999182008206844,5.718730467953719
5292,algoQD,52,330,0.9999182008206844,5.0584909330355
5293,algoQD,52,330,0.9999182008206844,5.438076578080654
5294,algoQD,52,330,0.9999182008206844,5.751862026983872
5295,algoQD,52,330,0.9999182008206844,5.85372243297752
5296,algoQD,52,330,0.9999182008206844,5.124115576036274
5297,algoQD,52,330,0.9999182008206844,5.82084580603987
5298,algoQD,52,330,0.9999182008206844,5.85457940294873
5299,algoQD,52,330,0.9999182008206844,5.51269158499781
5300,algoQD,53,330,0.9999182008206844,5.19952591706533
5301,algoQD,53,330,0.9999182008206844,5.628854634938762
5302,algoQD,53,330,0.9999182008206844,5.474549449980259
5303,algoQD,53,330,0.9999182008206844,5.535506943007931
5304,algoQD,53,330,0.9999182008206844,5.748784812982194
5305,algoQD,53,330,0.9999182008206844,5.151413634070195
5306,algoQD,53,330,0.9999182008206844,5.450738070067018
5307,algoQD,53,330,0.9999182008206844,5.594339723000303
5308,algoQD,53,330,0.9999182008206844,5.406215267954394
5309,algoQD,53,330,0.9999182008206844,5.181467215996236
5310,algoQD,53,330,0.9999182008206844,5.401402555056848
5311,algoQD,53,330,0.9999182008206844,5.822830918012187
5312,algoQD,53,330,0.9999182008206844,4.811888730968349
5313,algoQD,53,330,0.9999182008206844,5.486725396011025
5314,algoQD,53,330,0.9999182008206844,5.769093423965387
5315,algoQD,53,330,0.9999182008206844,5.134157399064861
5316,algoQD,53,330,0.9999182008206844,5.548406446003355
5317,algoQD,53,330,0.9999182008206844,4.869541891035624
5318,algoQD,53,330,0.9999182008206844,5.464516312931664
5319,algoQD,53,330,0.9999182008206844,5.8675071590114385
5320,algoQD,53,330,0.9999182008206844,5.75244749407284
5321,algoQD,53,330,0.9999182008206844,5.704494350007735
5322,algoQD,53,330,0.9999182008206844,5.078948786947876
5323,algoQD,53,330,0.9999182008206844,5.324229893973097
5324,algoQD,53,330,0.9999182008206844,5.7069106550188735
5325,algoQD,53,330,0.9999182008206844,5.829457176965661
5326,algoQD,53,330,0.9999182008206844,5.26674071396701
5327,algoQD,53,330,0.9999182008206844,5.981605547014624
5328,algoQD,53,330,0.9999182008206844,5.30600736499764
5329,algoQD,53,330,0.9999182008206844,5.932103879051283
5330,algoQD,53,330,0.9999182008206844,6.210236635990441
5331,algoQD,53,330,0.9999182008206844,5.411107472027652
5332,algoQD,53,330,0.9999182008206844,5.964484767988324
5333,algoQD,53,330,0.9999182008206844,6.143061624024995
5334,algoQD,53,330,0.9999182008206844,5.924264186993241
5335,algoQD,53,330,0.9999182008206844,5.9940835339948535
5336,algoQD,53,330,0.9999182008206844,6.170402292977087
5337,algoQD,53,330,0.9999182008206844,6.022012874018401
5338,algoQD,53,330,0.9999182008206844,6.4710375759750605
5339,algoQD,53,330,0.9999182008206844,5.552948015974835
5340,algoQD,53,330,0.9999182008206844,6.233364272979088
5341,algoQD,53,330,0.9999182008206844,5.889009164995514
5342,algoQD,53,330,0.9999182008206844,5.127048437017947
5343,algoQD,53,330,0.9999182008206844,5.595449490007013
5344,algoQD,53,330,0.9999182008206844,5.593055595993064
5345,algoQD,53,330,0.9999182008206844,5.924810228054412
5346,algoQD,53,330,0.9999182008206844,5.771928880945779
5347,algoQD,53,330,0.9999182008206844,5.743122725049034
5348,algoQD,53,330,0.9999182008206844,4.977100613992661
5349,algoQD,53,330,0.9999182008206844,6.092469566036016
5350,algoQD,53,330,0.9999182008206844,6.0141453290125355
5351,algoQD,53,330,0.9999182008206844,5.638619726058096
5352,algoQD,53,330,0.9999182008206844,6.1224421670194715
5353,algoQD,53,330,0.9999182008206844,5.2315298250177875
5354,algoQD,53,330,0.9999182008206844,5.547386198071763
5355,algoQD,53,330,0.9999182008206844,6.407135119079612
5356,algoQD,53,330,0.9999182008206844,6.180974076967686
5357,algoQD,53,330,0.9999182008206844,5.7794127319939435
5358,algoQD,53,330,0.9999182008206844,5.014039505971596
5359,algoQD,53,330,0.9999182008206844,5.397217547986656
5360,algoQD,53,330,0.9999182008206844,5.983331146999262
5361,algoQD,53,330,0.9999182008206844,6.42229523207061
5362,algoQD,53,330,0.9999182008206844,6.103439952945337
5363,algoQD,53,330,0.9999182008206844,6.18168743501883
5364,algoQD,53,330,0.9999182008206844,5.894764228956774
5365,algoQD,53,331,0.9999182008206844,6.146510330028832
5366,algoQD,53,331,0.9999182008206844,5.9177964749978855
5367,algoQD,53,331,0.9999182008206844,5.997305921977386
5368,algoQD,53,331,0.9999182008206844,6.065437521087006
5369,algoQD,53,331,0.9999182008206844,5.986328770988621
5370,algoQD,53,331,0.9999182008206844,5.802147006965242
5371,algoQD,53,331,0.9999182008206844,6.144422886078246
5372,algoQD,53,331,0.9999182008206844,6.100406120996922
5373,algoQD,53,332,0.9999182008206844,6.168463419075124
5374,algoQD,53,332,0.9999182008206844,5.66357074806001
5375,algoQD,53,332,0.9999182008206844,5.633164649945684
5376,algoQD,53,332,0.9999182008206844,5.1330603760434315
5377,algoQD,53,332,0.9999182008206844,6.131218377966434
5378,algoQD,53,332,0.9999182008206844,5.560927812941372
5379,algoQD,53,332,0.9999182008206844,5.39285686891526
5380,algoQD,53,332,0.9999182008206844,5.3717743249144405
5381,algoQD,53,332,0.9999182008206844,6.15658481605351
5382,algoQD,53,332,0.9999182008206844,6.0335742980241776
5383,algoQD,53,332,0.9999182008206844,5.4201678989920765
5384,algoQD,53,332,0.9999182008206844,6.023957037017681
5385,algoQD,53,332,0.9999182008206844,6.003603911027312
5386,algoQD,53,332,0.9999182008206844,6.425599975977093
5387,algoQD,53,332,0.9999182008206844,5.56869112199638
5388,algoQD,53,332,0.9999182008206844,6.485271880985238
5389,algoQD,53,332,0.9999182008206844,5.944166969973594
5390,algoQD,53,332,0.9999182008206844,6.122483453946188
5391,algoQD,53,332,0.9999182008206844,5.991814267006703
5392,algoQD,53,332,0.9999182008206844,6.1407566900597885
5393,algoQD,53,332,0.9999182008206844,5.473153030965477
5394,algoQD,53,332,0.9999182008206844,5.986561491037719
5395,algoQD,53,332,0.9999182008206844,5.361928182072006
5396,algoQD,53,332,0.9999182008206844,5.9710984349949285
5397,algoQD,53,332,0.9999182008206844,6.278834882075898
5398,algoQD,53,332,0.9999182008206844,5.9089251649565995
5399,algoQD,53,332,0.9999182008206844,6.104676648974419
5400,algoQD,54,332,0.9999182008206844,5.933783544925973
5401,algoQD,54,332,0.9999182008206844,5.627458904054947
5402,algoQD,54,332,0.9999182008206844,5.571948287077248
5403,algoQD,54,332,0.9999182008206844,6.190653753001243
5404,algoQD,54,332,0.9999182008206844,6.251874520094134
5405,algoQD,54,332,0.9999182008206844,6.063641282962635
5406,algoQD,54,332,0.9999182008206844,6.180009571020491
5407,algoQD,54,332,0.9999182008206844,5.661934964009561
5408,algoQD,54,332,0.9999182008206844,6.312222376931459
5409,algoQD,54,332,0.9999182008206844,5.820978468982503
5410,algoQD,54,332,0.9999182008206844,5.711641828063875
5411,algoQD,54,332,0.9999182008206844,6.017751693027094
5412,algoQD,54,332,0.9999182008206844,5.819361675065011
5413,algoQD,54,332,0.9999182008206844,6.010387829039246
5414,algoQD,54,332,0.9999182008206844,6.004201750969514
5415,algoQD,54,332,0.9999182008206844,5.857925810967572
5416,algoQD,54,332,0.9999182008206844,5.967504882020876
5417,algoQD,54,332,0.9999182008206844,5.645332495914772
5418,algoQD,54,332,0.9999182008206844,6.523664097068831
5419,algoQD,54,332,0.9999182008206844,6.04159807797987
5420,algoQD,54,332,0.9999182008206844,5.331616078037769
5421,algoQD,54,332,0.9999182008206844,6.400655701989308
5422,algoQD,54,332,0.9999182008206844,5.715954607003368
5423,algoQD,54,332,0.9999182008206844,6.29765124397818
5424,algoQD,54,332,0.9999182008206844,5.059485464938916
5425,algoQD,54,333,0.9999182008206844,5.880300730001181
5426,algoQD,54,333,0.9999182008206844,6.205864954041317
5427,algoQD,54,333,0.9999182008206844,6.15249120304361
5428,algoQD,54,333,0.9999182008206844,5.865187673014589
5429,algoQD,54,333,0.9999182008206844,6.23348931001965
5430,algoQD,54,333,0.9999182008206844,5.953622242086567
5431,algoQD,54,333,0.9999182008206844,5.737412550020963
5432,algoQD,54,333,0.9999182008206844,5.859357696957886
5433,algoQD,54,333,0.9999182008206844,5.339143881923519
5434,algoQD,54,333,0.9999182008206844,5.936887990101241
5435,algoQD,54,333,0.9999182008206844,5.886773469974287
5436,algoQD,54,333,0.9999182008206844,5.999066427932121
5437,algoQD,54,333,0.999952691876226,6.032203610986471
5438,algoQD,54,333,0.999952691876226,6.054192429059185
5439,algoQD,54,333,0.999952691876226,5.614252028986812
5440,algoQD,54,333,0.999952691876226,5.739365511923097
5441,algoQD,54,333,0.999952691876226,5.337089479085989
5442,algoQD,54,333,0.999952691876226,5.506223799078725
5443,algoQD,54,333,0.999952691876226,6.387082020984963
5444,algoQD,54,333,0.999952691876226,6.098266527056694
5445,algoQD,54,333,0.999952691876226,5.903081853990443
5446,algoQD,54,333,0.999952691876226,6.569166022934951
5447,algoQD,54,333,0.999952691876226,6.359169143019244
5448,algoQD,54,333,0.999952691876226,6.205857709981501
5449,algoQD,54,333,0.999952691876226,6.629725570091978
5450,algoQD,54,333,0.999952691876226,5.6048240350792184
5451,algoQD,54,333,0.999952691876226,5.814108057995327
5452,algoQD,54,333,0.999952691876226,6.133726087980904
5453,algoQD,54,333,0.999952691876226,6.280588584952056
5454,algoQD,54,333,0.999952691876226,6.201907607028261
5455,algoQD,54,333,0.999952691876226,5.234765185043216
5456,algoQD,54,333,0.999952691876226,5.7055010159965605
5457,algoQD,54,333,0.999952691876226,5.9679456549929455
5458,algoQD,54,333,0.999952691876226,6.326436675037257
5459,algoQD,54,333,0.999952691876226,6.15301129699219
5460,algoQD,54,333,0.999952691876226,5.830271046957932
5461,algoQD,54,333,0.999952691876226,5.882352365995757
5462,algoQD,54,333,0.999952691876226,6.041213454096578
5463,algoQD,54,333,0.999952691876226,6.1267988389590755
5464,algoQD,54,333,0.999952691876226,5.9904552469961345
5465,algoQD,54,333,0.999952691876226,5.868764772894792
5466,algoQD,54,333,0.999952691876226,5.56688022101298
5467,algoQD,54,333,0.999952691876226,6.198665227973834
5468,algoQD,54,333,0.999952691876226,5.118106871959753
5469,algoQD,54,333,0.999952691876226,5.752470072940923
5470,algoQD,54,333,0.999952691876226,5.90500003809575
5471,algoQD,54,333,0.999952691876226,6.047832241980359
5472,algoQD,54,334,0.999952691876226,6.074029270093888
5473,algoQD,54,334,0.999952691876226,5.760630070930347
5474,algoQD,54,334,0.999952691876226,6.170947697013617
5475,algoQD,54,334,0.999952691876226,5.12907764990814
5476,algoQD,54,334,0.999952691876226,6.136257188976742
5477,algoQD,54,335,0.999952691876226,5.972892542020418
5478,algoQD,54,335,0.999952691876226,6.09192424302455
5479,algoQD,54,335,0.999952691876226,6.081577549921349
5480,algoQD,54,335,0.999952691876226,6.0736781869782135
5481,algoQD,54,335,0.999952691876226,5.490389249986038
5482,algoQD,54,335,0.999952691876226,5.8005818399833515
5483,algoQD,54,335,0.999952691876226,6.3825972699560225
5484,algoQD,54,335,0.999952691876226,5.725166702992283
5485,algoQD,54,335,0.999952691876226,6.203427208005451
5486,algoQD,54,335,0.999952691876226,5.659090852015652
5487,algoQD,54,335,0.999952691876226,6.110973938019015
5488,algoQD,54,335,0.999952691876226,6.051980779040605
5489,algoQD,54,335,0.999952691876226,5.85703435796313
5490,algoQD,54,335,0.999952691876226,6.347077145939693
5491,algoQD,54,335,0.999952691876226,5.86868415994104
5492,algoQD,54,335,0.999952691876226,5.806047978927381
5493,algoQD,54,336,0.999952691876226,5.773137383977883
5494,algoQD,54,336,0.999952691876226,6.255124379997142
5495,algoQD,54,336,0.999952691876226,6.239661282044835
5496,algoQD,54,336,0.999952691876226,6.030694910092279
5497,algoQD,54,336,0.999952691876226,5.726990177994594
5498,algoQD,54,336,0.999952691876226,5.300706594018266
5499,algoQD,54,336,0.999952691876226,5.733296433929354
5500,algoQD,55,336,0.999952691876226,5.674461065093055
5501,algoQD,55,336,0.999952691876226,5.993158353958279
5502,algoQD,55,336,0.999952691876226,5.7946405650582165
5503,algoQD,55,336,0.999952691876226,5.769274692982435
5504,algoQD,55,336,0.999952691876226,6.032037245924585
5505,algoQD,55,336,0.999952691876226,6.402213484980166
5506,algoQD,55,336,0.999952691876226,6.351462551043369
5507,algoQD,55,336,0.999952691876226,6.167140673962422
5508,algoQD,55,336,0.999952691876226,5.935037765069865
5509,algoQD,55,336,0.999952691876226,5.875518832937814
5510,algoQD,55,336,0.999952691876226,5.663884710054845
5511,algoQD,55,336,0.999952691876226,5.482507106964476
5512,algoQD,55,336,0.999952691876226,5.271005164948292
5513,algoQD,55,336,0.999952691876226,5.901583703933284
5514,algoQD,55,336,0.999952691876226,6.139035539003089
5515,algoQD,55,336,0.999952691876226,5.721803437103517
5516,algoQD,55,337,0.999952691876226,5.972291265032254
5517,algoQD,55,338,0.999952691876226,6.512999597005546
5518,algoQD,55,338,0.999952691876226,5.047338263946585
5519,algoQD,55,338,0.999952691876226,5.8882301120320335
5520,algoQD,55,338,0.999952691876226,5.083049920969643
5521,algoQD,55,338,0.999952691876226,6.098859586985782
5522,algoQD,55,338,0.999952691876226,5.962608088972047
5523,algoQD,55,339,0.999952691876226,6.217495249002241
5524,algoQD,55,339,0.999952691876226,6.1298363379901275
5525,algoQD,55,339,0.999952691876226,5.673125711968169
5526,algoQD,55,339,0.999952691876226,6.2152725900523365
5527,algoQD,55,339,0.999952691876226,5.5119578739395365
5528,algoQD,55,339,0.999952691876226,5.771544974995777
5529,algoQD,55,339,0.999952691876226,5.902399325044826
5530,algoQD,55,339,0.999952691876226,6.236146201030351
5531,algoQD,55,340,0.999952691876226,5.744686376070604
5532,algoQD,55,340,0.999952691876226,6.241789954015985
5533,algoQD,55,340,0.999952691876226,6.514806590043008
5534,algoQD,55,340,0.999952691876226,5.615712038008496
5535,algoQD,55,340,0.999952691876226,6.002222000039183
5536,algoQD,55,340,0.999952691876226,6.065720209968276
5537,algoQD,55,340,0.999952691876226,6.064725109026767
5538,algoQD,55,340,0.999952691876226,5.595253052073531
5539,algoQD,55,340,0.999952691876226,6.110441330005415
5540,algoQD,55,340,0.999952691876226,5.796747425105423
5541,algoQD,55,340,0.999952691876226,5.505334390094504
5542,algoQD,55,340,0.999952691876226,6.159978100913577
5543,algoQD,55,340,0.999952691876226,5.729801710927859
5544,algoQD,55,340,0.999952691876226,6.023753443034366
5545,algoQD,55,340,0.999952691876226,5.767883445951156
5546,algoQD,55,340,0.999952691876226,5.817477565025911
5547,algoQD,55,340,0.999952691876226,6.0685052030021325
5548,algoQD,55,340,0.999952691876226,5.730030533042736
5549,algoQD,55,340,0.999952691876226,6.284959173062816
5550,algoQD,55,340,0.999952691876226,6.123716864967719
5551,algoQD,55,340,0.999952691876226,6.248896740959026
5552,algoQD,55,340,0.999952691876226,6.365972677944228
5553,algoQD,55,340,0.999952691876226,5.745893726940267
5554,algoQD,55,340,0.999952691876226,5.879894030047581
5555,algoQD,55,340,0.999952691876226,6.270429930067621
5556,algoQD,55,340,0.999952691876226,6.197374932002276
5557,algoQD,55,340,0.999952691876226,6.215862405020744
5558,algoQD,55,340,0.999952691876226,5.506819315021858
5559,algoQD,55,340,0.999952691876226,6.258708743029274
5560,algoQD,55,340,0.999952691876226,5.965580366086215
5561,algoQD,55,340,0.999952691876226,5.164757045917213
5562,algoQD,55,340,0.999952691876226,5.282376379007474
5563,algoQD,55,340,0.999952691876226,5.958171304082498
5564,algoQD,55,340,0.999952691876226,5.945850145071745
5565,algoQD,55,340,0.999952691876226,6.021178978960961
5566,algoQD,55,340,0.999952691876226,5.457569767953828
5567,algoQD,55,340,0.999952691876226,6.033265355974436
5568,algoQD,55,340,0.999952691876226,5.820292453980073
5569,algoQD,55,340,0.999952691876226,6.274941544979811
5570,algoQD,55,340,0.999952691876226,5.440711981034838
5571,algoQD,55,340,0.999952691876226,6.087736570043489
5572,algoQD,55,340,0.999952691876226,5.123277047066949
5573,algoQD,55,340,0.999952691876226,6.175161435967311
5574,algoQD,55,340,0.999952691876226,5.936038922984153
5575,algoQD,55,340,0.999952691876226,6.081197713967413
5576,algoQD,55,340,0.999952691876226,6.099207785096951
5577,algoQD,55,340,0.999952691876226,6.201214361935854
5578,algoQD,55,340,0.999952691876226,5.3784497960004956
5579,algoQD,55,340,0.999952691876226,5.645003088982776
5580,algoQD,55,340,0.999952691876226,5.756682384992018
5581,algoQD,55,340,0.999952691876226,6.020971991005354
5582,algoQD,55,340,0.999952691876226,5.881261092028581
5583,algoQD,55,340,0.999952691876226,6.202395193045959
5584,algoQD,55,340,0.999952691876226,5.8984098739456385
5585,algoQD,55,340,0.999952691876226,6.1417519700480625
5586,algoQD,55,340,0.999952691876226,5.352045107050799
5587,algoQD,55,340,0.999952691876226,6.014171149930917
5588,algoQD,55,340,0.999952691876226,5.809664655011147
5589,algoQD,55,340,0.999952691876226,5.940711581031792
5590,algoQD,55,340,0.999952691876226,6.260823893011548
5591,algoQD,55,340,0.999952691876226,5.917843112023547
5592,algoQD,55,340,0.999952691876226,6.099499105010182
5593,algoQD,55,340,0.999952691876226,5.173863849020563
5594,algoQD,55,340,0.999952691876226,6.216617655940354
5595,algoQD,55,340,0.999952691876226,5.545742311049253
5596,algoQD,55,340,0.999952691876226,6.2323819029843435
5597,algoQD,55,340,0.999952691876226,5.100692845066078
5598,algoQD,55,340,0.999952691876226,6.065170590998605
5599,algoQD,55,340,0.999952691876226,5.260147448047064
5600,algoQD,56,340,0.999952691876226,6.22648141591344
5601,algoQD,56,340,0.999952691876226,6.259194173966534
5602,algoQD,56,340,0.999952691876226,5.869408044964075
5603,algoQD,56,340,0.999952691876226,6.005352206993848
5604,algoQD,56,340,0.999952691876226,5.792710257926956
5605,algoQD,56,340,0.999952691876226,6.1268431099597365
5606,algoQD,56,340,0.999952691876226,5.566474844003096
5607,algoQD,56,340,0.999952691876226,6.050279977032915
5608,algoQD,56,340,0.999952691876226,5.824996370007284
5609,algoQD,56,340,0.999952691876226,6.090564684011042
5610,algoQD,56,340,0.999952691876226,5.512837268062867
5611,algoQD,56,340,0.999952691876226,6.069007892045192
5612,algoQD,56,340,0.999952691876226,6.015314263990149
5613,algoQD,56,340,0.999952691876226,5.8417921860236675
5614,algoQD,56,340,0.999952691876226,6.267236880026758
5615,algoQD,56,340,0.999952691876226,5.589786218944937
5616,algoQD,56,340,0.999952691876226,6.313446180080064
5617,algoQD,56,340,0.999952691876226,5.793754510930739
5618,algoQD,56,340,0.999952691876226,5.893995541962795
5619,algoQD,56,340,0.999952691876226,6.040097547927871
5620,algoQD,56,340,0.999952691876226,5.407754817977548
5621,algoQD,56,340,0.999952691876226,5.490057575050741
5622,algoQD,56,340,0.999952691876226,5.89585218206048
5623,algoQD,56,340,0.999952691876226,5.9219588689738885
5624,algoQD,56,340,0.999952691876226,5.885262352996506
5625,algoQD,56,340,0.999952691876226,5.848165297997184
5626,algoQD,56,340,0.999952691876226,5.77579715999309
5627,algoQD,56,340,0.999952691876226,5.395346172037534
5628,algoQD,56,340,0.999952691876226,5.732111588004045
5629,algoQD,56,340,0.999952691876226,5.510901289992034
5630,algoQD,56,341,0.999952691876226,6.189471323974431
5631,algoQD,56,341,0.999952691876226,5.619829265982844
5632,algoQD,56,341,0.999952691876226,5.830433344002813
5633,algoQD,56,341,0.999952691876226,6.573896802961826
5634,algoQD,56,341,0.999952691876226,6.2917574810562655
5635,algoQD,56,341,0.999952691876226,5.802482983097434
5636,algoQD,56,341,0.999952691876226,5.8654813800239936
5637,algoQD,56,341,0.999952691876226,6.219994207029231
5638,algoQD,56,341,0.999952691876226,5.897156944964081
5639,algoQD,56,341,0.999952691876226,6.215418180101551
5640,algoQD,56,341,0.999952691876226,6.272371300961822
5641,algoQD,56,341,0.999952691876226,5.598901993012987
5642,algoQD,56,341,0.999952691876226,5.529702423955314
5643,algoQD,56,341,0.999952691876226,6.1533378310268745
5644,algoQD,56,341,0.999952691876226,6.148711410001852
5645,algoQD,56,341,0.999952691876226,6.269619352067821
5646,algoQD,56,341,0.999952691876226,5.713569483952597
5647,algoQD,56,341,0.999952691876226,5.895205438951962
5648,algoQD,56,341,0.999952691876226,6.22126013005618
5649,algoQD,56,342,0.999952691876226,5.795804925030097
5650,algoQD,56,342,0.999952691876226,5.790750184096396
5651,algoQD,56,342,0.999952691876226,6.146513627027161
5652,algoQD,56,342,0.999952691876226,6.027140325983055
5653,algoQD,56,342,0.999952691876226,5.462261036038399
5654,algoQD,56,342,0.999952691876226,6.193643557955511
5655,algoQD,56,342,0.999952691876226,5.871966089005582
5656,algoQD,56,342,0.999952691876226,5.714349418063648
5657,algoQD,56,342,0.999952691876226,5.446128893992864
5658,algoQD,56,342,0.999952691876226,6.080640551983379
5659,algoQD,56,342,0.999952691876226,6.199606575071812
5660,algoQD,56,342,0.999952691876226,6.077263294020668
5661,algoQD,56,342,0.999952691876226,5.054290298954584
5662,algoQD,56,342,0.999952691876226,5.4631908918963745
5663,algoQD,56,342,0.999952691876226,6.044662122963928
5664,algoQD,56,342,0.999952691876226,6.113292367081158
5665,algoQD,56,342,0.999952691876226,5.716982822981663
5666,algoQD,56,342,0.999952691876226,5.730745507986285
5667,algoQD,56,342,0.999952691876226,5.983471033978276
5668,algoQD,56,342,0.999952691876226,5.367047662031837
5669,algoQD,56,342,0.999952691876226,5.44359749101568
5670,algoQD,56,342,0.999952691876226,5.92323202395346
5671,algoQD,56,342,0.999952691876226,5.480290581006557
5672,algoQD,56,342,0.999952691876226,6.166872825007886
5673,algoQD,56,342,0.999952691876226,5.954918517032638
5674,algoQD,56,342,0.999952691876226,6.376067920937203
5675,algoQD,56,342,0.999952691876226,5.820246136048809
5676,algoQD,56,342,0.999952691876226,6.104123042081483
5677,algoQD,56,342,0.999952691876226,5.533713471959345
5678,algoQD,56,342,0.999952691876226,5.72787426202558
5679,algoQD,56,343,0.999952691876226,6.303867581067607
5680,algoQD,56,343,0.999952691876226,5.630412522004917
5681,algoQD,56,343,0.999952691876226,6.020175546058454
5682,algoQD,56,343,0.999952691876226,6.173342088935897
5683,algoQD,56,343,0.999952691876226,5.989415836986154
5684,algoQD,56,343,0.999952691876226,5.044120362959802
5685,algoQD,56,343,0.999952691876226,5.614932004013099
5686,algoQD,56,343,0.999952691876226,5.867319118930027
5687,algoQD,56,343,0.999952691876226,6.0535559869604185
5688,algoQD,56,343,0.999952691876226,6.386053879978135
5689,algoQD,56,343,0.999952691876226,5.729971215012483
5690,algoQD,56,343,0.999952691876226,5.030702841002494
5691,algoQD,56,343,0.999952691876226,5.82198696595151
5692,algoQD,56,343,0.999952691876226,5.994456549989991
5693,algoQD,56,343,0.999952691876226,5.856861609965563
5694,algoQD,56,343,0.999952691876226,5.920734676066786
5695,algoQD,56,343,0.999952691876226,5.829507604939863
5696,algoQD,56,343,0.999952691876226,6.153297625947744
5697,algoQD,56,343,0.999952691876226,5.18358143104706
5698,algoQD,56,343,0.999952691876226,6.304949206067249
5699,algoQD,56,343,0.999952691876226,6.240125183016062
5700,algoQD,57,343,0.999952691876226,5.842670466052368
5701,algoQD,57,343,0.999952691876226,6.229528260068037
5702,algoQD,57,343,0.999952691876226,6.200971613987349
5703,algoQD,57,343,0.999952691876226,6.04254332894925
5704,algoQD,57,343,0.999952691876226,6.06956813193392
5705,algoQD,57,343,0.999952691876226,5.453557359986007
5706,algoQD,57,343,0.999952691876226,6.042562905000523
5707,algoQD,57,343,0.999952691876226,6.275399823090993
5708,algoQD,57,343,0.999952691876226,5.826765593956225
5709,algoQD,57,343,0.999952691876226,6.205860392074101
5710,algoQD,57,343,0.999952691876226,5.661102268961258
5711,algoQD,57,343,0.999952691876226,5.547316816053353
5712,algoQD,57,343,0.999952691876226,6.066363355959766
5713,algoQD,57,343,0.999952691876226,6.168645293917507
5714,algoQD,57,343,0.999952691876226,5.864077343023382
5715,algoQD,57,343,0.999952691876226,5.42379178898409
5716,algoQD,57,343,0.999952691876226,5.753910567029379
5717,algoQD,57,343,0.999952691876226,5.637333628023043
5718,algoQD,57,343,0.999952691876226,5.902689620037563
5719,algoQD,57,343,0.999952691876226,5.770526423002593
5720,algoQD,57,343,0.999952691876226,5.929288637009449
5721,algoQD,57,343,0.999952691876226,6.041105382959358
5722,algoQD,57,343,0.999952691876226,6.110325300949626
5723,algoQD,57,343,0.999952691876226,6.217264518956654
5724,algoQD,57,343,0.999952691876226,5.729370019049384
5725,algoQD,57,343,0.999952691876226,6.119135478045791
5726,algoQD,57,343,0.999952691876226,6.106870191986673
5727,algoQD,57,343,0.999952691876226,5.325163875008002
5728,algoQD,57,343,0.999952691876226,6.0425925409654155
5729,algoQD,57,343,0.999952691876226,5.889434695011005
5730,algoQD,57,343,0.999952691876226,5.276518611935899
5731,algoQD,57,343,0.999952691876226,5.7490404950222
5732,algoQD,57,343,0.999952691876226,4.736541082034819
5733,algoQD,57,343,0.999952691876226,5.647997447056696
5734,algoQD,57,343,0.999952691876226,5.73307990108151
5735,algoQD,57,343,0.999952691876226,5.384796078898944
5736,algoQD,57,343,0.999952691876226,5.774845783016644
5737,algoQD,57,343,0.999952691876226,5.844582329038531
5738,algoQD,57,343,0.999952691876226,6.183407997945324
5739,algoQD,57,343,0.999952691876226,5.941465174080804
5740,algoQD,57,343,0.999952691876226,5.402289230958559
5741,algoQD,57,343,0.999952691876226,5.965508634108119
5742,algoQD,57,343,0.999952691876226,6.179685783921741
5743,algoQD,57,343,0.999952691876226,6.142890051007271
5744,algoQD,57,343,0.999952691876226,5.849527318030596
5745,algoQD,57,343,0.999952691876226,6.067709073075093
5746,algoQD,57,343,0.999952691876226,6.074923349893652
5747,algoQD,57,343,0.999952691876226,5.518281041062437
5748,algoQD,57,343,0.999952691876226,6.179523215978406
5749,algoQD,57,343,0.999952691876226,5.857503946986981
5750,algoQD,57,343,0.999952691876226,6.163225842057727
5751,algoQD,57,343,0.999952691876226,6.336004368960857
5752,algoQD,57,343,0.999952691876226,6.070725552039221
5753,algoQD,57,343,0.999952691876226,6.153556119999848
5754,algoQD,57,343,0.999952691876226,5.292700964957476
5755,algoQD,57,343,0.999952691876226,6.032669343985617
5756,algoQD,57,343,0.999952691876226,5.914855564944446
5757,algoQD,57,343,0.999952691876226,6.031598500092514
5758,algoQD,57,343,0.999952691876226,6.222462178906426
5759,algoQD,57,343,0.999952691876226,6.029772910987958
5760,algoQD,57,343,0.999952691876226,6.206688825972378
5761,algoQD,57,343,0.999952691876226,5.699707108084112
5762,algoQD,57,343,0.999952691876226,5.3648722029756755
5763,algoQD,57,343,0.999952691876226,6.030261083971709
5764,algoQD,57,343,0.999952691876226,5.183729090960696
5765,algoQD,57,343,0.999952691876226,5.9325555469840765
5766,algoQD,57,343,0.999952691876226,6.0809089640388265
5767,algoQD,57,343,0.999952691876226,6.166399328969419
5768,algoQD,57,343,0.999952691876226,6.108575640013441
5769,algoQD,57,343,0.999952691876226,5.619454639963806
5770,algoQD,57,343,0.999952691876226,6.015568520058878
5771,algoQD,57,343,0.999952691876226,6.306405071052723
5772,algoQD,57,343,0.999952691876226,5.4024942009709775
5773,algoQD,57,343,0.999952691876226,6.139159147976898
5774,algoQD,57,343,0.999952691876226,5.959756052936427
5775,algoQD,57,343,0.999952691876226,5.709506634972058
5776,algoQD,57,343,0.999952691876226,5.691000486956909
5777,algoQD,57,343,0.999952691876226,5.172861044993624
5778,algoQD,57,343,0.999952691876226,5.9055813499726355
5779,algoQD,57,343,0.999952691876226,6.149067941005342
5780,algoQD,57,343,0.999952691876226,6.151121680974029
5781,algoQD,57,343,0.999952691876226,5.440585353993811
5782,algoQD,57,343,0.999952691876226,5.816844989079982
5783,algoQD,57,343,0.999952691876226,5.435088286991231
5784,algoQD,57,343,0.999952691876226,5.993233519024216
5785,algoQD,57,343,0.999952691876226,6.09192483802326
5786,algoQD,57,343,0.999952691876226,5.782266895985231
5787,algoQD,57,343,0.999952691876226,6.070916080963798
5788,algoQD,57,343,0.999952691876226,5.924075615941547
5789,algoQD,57,343,0.999952691876226,6.436489116982557
5790,algoQD,57,343,0.999952691876226,5.623618528014049
5791,algoQD,57,343,0.999952691876226,6.160856275004335
5792,algoQD,57,343,0.999952691876226,6.140977535047568
5793,algoQD,57,343,0.999952691876226,6.539270694018342
5794,algoQD,57,343,0.999952691876226,5.260059077991173
5795,algoQD,57,343,0.999952691876226,6.078135653981008
5796,algoQD,57,343,0.999952691876226,6.050680337008089
5797,algoQD,57,343,0.999952691876226,5.313535352004692
5798,algoQD,57,343,0.999952691876226,6.152921823086217
5799,algoQD,57,343,0.999952691876226,6.081458061002195
5800,algoQD,58,343,0.999952691876226,5.742283877916634
5801,algoQD,58,343,0.999952691876226,6.0997316599823534
5802,algoQD,58,343,0.999952691876226,5.947847440955229
5803,algoQD,58,343,0.999952691876226,5.957741928985342
5804,algoQD,58,343,0.999952691876226,5.932215856038965
5805,algoQD,58,343,0.999952691876226,6.107334625907242
5806,algoQD,58,343,0.999952691876226,6.29123013606295
5807,algoQD,58,343,0.999952691876226,5.410230419016443
5808,algoQD,58,343,0.999952691876226,6.273269042023458
5809,algoQD,58,343,0.999952691876226,6.047886015963741
5810,algoQD,58,343,0.999952691876226,6.06263217900414
5811,algoQD,58,343,0.999952691876226,5.688671143958345
5812,algoQD,58,343,0.999952691876226,5.645562760997564
5813,algoQD,58,343,0.999952691876226,5.1530372579582036
5814,algoQD,58,343,0.999952691876226,5.270188758033328
5815,algoQD,58,343,0.999952691876226,6.068005052977242
5816,algoQD,58,343,0.999952691876226,5.935246603912674
5817,algoQD,58,343,0.999952691876226,5.303180575952865
5818,algoQD,58,343,0.999952691876226,5.76470026304014
5819,algoQD,58,343,0.999952691876226,6.341313379933126
5820,algoQD,58,343,0.999952691876226,5.937192670069635
5821,algoQD,58,343,0.999952691876226,5.890234760940075
5822,algoQD,58,343,0.999952691876226,5.230163569911383
5823,algoQD,58,343,0.999952691876226,5.55678738898132
5824,algoQD,58,343,0.999952691876226,5.731321263941936
5825,algoQD,58,343,0.999952691876226,5.589532120968215
5826,algoQD,58,343,0.999952691876226,6.044104341068305
5827,algoQD,58,343,0.999952691876226,5.719172587967478
5828,algoQD,58,343,0.999952691876226,5.444141492014751
5829,algoQD,58,343,0.999952691876226,5.943020089995116
5830,algoQD,58,343,0.999952691876226,5.840476943994872
5831,algoQD,58,343,0.999952691876226,6.088915991014801
5832,algoQD,58,343,0.999952691876226,5.646018422907218
5833,algoQD,58,343,0.999952691876226,5.552086347015575
5834,algoQD,58,343,0.999952691876226,6.116899949032813
5835,algoQD,58,343,0.999952691876226,5.0816208069445565
5836,algoQD,58,343,0.999952691876226,6.205556095927022
5837,algoQD,58,343,0.999952691876226,5.692996707977727
5838,algoQD,58,343,0.999952691876226,5.9037332580192015
5839,algoQD,58,343,0.999952691876226,5.243686000001617
5840,algoQD,58,344,0.999952691876226,5.45467440597713
5841,algoQD,58,344,0.999952691876226,5.990173478028737
5842,algoQD,58,344,0.999952691876226,5.89576531201601
5843,algoQD,58,344,0.999952691876226,5.703618685947731
5844,algoQD,58,344,0.999952691876226,5.868146536988206
5845,algoQD,58,344,0.999952691876226,6.014132488984615
5846,algoQD,58,344,0.999952691876226,5.621676386916079
5847,algoQD,58,344,0.999952691876226,5.939341670949943
5848,algoQD,58,344,0.999952691876226,6.556722147972323
5849,algoQD,58,344,0.999952691876226,5.184076517936774
5850,algoQD,58,344,0.999952691876226,5.831343756988645
5851,algoQD,58,344,0.999952691876226,5.852955442038365
5852,algoQD,58,344,0.999952691876226,6.108670930028893
5853,algoQD,58,344,0.999952691876226,6.018405120936222
5854,algoQD,58,344,0.999952691876226,5.693146041012369
5855,algoQD,58,344,0.999952691876226,6.145509324967861
5856,algoQD,58,344,0.999952691876226,5.996682416996919
5857,algoQD,58,344,0.999952691876226,5.983119189040735
5858,algoQD,58,344,0.999952691876226,5.9828957370482385
5859,algoQD,58,344,0.999952691876226,6.289434695034288
5860,algoQD,58,344,0.999952691876226,6.021979645011015
5861,algoQD,58,345,0.999952691876226,6.002518523018807
5862,algoQD,58,345,0.999952691876226,5.79496311605908
5863,algoQD,58,345,0.999952691876226,5.985485419048928
5864,algoQD,58,345,0.999952691876226,5.410152320982888
5865,algoQD,58,345,0.999952691876226,6.032110829954036
5866,algoQD,58,345,0.999952691876226,6.247163754072972
5867,algoQD,58,345,0.999952691876226,5.940215881098993
5868,algoQD,58,345,0.999952691876226,5.8383949509589
5869,algoQD,58,345,0.999952691876226,5.43668709800113
5870,algoQD,58,345,0.999952691876226,6.017709447070956
5871,algoQD,58,345,0.999952691876226,5.939011947950348
5872,algoQD,58,345,0.999952691876226,5.760847182944417
5873,algoQD,58,345,0.999952691876226,5.3465705109993
5874,algoQD,58,345,0.999952691876226,5.869671066990122
5875,algoQD,58,345,0.999952691876226,5.145119377062656
5876,algoQD,58,345,0.999952691876226,5.940451436908916
5877,algoQD,58,345,0.999952691876226,5.731952848029323
5878,algoQD,58,345,0.999952691876226,5.829110316000879
5879,algoQD,58,345,0.999952691876226,5.790091831004247
5880,algoQD,58,345,0.999952691876226,6.202654952998273
5881,algoQD,58,345,0.999952691876226,5.873601864092052
5882,algoQD,58,345,0.999952691876226,5.250247217947617
5883,algoQD,58,345,0.999952691876226,6.147691620979458
5884,algoQD,58,345,0.999952691876226,6.373989974032156
5885,algoQD,58,345,0.999952691876226,5.548332383972593
5886,algoQD,58,345,0.999952691876226,6.1117781510110945
5887,algoQD,58,345,0.999952691876226,6.072652564034797
5888,algoQD,58,345,0.999952691876226,5.866407159017399
5889,algoQD,58,345,0.999952691876226,5.568969466956332
5890,algoQD,58,345,0.999952691876226,6.174838904989883
5891,algoQD,58,345,0.999952691876226,6.063530266052112
5892,algoQD,58,345,0.999952691876226,5.850913253962062
5893,algoQD,58,345,0.999952691876226,6.435936453053728
5894,algoQD,58,345,0.999952691876226,6.224364574067295
5895,algoQD,58,345,0.999952691876226,5.819664899958298
5896,algoQD,58,345,0.999952691876226,5.997785430052318
5897,algoQD,58,345,0.999952691876226,5.580312000005506
5898,algoQD,58,345,0.999952691876226,5.468876669998281
5899,algoQD,58,345,0.999952691876226,6.3898735960246995
5900,algoQD,59,345,0.999952691876226,6.238172545912676
5901,algoQD,59,345,0.999952691876226,6.123320269980468
5902,algoQD,59,345,0.999952691876226,6.218136545969173
5903,algoQD,59,345,0.999952691876226,6.084033013903536
5904,algoQD,59,345,0.999952691876226,5.864181454060599
5905,algoQD,59,345,0.999952691876226,5.767927531967871
5906,algoQD,59,345,0.999952691876226,6.18795978394337
5907,algoQD,59,345,0.999952691876226,6.087157548987307
5908,algoQD,59,345,0.999952691876226,6.128911089035682
5909,algoQD,59,345,0.999952691876226,5.67798713396769
5910,algoQD,59,345,0.999952691876226,5.896585333975963
5911,algoQD,59,345,0.999952691876226,6.242800759035163
5912,algoQD,59,345,0.999952691876226,5.1598539190599695
5913,algoQD,59,345,0.999952691876226,6.247487153043039
5914,algoQD,59,345,0.999952691876226,5.937619004049338
5915,algoQD,59,345,0.999952691876226,6.174202658003196
5916,algoQD,59,345,0.999952691876226,6.079046042985283
5917,algoQD,59,345,0.999952691876226,6.209470774047077
5918,algoQD,59,345,0.999952691876226,6.013987577985972
5919,algoQD,59,345,0.999952691876226,6.012631195015274
5920,algoQD,59,345,0.999952691876226,5.902473293012008
5921,algoQD,59,345,0.999952691876226,6.053469046019018
5922,algoQD,59,345,0.999952691876226,5.014883943949826
5923,algoQD,59,345,0.999952691876226,6.031115768942982
5924,algoQD,59,345,0.999952691876226,5.39802038797643
5925,algoQD,59,345,0.999952691876226,6.280947041930631
5926,algoQD,59,345,0.999952691876226,5.560445141978562
5927,algoQD,59,345,0.999952691876226,6.122471550945193
5928,algoQD,59,345,0.999952691876226,5.3176997570553795
5929,algoQD,59,345,0.999952691876226,5.975386239937507
5930,algoQD,59,346,0.999952691876226,5.751880257972516
5931,algoQD,59,346,0.999952691876226,6.139913997030817
5932,algoQD,59,346,0.999952691876226,5.965496614924632
5933,algoQD,59,346,0.999952691876226,6.410041849943809
5934,algoQD,59,346,0.999952691876226,5.241869890945964
5935,algoQD,59,346,0.999952691876226,5.994905942003243
5936,algoQD,59,346,0.999952691876226,5.801558052073233
5937,algoQD,59,346,0.999952691876226,6.079564078943804
5938,algoQD,59,346,0.999952691876226,5.590972222038545
5939,algoQD,59,346,0.999952691876226,6.013908665976487
5940,algoQD,59,346,0.999952691876226,5.923421868006699
5941,algoQD,59,346,0.999952691876226,6.051361321937293
5942,algoQD,59,346,0.999952691876226,6.064658344956115
5943,algoQD,59,346,0.999952691876226,4.860556070110761
5944,algoQD,59,346,0.999952691876226,6.1315884969662875
5945,algoQD,59,346,0.999952691876226,6.113796739955433
5946,algoQD,59,346,0.999952691876226,6.00738673505839
5947,algoQD,59,346,0.999952691876226,5.4122876359615475
5948,algoQD,59,346,0.999952691876226,5.722424192004837
5949,algoQD,59,346,0.999952691876226,5.871534309000708
5950,algoQD,59,346,0.999952691876226,5.8605390740558505
5951,algoQD,59,346,0.999952691876226,5.416929265949875
5952,algoQD,59,346,0.999952691876226,6.115621270029806
5953,algoQD,59,346,0.999952691876226,5.7897454630583525
5954,algoQD,59,346,0.999952691876226,6.189945799997076
5955,algoQD,59,346,0.999952691876226,6.091464383993298
5956,algoQD,59,346,0.999952691876226,5.3584762630052865
5957,algoQD,59,346,0.999952691876226,5.565678529907018
5958,algoQD,59,346,0.999952691876226,6.187825093045831
5959,algoQD,59,346,0.999952691876226,5.8534873590106145
5960,algoQD,59,346,0.999952691876226,6.0136400000192225
5961,algoQD,59,346,0.999952691876226,6.427859353949316
5962,algoQD,59,346,0.999952691876226,5.405284633976407
5963,algoQD,59,346,0.999952691876226,5.910416765022092
5964,algoQD,59,346,0.999952691876226,5.785034814034589
5965,algoQD,59,346,0.999952691876226,6.228086123941466
5966,algoQD,59,346,0.999952691876226,5.324896375066601
5967,algoQD,59,346,0.999952691876226,5.961928031989373
5968,algoQD,59,346,0.999952691876226,6.073074627900496
5969,algoQD,59,346,0.999952691876226,5.437241384992376
5970,algoQD,59,346,0.999952691876226,5.970181216020137
5971,algoQD,59,346,0.999952691876226,5.143740158993751
5972,algoQD,59,346,0.999952691876226,5.695803884998895
5973,algoQD,59,346,0.999952691876226,4.990100746974349
5974,algoQD,59,346,0.999952691876226,5.470158179989085
5975,algoQD,59,346,0.999952691876226,6.307155171060003
5976,algoQD,59,346,0.999952691876226,5.998127017985098
5977,algoQD,59,346,0.999952691876226,5.404239631025121
5978,algoQD,59,347,0.999952691876226,5.715138325933367
5979,algoQD,59,347,0.999952691876226,5.842855761060491
5980,algoQD,59,347,0.999952691876226,5.860969195957296
5981,algoQD,59,347,0.999952691876226,5.6045385339530185
5982,algoQD,59,347,0.999952691876226,5.939230505959131
5983,algoQD,59,347,0.999952691876226,4.96167864499148
5984,algoQD,59,347,0.999952691876226,5.733288430026732
5985,algoQD,59,347,0.999952691876226,6.071480525075458
5986,algoQD,59,347,0.999952691876226,6.286185108940117
5987,algoQD,59,347,0.999952691876226,5.832772260066122
5988,algoQD,59,347,0.999952691876226,5.263696310925297
5989,algoQD,59,347,0.999952691876226,6.256584009970538
5990,algoQD,59,347,0.999952691876226,6.406964504974894
5991,algoQD,59,347,0.999952691876226,5.1948005659505725
5992,algoQD,59,347,0.999952691876226,5.963275950052775
5993,algoQD,59,347,0.999952691876226,6.317062920075841
5994,algoQD,59,347,0.999952691876226,6.126944921910763
5995,algoQD,59,347,0.999952691876226,6.17260377202183
5996,algoQD,59,347,0.999952691876226,6.1455657159676775
5997,algoQD,59,347,0.999952691876226,6.086599842994474
5998,algoQD,59,347,0.999952691876226,6.053705058991909
5999,algoQD,59,347,0.999952691876226,5.73148861003574
6000,algoQD,60,347,0.999952691876226,5.9368831309257075
6001,algoQD,60,347,0.999952691876226,6.0911657098913565
6002,algoQD,60,347,0.999952691876226,5.951309750089422
6003,algoQD,60,347,0.999952691876226,6.178701102966443
6004,algoQD,60,347,0.999952691876226,5.77758045704104
6005,algoQD,60,347,0.999952691876226,6.209623548900709
6006,algoQD,60,347,0.999952691876226,6.08973380504176
6007,algoQD,60,347,0.999952691876226,5.793527478934266
6008,algoQD,60,347,0.999952691876226,5.9283663489622995
6009,algoQD,60,347,0.999952691876226,5.5457876469008625
6010,algoQD,60,347,0.999952691876226,5.869205067050643
6011,algoQD,60,347,0.999952691876226,5.983849832904525
6012,algoQD,60,347,0.999952691876226,5.4160819459939376
6013,algoQD,60,347,0.999952691876226,6.033327469020151
6014,algoQD,60,347,0.999952691876226,5.914698434993625
6015,algoQD,60,347,0.999952691876226,5.297223529079929
6016,algoQD,60,347,0.999952691876226,5.978064622031525
6017,algoQD,60,348,0.999952691876226,5.838510983041488
6018,algoQD,60,348,0.999952691876226,5.910205374006182
6019,algoQD,60,348,0.999952691876226,5.922620131983422
6020,algoQD,60,348,0.999952691876226,6.010838176007383
6021,algoQD,60,348,0.999952691876226,6.062407764024101
6022,algoQD,60,348,0.999952691876226,6.185394047992304
6023,algoQD,60,348,0.999952691876226,5.659194163046777
6024,algoQD,60,348,0.999952691876226,5.587171099032275
6025,algoQD,60,348,0.999952691876226,5.850574797950685
6026,algoQD,60,348,0.999952691876226,5.609504296910018
6027,algoQD,60,348,0.999952691876226,6.147001028060913
6028,algoQD,60,348,0.999952691876226,5.492713346029632
6029,algoQD,60,348,0.999952691876226,5.6046541220275685
6030,algoQD,60,348,0.999952691876226,6.031562883988954
6031,algoQD,60,348,0.999952691876226,5.695554915000685
6032,algoQD,60,348,0.999952691876226,5.9025555909611285
6033,algoQD,60,348,0.999952691876226,5.932254557032138
6034,algoQD,60,348,0.999952691876226,5.41935552994255
6035,algoQD,60,348,0.999952691876226,5.6845991449663416
6036,algoQD,60,348,0.999952691876226,5.948575604008511
6037,algoQD,60,348,0.999952691876226,6.185980427078903
6038,algoQD,60,348,0.999952691876226,6.095576084102504
6039,algoQD,60,348,0.999952691876226,5.639337725006044
6040,algoQD,60,348,0.999952691876226,6.175104488036595
6041,algoQD,60,348,0.999952691876226,5.564100288087502
6042,algoQD,60,348,0.999952691876226,5.123189821024425
6043,algoQD,60,348,0.999952691876226,5.917537186993286
6044,algoQD,60,348,0.999952691876226,5.53084468410816
6045,algoQD,60,348,0.999952691876226,6.1531505569582805
6046,algoQD,60,348,0.999952691876226,5.758601887966506
6047,algoQD,60,348,0.999952691876226,5.935217814985663
6048,algoQD,60,348,0.999952691876226,5.796969532035291
6049,algoQD,60,348,0.999952691876226,5.5188057869672775
6050,algoQD,60,348,0.999952691876226,5.473720462061465
6051,algoQD,60,348,0.999952691876226,5.510020887013525
6052,algoQD,60,348,0.999952691876226,6.163905377034098
6053,algoQD,60,348,0.999952691876226,6.15584579994902
6054,algoQD,60,348,0.999952691876226,6.276347832055762
6055,algoQD,60,348,0.999952691876226,5.194200881989673
6056,algoQD,60,348,0.999952691876226,5.769309199997224
6057,algoQD,60,348,0.999952691876226,6.067866697092541
6058,algoQD,60,348,0.999952691876226,6.024180565960705
6059,algoQD,60,348,0.999952691876226,5.019674725015648
6060,algoQD,60,348,0.999952691876226,5.941441994975321
6061,algoQD,60,348,0.999952691876226,6.072141975979321
6062,algoQD,60,348,0.999952691876226,5.684341549989767
6063,algoQD,60,348,0.999952691876226,5.39357611304149
6064,algoQD,60,348,0.999952691876226,5.681715965969488
6065,algoQD,60,348,0.999952691876226,5.862910624942742
6066,algoQD,60,348,0.999952691876226,5.654249810962938
6067,algoQD,60,348,0.999952691876226,6.256316423066892
6068,algoQD,60,348,0.999952691876226,5.7483042910462245
6069,algoQD,60,348,0.999952691876226,5.960752652026713
6070,algoQD,60,348,0.999952691876226,6.125322918058373
6071,algoQD,60,348,0.999952691876226,5.823633873020299
6072,algoQD,60,348,0.999952691876226,6.027470291010104
6073,algoQD,60,348,0.999952691876226,5.906544678960927
6074,algoQD,60,348,0.999952691876226,6.162992611993104
6075,algoQD,60,348,0.999952691876226,6.103023526957259
6076,algoQD,60,348,0.999952691876226,5.062972723972052
6077,algoQD,60,348,0.999952691876226,6.161741057992913
6078,algoQD,60,348,0.999952691876226,6.1777505880454555
6079,algoQD,60,348,0.999952691876226,5.556289348984137
6080,algoQD,60,348,0.999952691876226,5.923922662972473
6081,algoQD,60,348,0.999952691876226,5.846539922989905
6082,algoQD,60,348,0.999952691876226,6.117759266984649
6083,algoQD,60,348,0.999952691876226,6.025054595898837
6084,algoQD,60,348,0.999952691876226,5.768747188034467
6085,algoQD,60,348,0.999952691876226,6.028096745023504
6086,algoQD,60,348,0.999952691876226,6.0093379720347
6087,algoQD,60,348,0.999952691876226,5.232897270005196
6088,algoQD,60,348,0.999952691876226,5.661558620980941
6089,algoQD,60,348,0.999952691876226,5.90426044294145
6090,algoQD,60,348,0.999952691876226,5.05986556399148
6091,algoQD,60,348,0.999952691876226,5.881068752962165
6092,algoQD,60,349,0.999952691876226,5.808984013041481
6093,algoQD,60,349,0.999952691876226,6.33463231602218
6094,algoQD,60,349,0.999952691876226,5.930211786995642
6095,algoQD,60,349,0.999952691876226,5.380250053014606
6096,algoQD,60,349,0.999952691876226,5.986985828028992
6097,algoQD,60,349,0.999952691876226,5.6713772630319
6098,algoQD,60,349,0.999952691876226,6.152518191956915
6099,algoQD,60,349,0.999952691876226,5.939593135030009
6100,algoQD,61,349,0.999952691876226,5.6676488410448655
6101,algoQD,61,349,0.999952691876226,6.289069493068382
6102,algoQD,61,349,0.999952691876226,6.62362144200597
6103,algoQD,61,349,0.999952691876226,6.236753884935752
6104,algoQD,61,349,0.999952691876226,5.695877289050259
6105,algoQD,61,349,0.999952691876226,6.035728620947339
6106,algoQD,61,349,0.999952691876226,5.749944948009215
6107,algoQD,61,349,0.999952691876226,6.098832112969831
6108,algoQD,61,349,0.999952691876226,5.156378415063955
6109,algoQD,61,349,0.999952691876226,6.1252927399473265
6110,algoQD,61,349,0.999952691876226,5.994101495947689
6111,algoQD,61,349,0.999952691876226,5.188944334979169
6112,algoQD,61,349,0.999952691876226,6.156196451978758
6113,algoQD,61,349,0.999952691876226,6.272480459068902
6114,algoQD,61,349,0.999952691876226,5.957313145976514
6115,algoQD,61,349,0.999952691876226,5.889842552016489
6116,algoQD,61,349,0.999952691876226,6.394179355935194
6117,algoQD,61,349,0.999952691876226,5.993762547033839
6118,algoQD,61,349,0.999952691876226,6.124044191092253
6119,algoQD,61,349,0.999952691876226,5.942645341041498
6120,algoQD,61,349,0.999952691876226,6.146553963073529
6121,algoQD,61,349,0.999952691876226,5.85396081302315
6122,algoQD,61,349,0.999952691876226,5.770488384063356
6123,algoQD,61,349,0.999952691876226,5.6427560759475455
6124,algoQD,61,349,0.999952691876226,5.9079733290709555
6125,algoQD,61,349,0.999952691876226,5.998423421988264
6126,algoQD,61,349,0.999952691876226,5.509340240038
6127,algoQD,61,349,0.999952691876226,5.536344534019008
6128,algoQD,61,349,0.999952691876226,5.656757451943122
6129,algoQD,61,349,0.999952691876226,5.994673797045834
6130,algoQD,61,349,0.999952691876226,5.84901241294574
6131,algoQD,61,349,0.999952691876226,5.70550140296109
6132,algoQD,61,349,0.999952691876226,5.983230906073004
6133,algoQD,61,349,0.999952691876226,5.820614314987324
6134,algoQD,61,349,0.999952691876226,5.58434597204905
6135,algoQD,61,349,0.999952691876226,5.875823943992145
6136,algoQD,61,349,0.999952691876226,6.03634159907233
6137,algoQD,61,349,0.999952691876226,5.469336632988416
6138,algoQD,61,349,0.999952691876226,5.9565013609826565
6139,algoQD,61,349,0.999952691876226,6.0854009869508445
6140,algoQD,61,349,0.999952691876226,5.536875737947412
6141,algoQD,61,349,0.999952691876226,6.286729431012645
6142,algoQD,61,349,0.999952691876226,5.9695140100084245
6143,algoQD,61,349,0.999952691876226,5.79954501602333
6144,algoQD,61,349,0.999952691876226,6.034750671009533
6145,algoQD,61,349,0.999952691876226,5.360860851942562
6146,algoQD,61,349,0.999952691876226,6.236859322991222
6147,algoQD,61,349,0.999952691876226,5.458006415050477
6148,algoQD,61,349,0.999952691876226,5.5799170430982485
6149,algoQD,61,349,0.999952691876226,5.535743087064475
6150,algoQD,61,349,0.999952691876226,5.818856304977089
6151,algoQD,61,349,0.999952691876226,5.682835526065901
6152,algoQD,61,349,0.999952691876226,6.084641560912132
6153,algoQD,61,349,0.999952691876226,5.868397801998071
6154,algoQD,61,349,0.999952691876226,5.794159721001051
6155,algoQD,61,349,0.999952691876226,6.179553674068302
6156,algoQD,61,349,0.999952691876226,6.218585074995644
6157,algoQD,61,349,0.999952691876226,5.754064903012477
6158,algoQD,61,349,0.999952691876226,5.861312475055456
6159,algoQD,61,349,0.999952691876226,5.574408854939975
6160,algoQD,61,349,0.999952691876226,5.692583033000119
6161,algoQD,61,349,0.999952691876226,5.62608068890404
6162,algoQD,61,349,0.999952691876226,5.570960770943202
6163,algoQD,61,349,0.999952691876226,5.8815316980471835
6164,algoQD,61,349,0.999952691876226,5.850353377987631
6165,algoQD,61,349,0.999952691876226,5.767890074988827
6166,algoQD,61,349,0.999952691876226,6.118764424929395
6167,algoQD,61,349,0.999952691876226,5.538479878916405
6168,algoQD,61,349,0.999952691876226,5.984420884982683
6169,algoQD,61,349,0.999952691876226,5.807353338925168
6170,algoQD,61,349,0.999952691876226,5.505806021974422
6171,algoQD,61,349,0.999952691876226,6.117502521025017
6172,algoQD,61,349,0.999952691876226,6.1782506530871615
6173,algoQD,61,349,0.999952691876226,5.87768228596542
6174,algoQD,61,349,0.999952691876226,5.375639364938252
6175,algoQD,61,349,0.999952691876226,5.630426840041764
6176,algoQD,61,349,0.999952691876226,6.076802507974207
6177,algoQD,61,349,0.999952691876226,5.310240344959311
6178,algoQD,61,349,0.999952691876226,5.6542401149636135
6179,algoQD,61,349,0.999952691876226,5.5511121469317
6180,algoQD,61,349,0.999952691876226,5.374786702916026
6181,algoQD,61,349,0.999952691876226,5.5950037790462375
6182,algoQD,61,349,0.999952691876226,5.875897692050785
6183,algoQD,61,349,0.999952691876226,5.528425410971977
6184,algoQD,61,349,0.999952691876226,5.991444597020745
6185,algoQD,61,350,0.999952691876226,5.852869702037424
6186,algoQD,61,350,0.999952691876226,5.587761715985835
6187,algoQD,61,350,0.999952691876226,6.210646203020588
6188,algoQD,61,350,0.999952691876226,6.037925501004793
6189,algoQD,61,350,0.999952691876226,5.68618547602091
6190,algoQD,61,350,0.999952691876226,6.137598471017554
6191,algoQD,61,350,0.999952691876226,5.013377638999373
6192,algoQD,61,350,0.999952691876226,5.05988158704713
6193,algoQD,61,350,0.999952691876226,5.0738485070178285
6194,algoQD,61,350,0.999952691876226,5.742941024014726
6195,algoQD,61,350,0.999952691876226,4.940781228011474
6196,algoQD,61,350,0.999952691876226,5.9835555190220475
6197,algoQD,61,350,0.999952691876226,5.3925713180797175
6198,algoQD,61,350,0.999952691876226,5.808480879990384
6199,algoQD,61,350,0.999952691876226,5.790944384993054
6200,algoQD,62,350,0.999952691876226,5.416900497046299
6201,algoQD,62,350,0.999952691876226,6.029503679019399
6202,algoQD,62,351,0.999952691876226,5.97866984794382
6203,algoQD,62,351,0.999952691876226,5.751386011019349
6204,algoQD,62,351,0.999952691876226,5.55413913691882
6205,algoQD,62,351,0.999952691876226,5.955469002015889
6206,algoQD,62,351,0.999952691876226,5.8636917599942535
6207,algoQD,62,351,0.999952691876226,5.5695535719860345
6208,algoQD,62,351,0.999952691876226,5.444620864000171
6209,algoQD,62,351,0.999952691876226,5.6858235920080915
6210,algoQD,62,351,0.999952691876226,5.4682619330706075
6211,algoQD,62,351,0.999952691876226,5.736966856056824
6212,algoQD,62,351,0.999952691876226,6.162064148928039
6213,algoQD,62,351,0.999952691876226,5.79660734499339
6214,algoQD,62,351,0.999952691876226,5.837219601031393
6215,algoQD,62,351,0.999952691876226,5.767272296943702
6216,algoQD,62,351,0.999952691876226,5.031078813015483
6217,algoQD,62,351,0.999952691876226,5.606400734046474
6218,algoQD,62,351,0.999952691876226,5.3875777629436925
6219,algoQD,62,351,0.999952691876226,5.6390000090468675
6220,algoQD,62,351,0.999952691876226,6.028340550954454
6221,algoQD,62,351,0.999952691876226,5.688898231019266
6222,algoQD,62,351,0.999952691876226,5.4365921129938215
6223,algoQD,62,351,0.999952691876226,5.935206545051187
6224,algoQD,62,352,0.999952691876226,5.796318178996444
6225,algoQD,62,352,0.999952691876226,5.356486486038193
6226,algoQD,62,352,0.999952691876226,6.060544920037501
6227,algoQD,62,352,0.999952691876226,5.820923430030234
6228,algoQD,62,352,0.999952691876226,5.2892832569777966
6229,algoQD,62,352,0.999952691876226,5.443696416914463
6230,algoQD,62,352,0.999952691876226,5.610484058968723
6231,algoQD,62,352,0.999952691876226,5.611115091945976
6232,algoQD,62,352,0.999952691876226,6.119905699975789
6233,algoQD,62,352,0.999952691876226,6.007852119044401
6234,algoQD,62,352,0.999952691876226,6.084185809013434
6235,algoQD,62,352,0.999952691876226,5.842398016015068
6236,algoQD,62,352,0.999952691876226,6.040446643950418
6237,algoQD,62,352,0.999952691876226,5.381575861014426
6238,algoQD,62,352,0.999952691876226,5.371018103091046
6239,algoQD,62,352,0.999952691876226,5.555595207028091
6240,algoQD,62,352,0.999952691876226,5.849325787043199
6241,algoQD,62,352,0.999952691876226,5.675549078034237
6242,algoQD,62,352,0.999952691876226,5.46779319702182
6243,algoQD,62,352,0.999952691876226,5.834201108082198
6244,algoQD,62,352,0.999952691876226,5.9956976029789075
6245,algoQD,62,352,0.999952691876226,6.222026785952039
6246,algoQD,62,352,0.999952691876226,5.794790502055548
6247,algoQD,62,352,0.999952691876226,5.749112232006155
6248,algoQD,62,353,0.999952691876226,6.073549331980757
6249,algoQD,62,353,0.999952691876226,5.858296075020917
6250,algoQD,62,353,0.999952691876226,5.974126194021665
6251,algoQD,62,353,0.999952691876226,5.3722874919185415
6252,algoQD,62,353,0.999952691876226,5.497085795039311
6253,algoQD,62,353,0.999952691876226,5.2952048250008374
6254,algoQD,62,353,0.999952691876226,5.9151618930045515
6255,algoQD,62,353,0.999952691876226,5.93825895304326
6256,algoQD,62,353,0.999952691876226,6.1275908219395205
6257,algoQD,62,353,0.999952691876226,4.944385067909025
6258,algoQD,62,353,0.999952691876226,5.826686330023222
6259,algoQD,62,353,0.999952691876226,5.882579697994515
6260,algoQD,62,353,0.999952691876226,5.293218761915341
6261,algoQD,62,353,0.999952691876226,5.388722736039199
6262,algoQD,62,353,0.999952691876226,5.766696018050425
6263,algoQD,62,353,0.999952691876226,5.9272277490235865
6264,algoQD,62,353,0.999952691876226,5.149326681974344
6265,algoQD,62,353,0.999952691876226,5.23134864110034
6266,algoQD,62,353,0.999952691876226,5.863871408975683
6267,algoQD,62,353,0.999952691876226,5.718194094952196
6268,algoQD,62,353,0.999952691876226,5.249379958957434
6269,algoQD,62,353,0.999952691876226,5.646218468085863
6270,algoQD,62,354,0.999952691876226,5.878481714986265
6271,algoQD,62,354,0.999952691876226,5.178533828002401
6272,algoQD,62,354,0.999952691876226,5.5838950800243765
6273,algoQD,62,354,0.999952691876226,5.711242510005832
6274,algoQD,62,354,0.999952691876226,5.191333702066913
6275,algoQD,62,354,0.999952691876226,5.255628677085042
6276,algoQD,62,354,0.999952691876226,6.22263428394217
6277,algoQD,62,354,0.999952691876226,5.556274747941643
6278,algoQD,62,354,0.999952691876226,6.168401364004239
6279,algoQD,62,354,0.999952691876226,5.802239874028601
6280,algoQD,62,354,0.999952691876226,5.839528611046262
6281,algoQD,62,354,0.999952691876226,4.866294621024281
6282,algoQD,62,354,0.999952691876226,5.832683957996778
6283,algoQD,62,354,0.999952691876226,5.849346862989478
6284,algoQD,62,354,0.999952691876226,5.883764514932409
6285,algoQD,62,354,0.999952691876226,5.704403102979995
6286,algoQD,62,354,0.999952691876226,5.801233925041743
6287,algoQD,62,354,0.999952691876226,5.890507865929976
6288,algoQD,62,354,0.999952691876226,5.783712417003699
6289,algoQD,62,354,0.999952691876226,6.081793137942441
6290,algoQD,62,354,0.999952691876226,6.025850396021269
6291,algoQD,62,354,0.999952691876226,5.553376408992335
6292,algoQD,62,354,0.999952691876226,6.072721989010461
6293,algoQD,62,354,0.999952691876226,5.550604832009412
6294,algoQD,62,354,0.999952691876226,5.73573498299811
6295,algoQD,62,354,0.999952691876226,5.780488956021145
6296,algoQD,62,354,0.999952691876226,6.224841787945479
6297,algoQD,62,354,0.999952691876226,5.928464594995603
6298,algoQD,62,354,0.999952691876226,6.046745656058192
6299,algoQD,62,354,0.999952691876226,5.82475314300973
6300,algoQD,63,354,0.999952691876226,5.975950089050457
6301,algoQD,63,354,0.999952691876226,6.017129477928393
6302,algoQD,63,354,0.999952691876226,5.680295061087236
6303,algoQD,63,354,0.999952691876226,5.681071295985021
6304,algoQD,63,354,0.999952691876226,5.708165850955993
6305,algoQD,63,354,0.999952691876226,5.224526990088634
6306,algoQD,63,354,0.999952691876226,5.602317092008889
6307,algoQD,63,354,0.999952691876226,6.040330335032195
6308,algoQD,63,354,0.999952691876226,5.431254198891111
6309,algoQD,63,354,0.999952691876226,4.94877453695517
6310,algoQD,63,354,0.999952691876226,5.984919848036952
6311,algoQD,63,354,0.999952691876226,5.951204932993278
6312,algoQD,63,354,0.999952691876226,5.957826814963482
6313,algoQD,63,354,0.999952691876226,5.97821114002727
6314,algoQD,63,354,0.999952691876226,5.962482311064377
6315,algoQD,63,354,0.999952691876226,5.943879291997291
6316,algoQD,63,354,0.999952691876226,5.6527770350221545
6317,algoQD,63,354,0.999952691876226,5.328926371061243
6318,algoQD,63,354,0.999952691876226,5.915537478984334
6319,algoQD,63,354,0.999952691876226,5.234486358938739
6320,algoQD,63,354,0.999952691876226,5.852717561996542
6321,algoQD,63,354,0.999952691876226,5.810370787978172
6322,algoQD,63,354,0.999952691876226,5.712910867994651
6323,algoQD,63,355,0.999952691876226,5.6628196210367605
6324,algoQD,63,355,0.999952691876226,5.757615347043611
6325,algoQD,63,355,0.999952691876226,5.196820156998001
6326,algoQD,63,355,0.999952691876226,5.389600615017116
6327,algoQD,63,355,0.999952691876226,6.020240696030669
6328,algoQD,63,355,0.999952691876226,5.3845280319219455
6329,algoQD,63,355,0.999952691876226,5.234165901900269
6330,algoQD,63,355,0.999952691876226,5.758201534976251
6331,algoQD,63,355,0.999952691876226,5.9056791519979015
6332,algoQD,63,355,0.999952691876226,5.132867289008573
6333,algoQD,63,355,0.999952691876226,5.890980959055014
6334,algoQD,63,355,0.999952691876226,5.717764056986198
6335,algoQD,63,355,0.999952691876226,5.357201507082209
6336,algoQD,63,355,0.999952691876226,5.954343723948114
6337,algoQD,63,355,0.999952691876226,5.98659421200864
6338,algoQD,63,355,0.999952691876226,5.202520799939521
6339,algoQD,63,355,0.999952691876226,5.156411366071552
6340,algoQD,63,355,0.999952691876226,5.6401359209557995
6341,algoQD,63,355,0.999952691876226,6.100070343003608
6342,algoQD,63,355,0.999952691876226,5.913507104036398
6343,algoQD,63,355,0.999952691876226,5.739120068959892
6344,algoQD,63,355,0.999952691876226,5.979840178973973
6345,algoQD,63,355,0.999952691876226,6.303976412978955
6346,algoQD,63,355,0.999952691876226,5.728871315019205
6347,algoQD,63,355,0.999952691876226,5.9590809039073065
6348,algoQD,63,355,0.999952691876226,5.965681206085719
6349,algoQD,63,355,0.999952691876226,5.876860289950855
6350,algoQD,63,355,0.999952691876226,5.550539409043267
6351,algoQD,63,355,0.999952691876226,5.829347464023158
6352,algoQD,63,355,0.999952691876226,5.76932864903938
6353,algoQD,63,355,0.999952691876226,5.243412965093739
6354,algoQD,63,355,0.999952691876226,5.849409169983119
6355,algoQD,63,355,0.999952691876226,6.015284891938791
6356,algoQD,63,355,0.999952691876226,5.72891328507103
6357,algoQD,63,355,0.999952691876226,5.148523621028289
6358,algoQD,63,355,0.999952691876226,5.845110067049973
6359,algoQD,63,355,0.999952691876226,5.073855485999957
6360,algoQD,63,355,0.999952691876226,5.719627017038874
6361,algoQD,63,355,0.999952691876226,5.723420476075262
6362,algoQD,63,355,0.999952691876226,5.925118712941185
6363,algoQD,63,355,0.999952691876226,5.78323913202621
6364,algoQD,63,355,0.999952691876226,5.803490016027354
6365,algoQD,63,355,0.999952691876226,6.046134902047925
6366,algoQD,63,355,0.999952691876226,5.104027906898409
6367,algoQD,63,355,0.999952691876226,6.031569101032801
6368,algoQD,63,355,0.999952691876226,5.470420091995038
6369,algoQD,63,355,0.999952691876226,5.763568153954111
6370,algoQD,63,355,0.999952691876226,5.693477659020573
6371,algoQD,63,355,0.999952691876226,5.3311282029608265
6372,algoQD,63,355,0.999952691876226,6.2974085320020095
6373,algoQD,63,355,0.999952691876226,5.359074826003052
6374,algoQD,63,355,0.999952691876226,5.89653916307725
6375,algoQD,63,355,0.999952691876226,6.06375087692868
6376,algoQD,63,355,0.999952691876226,5.2423052720259875
6377,algoQD,63,355,0.999952691876226,5.928656338015571
6378,algoQD,63,355,0.999952691876226,5.290135327028111
6379,algoQD,63,355,0.999952691876226,5.139760765014216
6380,algoQD,63,355,0.999952691876226,6.050042566028424
6381,algoQD,63,355,0.999952691876226,6.0158292800188065
6382,algoQD,63,355,0.999952691876226,5.973085285979323
6383,algoQD,63,355,0.999952691876226,5.9077124040341005
6384,algoQD,63,355,0.999952691876226,5.957044045906514
6385,algoQD,63,355,0.999952691876226,6.0416957350680605
6386,algoQD,63,355,0.999952691876226,5.992471235920675
6387,algoQD,63,355,0.999952691876226,5.713962323963642
6388,algoQD,63,355,0.999952691876226,5.581929499981925
6389,algoQD,63,355,0.999952691876226,5.821647635078989
6390,algoQD,63,355,0.999952691876226,5.67942735098768
6391,algoQD,63,355,0.999952691876226,5.123649582033977
6392,algoQD,63,355,0.999952691876226,5.3632506059948355
6393,algoQD,63,355,0.999952691876226,6.1931329449871555
6394,algoQD,63,355,0.999952691876226,5.436986982007511
6395,algoQD,63,355,0.999952691876226,6.076380631071515
6396,algoQD,63,355,0.999952691876226,5.858437891001813
6397,algoQD,63,355,0.999952691876226,5.931398429092951
6398,algoQD,63,355,0.999952691876226,5.689223130000755
6399,algoQD,63,355,0.999952691876226,5.532126936945133
6400,algoQD,64,356,0.999952691876226,5.615475423983298
6401,algoQD,64,356,0.999952691876226,5.651130203041248
6402,algoQD,64,356,0.999952691876226,5.69087705493439
6403,algoQD,64,356,0.999952691876226,5.611123270937242
6404,algoQD,64,356,0.999952691876226,6.068598506972194
6405,algoQD,64,356,0.999952691876226,5.94152773800306
6406,algoQD,64,356,0.999952691876226,5.911430909996852
6407,algoQD,64,356,0.999952691876226,5.806439629988745
6408,algoQD,64,356,0.999952691876226,6.036804171977565
6409,algoQD,64,356,0.999952691876226,5.786872297059745
6410,algoQD,64,356,0.999952691876226,6.20966990001034
6411,algoQD,64,356,0.999952691876226,5.668958539958112
6412,algoQD,64,356,0.999952691876226,5.664471942931414
6413,algoQD,64,356,0.999952691876226,6.059060907107778
6414,algoQD,64,356,0.999952691876226,5.67840019997675
6415,algoQD,64,356,0.999952691876226,5.952271076967008
6416,algoQD,64,356,0.999952691876226,5.060393711086363
6417,algoQD,64,356,0.999952691876226,5.844630160019733
6418,algoQD,64,356,0.999952691876226,4.840454205987044
6419,algoQD,64,356,0.999952691876226,5.988389562931843
6420,algoQD,64,356,0.999952691876226,5.177109985030256
6421,algoQD,64,356,0.999952691876226,6.148105807020329
6422,algoQD,64,356,0.999952691876226,5.698527759988792
6423,algoQD,64,356,0.999952691876226,5.950488048954867
6424,algoQD,64,356,0.999952691876226,5.4700054889544845
6425,algoQD,64,356,0.999952691876226,6.131370344082825
6426,algoQD,64,356,0.999952691876226,5.884556842036545
6427,algoQD,64,356,0.999952691876226,5.959382995031774
6428,algoQD,64,356,0.999952691876226,6.002304414985701
6429,algoQD,64,356,0.999952691876226,5.688565748045221
6430,algoQD,64,356,0.999952691876226,5.480635644053109
6431,algoQD,64,356,0.999952691876226,5.714270688011311
6432,algoQD,64,356,0.999952691876226,5.416251080925576
6433,algoQD,64,356,0.999952691876226,5.770921427058056
6434,algoQD,64,356,0.999952691876226,5.737152873072773
6435,algoQD,64,356,0.999952691876226,5.755775630008429
6436,algoQD,64,356,0.999952691876226,5.9314684800338
6437,algoQD,64,356,0.999952691876226,5.144640684942715
6438,algoQD,64,356,0.999952691876226,6.000919256941415
6439,algoQD,64,356,0.999952691876226,6.24128929595463
6440,algoQD,64,356,0.999952691876226,5.433289214968681
6441,algoQD,64,356,0.999952691876226,5.2572727530496195
6442,algoQD,64,356,0.999952691876226,5.9766610719962046
6443,algoQD,64,356,0.999952691876226,5.966969629982486
6444,algoQD,64,356,0.999952691876226,5.807481447933242
6445,algoQD,64,356,0.999952691876226,5.8372176450211555
6446,algoQD,64,356,0.999952691876226,5.6875043619656935
6447,algoQD,64,356,0.999952691876226,6.027866704040207
6448,algoQD,64,356,0.999952691876226,5.694834111025557
6449,algoQD,64,356,0.999952691876226,5.68326431105379
6450,algoQD,64,356,0.999952691876226,5.7265989610459656
6451,algoQD,64,356,0.999952691876226,5.141841574921273
6452,algoQD,64,356,0.999952691876226,5.319502354948781
6453,algoQD,64,356,0.999952691876226,5.791238788980991
6454,algoQD,64,356,0.999952691876226,5.658102338085882
6455,algoQD,64,356,0.999952691876226,5.196201169048436
6456,algoQD,64,356,0.999952691876226,5.442052833037451
6457,algoQD,64,356,0.999952691876226,5.632166369003244
6458,algoQD,64,356,0.999952691876226,5.938905803952366
6459,algoQD,64,356,0.999952691876226,6.011061270954087
6460,algoQD,64,356,0.999952691876226,5.681731209042482
6461,algoQD,64,356,0.999952691876226,5.802225840976462
6462,algoQD,64,356,0.999952691876226,5.9334790599532425
6463,algoQD,64,356,0.999952691876226,6.157858883030713
6464,algoQD,64,356,0.999952691876226,6.138404262950644
6465,algoQD,64,356,0.999952691876226,6.287069292040542
6466,algoQD,64,356,0.999952691876226,6.0127712020184845
6467,algoQD,64,356,0.999952691876226,5.885273035964929
6468,algoQD,64,356,0.999952691876226,5.671453729039058
6469,algoQD,64,356,0.999952691876226,5.2111862930469215
6470,algoQD,64,356,0.999952691876226,6.2463855020469055
6471,algoQD,64,356,0.999952691876226,6.3465982710476965
6472,algoQD,64,356,0.999952691876226,5.821766822016798
6473,algoQD,64,356,0.999952691876226,4.95840407605283
6474,algoQD,64,356,0.999952691876226,5.850422227056697
6475,algoQD,64,356,0.999952691876226,4.988711723010056
6476,algoQD,64,356,0.999952691876226,4.748343822080642
6477,algoQD,64,356,0.999952691876226,5.875418606912717
6478,algoQD,64,356,0.999952691876226,5.565817601978779
6479,algoQD,64,356,0.999952691876226,6.167548118974082
6480,algoQD,64,356,0.999952691876226,6.120915778912604
6481,algoQD,64,356,0.999952691876226,5.036958473036066
6482,algoQD,64,356,0.999952691876226,5.664513746043667
6483,algoQD,64,356,0.999952691876226,5.141087252995931
6484,algoQD,64,356,0.999952691876226,5.460195510997437
6485,algoQD,64,356,0.999952691876226,5.84581779607106
6486,algoQD,64,356,0.999952691876226,5.676927992026322
6487,algoQD,64,356,0.999952691876226,5.559028572984971
6488,algoQD,64,356,0.999952691876226,5.067558672046289
6489,algoQD,64,356,0.999952691876226,6.3107485650107265
6490,algoQD,64,356,0.999952691876226,5.297174675040878
6491,algoQD,64,356,0.999952691876226,5.5843302209395915
6492,algoQD,64,356,0.999952691876226,5.886022742954083
6493,algoQD,64,356,0.999952691876226,5.734950304962695
6494,algoQD,64,356,0.999952691876226,6.045890631037764
6495,algoQD,64,356,0.999952691876226,5.128168894094415
6496,algoQD,64,356,0.999952691876226,5.629572314908728
6497,algoQD,64,356,0.999952691876226,5.8194770340342075
6498,algoQD,64,356,0.999952691876226,5.948374415049329
6499,algoQD,64,356,0.999952691876226,5.936143085011281
6500,algoQD,65,356,0.999952691876226,5.95625182997901
6501,algoQD,65,356,0.999952691876226,5.9737191129243
6502,algoQD,65,356,0.999952691876226,5.672061487101018
6503,algoQD,65,356,0.999952691876226,5.46898330503609
6504,algoQD,65,356,0.999952691876226,5.8315951830009
6505,algoQD,65,356,0.999952691876226,5.582435071002692
6506,algoQD,65,356,0.999952691876226,5.385992716997862
6507,algoQD,65,356,0.999952691876226,6.049317375058308
6508,algoQD,65,356,0.999952691876226,6.128978022024967
6509,algoQD,65,356,0.999952691876226,5.496757384040393
6510,algoQD,65,356,0.999952691876226,5.481911733979359
6511,algoQD,65,356,0.999952691876226,5.643631579936482
6512,algoQD,65,356,0.999952691876226,5.490029431995936
6513,algoQD,65,356,0.999952691876226,5.606639083009213
6514,algoQD,65,356,0.999952691876226,5.0354301650077105
6515,algoQD,65,356,0.999952691876226,5.675657582003623
6516,algoQD,65,356,0.999952691876226,5.572034509037621
6517,algoQD,65,356,0.999952691876226,5.236421134090051
6518,algoQD,65,356,0.999952691876226,5.99413436895702
6519,algoQD,65,356,0.999952691876226,5.421450361958705
6520,algoQD,65,356,0.999952691876226,6.262181476922706
6521,algoQD,65,356,0.999952691876226,5.038704922888428
6522,algoQD,65,356,0.999952691876226,5.650096744997427
6523,algoQD,65,356,0.999952691876226,5.874711490934715
6524,algoQD,65,356,0.999952691876226,6.106832067016512
6525,algoQD,65,356,0.999952691876226,5.966542502981611
6526,algoQD,65,356,0.999952691876226,5.784274852019735
6527,algoQD,65,356,0.999952691876226,5.449821530026384
6528,algoQD,65,356,0.999952691876226,5.732986043090932
6529,algoQD,65,356,0.999952691876226,5.021063250023872
6530,algoQD,65,356,0.999952691876226,5.801211072946899
6531,algoQD,65,356,0.999952691876226,5.624248307081871
6532,algoQD,65,356,0.999952691876226,5.923597701010294
6533,algoQD,65,356,0.999952691876226,5.0991440010257065
6534,algoQD,65,356,0.999952691876226,5.757821250008419
6535,algoQD,65,356,0.999952691876226,5.833567378926091
6536,algoQD,65,356,0.999952691876226,5.2022424440365285
6537,algoQD,65,356,0.999952691876226,6.0205709800357
6538,algoQD,65,356,0.999952691876226,5.424614111077972
6539,algoQD,65,356,0.999952691876226,6.128880466916598
6540,algoQD,65,356,0.999952691876226,5.5236474219709635
6541,algoQD,65,356,0.999952691876226,5.857502744998783
6542,algoQD,65,356,0.999952691876226,5.6797151090577245
6543,algoQD,65,356,0.999952691876226,5.988776343991049
6544,algoQD,65,356,0.999952691876226,5.76513414690271
6545,algoQD,65,356,0.999952691876226,5.609458329970948
6546,algoQD,65,356,0.999952691876226,6.021217751083896
6547,algoQD,65,356,0.999952691876226,5.6879151340108365
6548,algoQD,65,356,0.999952691876226,5.916495460085571
6549,algoQD,65,356,0.999952691876226,5.834651147015393
6550,algoQD,65,356,0.999952691876226,6.0738703469978645
6551,algoQD,65,356,0.999952691876226,5.620733465068042
6552,algoQD,65,356,0.999952691876226,5.391205086023547
6553,algoQD,65,356,0.999952691876226,5.925976063939743
6554,algoQD,65,356,0.999952691876226,5.5720839919522405
6555,algoQD,65,356,0.999952691876226,5.583970712032169
6556,algoQD,65,356,0.999952691876226,6.2103906099218875
6557,algoQD,65,356,0.999952691876226,5.824349071946926
6558,algoQD,65,356,0.999952691876226,5.834576927940361
6559,algoQD,65,356,0.999952691876226,5.889346142997965
6560,algoQD,65,356,0.999952691876226,5.635590265970677
6561,algoQD,65,356,0.999952691876226,5.456779726082459
6562,algoQD,65,356,0.999952691876226,5.598365449928679
6563,algoQD,65,356,0.999952691876226,5.645913891959935
6564,algoQD,65,356,0.999952691876226,5.49809482099954
6565,algoQD,65,356,0.999952691876226,5.2362582959467545
6566,algoQD,65,356,0.999952691876226,5.662242975085974
6567,algoQD,65,356,0.999952691876226,5.2574028871022165
6568,algoQD,65,356,0.999952691876226,6.083518557017669
6569,algoQD,65,356,0.999952691876226,5.602736358996481
6570,algoQD,65,356,0.999952691876226,6.174271243042313
6571,algoQD,65,356,0.999952691876226,5.982281783013605
6572,algoQD,65,356,0.999952691876226,5.762680182000622
6573,algoQD,65,356,0.999952691876226,5.698453154065646
6574,algoQD,65,356,0.999952691876226,6.3669384139357135
6575,algoQD,65,356,0.999952691876226,5.947873428929597
6576,algoQD,65,356,0.999952691876226,6.267163491924293
6577,algoQD,65,356,0.999952691876226,6.088915945962071
6578,algoQD,65,356,0.999952691876226,6.264253392932005
6579,algoQD,65,356,0.999952691876226,5.108577265986241
6580,algoQD,65,356,0.999952691876226,6.039543857914396
6581,algoQD,65,356,0.999952691876226,6.023395074997097
6582,algoQD,65,356,0.999952691876226,6.263337392010726
6583,algoQD,65,356,0.999952691876226,6.18185073393397
6584,algoQD,65,356,0.999952691876226,5.979797516018152
6585,algoQD,65,356,0.999952691876226,5.896948346984573
6586,algoQD,65,356,0.999952691876226,5.974615167011507
6587,algoQD,65,356,0.999952691876226,6.479972049011849
6588,algoQD,65,356,0.999952691876226,5.720064608962275
6589,algoQD,65,356,0.999952691876226,6.141941266017966
6590,algoQD,65,356,0.999952691876226,5.416874026996084
6591,algoQD,65,356,0.999952691876226,6.063443034072407
6592,algoQD,65,356,0.999952691876226,6.110885977977887
6593,algoQD,65,356,0.999952691876226,5.90585832297802
6594,algoQD,65,356,0.999952691876226,5.734246635925956
6595,algoQD,65,356,0.999952691876226,5.861165616079234
6596,algoQD,65,356,0.999952691876226,5.2910751649178565
6597,algoQD,65,356,0.999952691876226,5.442483996041119
6598,algoQD,65,356,0.999952691876226,6.217295025009662
6599,algoQD,65,356,0.999952691876226,5.211275010020472
6600,algoQD,66,356,0.999952691876226,5.769989300984889
6601,algoQD,66,356,0.999952691876226,5.486578522017226
6602,algoQD,66,356,0.999952691876226,6.119360801065341
6603,algoQD,66,356,0.999952691876226,5.123051294009201
6604,algoQD,66,356,0.999952691876226,5.878874214948155
6605,algoQD,66,356,0.999952691876226,5.629594176076353
6606,algoQD,66,356,0.999952691876226,5.872017991961911
6607,algoQD,66,356,0.999952691876226,6.198854162008502
6608,algoQD,66,356,0.999952691876226,5.347456051968038
6609,algoQD,66,356,0.999952691876226,5.206276464974508
6610,algoQD,66,356,0.999952691876226,5.926682899938896
6611,algoQD,66,356,0.999952691876226,5.848685003002174
6612,algoQD,66,356,0.999952691876226,6.031840494018979
6613,algoQD,66,356,0.999952691876226,6.168304009013809
6614,algoQD,66,356,0.999952691876226,6.36075473902747
6615,algoQD,66,356,0.999952691876226,6.1119911670684814
6616,algoQD,66,356,0.999952691876226,5.760043447953649
6617,algoQD,66,356,0.999952691876226,5.850924046011642
6618,algoQD,66,356,0.999952691876226,5.2798006479861215
6619,algoQD,66,356,0.999952691876226,5.09486214001663
6620,algoQD,66,356,0.999952691876226,6.307258239015937
6621,algoQD,66,356,0.999952691876226,6.254843733040616
6622,algoQD,66,356,0.999952691876226,5.955591832054779
6623,algoQD,66,356,0.999952691876226,5.570626498083584
6624,algoQD,66,356,0.999952691876226,5.175816172035411
6625,algoQD,66,356,0.999952691876226,5.163852336932905
6626,algoQD,66,356,0.999952691876226,5.519773593056016
6627,algoQD,66,356,0.999952691876226,5.614827114972286
6628,algoQD,66,356,0.999952691876226,5.876699857995845
6629,algoQD,66,356,0.999952691876226,5.272351203020662
6630,algoQD,66,356,0.999952691876226,5.41676588205155
6631,algoQD,66,356,0.999952691876226,6.167151691042818
6632,algoQD,66,356,0.999952691876226,5.600492459023371
6633,algoQD,66,356,0.999952691876226,5.931812542025
6634,algoQD,66,356,0.999952691876226,5.936064876965247
6635,algoQD,66,356,0.999952691876226,6.153411798994057
6636,algoQD,66,356,0.999952691876226,5.2650065859779716
6637,algoQD,66,356,0.999952691876226,5.78611363901291
6638,algoQD,66,356,0.999952691876226,5.873782440088689
6639,algoQD,66,356,0.999952691876226,5.903871373971924
6640,algoQD,66,356,0.999952691876226,5.566902745980769
6641,algoQD,66,356,0.999952691876226,5.918006811989471
6642,algoQD,66,356,0.999952691876226,6.13291248306632
6643,algoQD,66,356,0.999952691876226,5.818141718045808
6644,algoQD,66,356,0.999952691876226,6.161185274017043
6645,algoQD,66,356,0.999952691876226,6.114858228946105
6646,algoQD,66,356,0.999952691876226,6.274424695991911
6647,algoQD,66,356,0.999952691876226,5.422693714033812
6648,algoQD,66,356,0.999952691876226,5.544809570070356
6649,algoQD,66,356,0.999952691876226,6.197967090993188
6650,algoQD,66,356,0.999952691876226,5.996430190978572
6651,algoQD,66,356,0.999952691876226,5.959375577047467
6652,algoQD,66,356,0.999952691876226,6.271536731976084
6653,algoQD,66,356,0.999952691876226,5.9907505590235814
6654,algoQD,66,356,0.999952691876226,5.872801466030069
6655,algoQD,66,356,0.999952691876226,6.169045856106095
6656,algoQD,66,356,0.999952691876226,6.011747993994504
6657,algoQD,66,356,0.999952691876226,5.191155534936115
6658,algoQD,66,356,0.999952691876226,6.3065723810577765
6659,algoQD,66,356,0.999952691876226,5.6339721019612625
6660,algoQD,66,356,0.999952691876226,6.090455149998888
6661,algoQD,66,356,0.999952691876226,5.910884725046344
6662,algoQD,66,356,0.999952691876226,5.47651805402711
6663,algoQD,66,356,0.999952691876226,6.001316254027188
6664,algoQD,66,356,0.999952691876226,6.181963213020936
6665,algoQD,66,356,0.999952691876226,6.133917821920477
6666,algoQD,66,356,0.999952691876226,6.422012361930683
6667,algoQD,66,356,0.999952691876226,5.85427843790967
6668,algoQD,66,356,0.999952691876226,5.927809383021668
6669,algoQD,66,356,0.999952691876226,5.9058513639029115
6670,algoQD,66,356,0.999952691876226,5.775190670974553
6671,algoQD,66,356,0.999952691876226,6.166055956971832
6672,algoQD,66,356,0.999952691876226,6.038054700009525
6673,algoQD,66,356,0.999952691876226,5.590932487975806
6674,algoQD,66,356,0.999952691876226,5.4555026170564815
6675,algoQD,66,356,0.999952691876226,6.028994770953432
6676,algoQD,66,356,0.999952691876226,6.062790769035928
6677,algoQD,66,356,0.999952691876226,6.142837596009485
6678,algoQD,66,356,0.999952691876226,5.7277391630923375
6679,algoQD,66,356,0.999952691876226,6.2330200840951875
6680,algoQD,66,356,0.999952691876226,6.15233170602005
6681,algoQD,66,356,0.999952691876226,6.343893348006532
6682,algoQD,66,356,0.999952691876226,6.207491226959974
6683,algoQD,66,356,0.999952691876226,6.273971972987056
6684,algoQD,66,356,0.999952691876226,6.1490959520451725
6685,algoQD,66,356,0.999952691876226,6.521533816936426
6686,algoQD,66,356,0.999952691876226,6.040639332961291
6687,algoQD,66,356,0.999952691876226,5.942944359965622
6688,algoQD,66,356,0.999952691876226,6.271856806008145
6689,algoQD,66,356,0.999952691876226,5.4570990019710734
6690,algoQD,66,356,0.999952691876226,6.163326008012518
6691,algoQD,66,356,0.999952691876226,5.899361950927414
6692,algoQD,66,356,0.999952691876226,5.808268461958505
6693,algoQD,66,356,0.999952691876226,5.858018434024416
6694,algoQD,66,356,0.999952691876226,5.5500627249712124
6695,algoQD,66,356,0.999952691876226,6.178650101996027
6696,algoQD,66,356,0.999952691876226,6.1619192499201745
6697,algoQD,66,356,0.999952691876226,6.2107970039360225
6698,algoQD,66,356,0.999952691876226,5.378760772990063
6699,algoQD,66,356,0.999952691876226,6.079118569963612
6700,algoQD,67,356,0.999952691876226,5.45863561599981
6701,algoQD,67,356,0.999952691876226,6.329868817934766
6702,algoQD,67,356,0.999952691876226,5.881369926035404
6703,algoQD,67,356,0.999952691876226,5.990687489975244
6704,algoQD,67,356,0.999952691876226,6.107482842984609
6705,algoQD,67,356,0.999952691876226,6.149053910980001
6706,algoQD,67,356,0.999952691876226,6.305971514084376
6707,algoQD,67,356,0.999952691876226,6.258244665921666
6708,algoQD,67,356,0.999952691876226,5.708825586014427
6709,algoQD,67,356,0.999952691876226,6.276893823058344
6710,algoQD,67,356,0.999952691876226,5.505102292983793
6711,algoQD,67,356,0.999952691876226,6.052715791971423
6712,algoQD,67,356,0.999952691876226,6.527020383044146
6713,algoQD,67,356,0.999952691876226,6.14639013807755
6714,algoQD,67,356,0.999952691876226,5.950561342993751
6715,algoQD,67,356,0.999952691876226,5.663067457033321
6716,algoQD,67,356,0.999952691876226,5.85937170102261
6717,algoQD,67,356,0.999952691876226,5.761624058010057
6718,algoQD,67,356,0.999952691876226,5.918664673925377
6719,algoQD,67,356,0.999952691876226,6.068770617013797
6720,algoQD,67,356,0.999952691876226,5.261316564981826
6721,algoQD,67,356,0.999952691876226,5.571688596974127
6722,algoQD,67,356,0.999952691876226,5.126143718021922
6723,algoQD,67,356,0.999952691876226,6.090285068959929
6724,algoQD,67,356,0.999952691876226,5.811610665987246
6725,algoQD,67,356,0.999952691876226,5.790793203050271
6726,algoQD,67,356,0.999952691876226,5.885032195947133
6727,algoQD,67,356,0.999952691876226,6.198944590054452
6728,algoQD,67,356,0.999952691876226,6.185057951021008
6729,algoQD,67,356,0.999952691876226,6.148556703003123
6730,algoQD,67,356,0.999952691876226,6.132172961952165
6731,algoQD,67,356,0.999952691876226,5.862901560030878
6732,algoQD,67,356,0.999952691876226,5.84130621701479
6733,algoQD,67,356,0.999952691876226,6.024514717049897
6734,algoQD,67,356,0.999952691876226,5.991608400014229
6735,algoQD,67,356,0.999952691876226,5.786633554031141
6736,algoQD,67,356,0.999952691876226,6.111563183018006
6737,algoQD,67,356,0.999952691876226,5.903109212056734
6738,algoQD,67,356,0.999952691876226,5.50788469100371
6739,algoQD,67,356,0.999952691876226,5.9923627759562805
6740,algoQD,67,356,0.999952691876226,5.669126193970442
6741,algoQD,67,356,0.999952691876226,5.932894150959328
6742,algoQD,67,356,0.999952691876226,5.384713558945805
6743,algoQD,67,356,0.999952691876226,6.272284193895757
6744,algoQD,67,356,0.999952691876226,6.280970056075603
6745,algoQD,67,356,0.999952691876226,5.391776025062427
6746,algoQD,67,356,0.999952691876226,6.197967102052644
6747,algoQD,67,356,0.999952691876226,5.3821742930449545
6748,algoQD,67,356,0.999952691876226,6.261423953925259
6749,algoQD,67,356,0.999952691876226,6.386282491032034
6750,algoQD,67,356,0.999952691876226,6.4482032399391755
6751,algoQD,67,356,0.999952691876226,6.210310305003077
6752,algoQD,67,356,0.999952691876226,5.984472527052276
6753,algoQD,67,356,0.999952691876226,5.1964854770340025
6754,algoQD,67,356,0.999952691876226,6.014278565067798
6755,algoQD,67,356,0.999952691876226,6.265083197038621
6756,algoQD,67,356,0.999952691876226,6.20173257694114
6757,algoQD,67,356,0.999952691876226,5.670127116027288
6758,algoQD,67,356,0.999952691876226,6.171357274055481
6759,algoQD,67,356,0.999952691876226,5.9767898300196975
6760,algoQD,67,356,0.999952691876226,6.291987723088823
6761,algoQD,67,356,0.999952691876226,5.63564559398219
6762,algoQD,67,357,0.999952691876226,5.93645357596688
6763,algoQD,67,357,0.999952691876226,5.720641481922939
6764,algoQD,67,357,0.999952691876226,5.864036494982429
6765,algoQD,67,357,0.999952691876226,5.946692393044941
6766,algoQD,67,357,0.999952691876226,5.775455571943894
6767,algoQD,67,357,0.999952691876226,5.979018762009218
6768,algoQD,67,357,0.999952691876226,6.244502180023119
6769,algoQD,67,357,0.999952691876226,6.1833734679967165
6770,algoQD,67,357,0.999952691876226,6.124038174981251
6771,algoQD,67,357,0.999952691876226,6.039176460006274
6772,algoQD,67,357,0.999952691876226,6.178770669968799
6773,algoQD,67,357,0.999952691876226,5.689882864011452
6774,algoQD,67,357,0.999952691876226,6.416823397972621
6775,algoQD,67,357,0.999952691876226,5.43366934300866
6776,algoQD,67,358,0.999952691876226,5.968290291028097
6777,algoQD,67,358,0.999952691876226,6.155364234000444
6778,algoQD,67,358,0.999952691876226,6.0463018011068925
6779,algoQD,67,358,0.999952691876226,5.678978640004061
6780,algoQD,67,358,0.999952691876226,5.730790066998452
6781,algoQD,67,358,0.999952691876226,6.112448245054111
6782,algoQD,67,358,0.999952691876226,5.865765522001311
6783,algoQD,67,358,0.999952691876226,5.933975224033929
6784,algoQD,67,358,0.999952691876226,6.215476355981082
6785,algoQD,67,358,0.999952691876226,5.785016376990825
6786,algoQD,67,358,0.999952691876226,5.856056026066653
6787,algoQD,67,358,0.999952691876226,6.0431065449956805
6788,algoQD,67,358,0.999952691876226,5.78126486891415
6789,algoQD,67,358,0.999952691876226,5.386248931987211
6790,algoQD,67,358,0.999952691876226,6.015399573021568
6791,algoQD,67,358,0.999952691876226,5.947386592975818
6792,algoQD,67,358,0.999952691876226,6.021279872977175
6793,algoQD,67,358,0.999952691876226,6.666844820952974
6794,algoQD,67,358,0.999952691876226,5.904310040990822
6795,algoQD,67,358,0.999952691876226,6.1114461729303
6796,algoQD,67,358,0.999952691876226,5.247735391953029
6797,algoQD,67,358,0.999952691876226,5.393152595963329
6798,algoQD,67,358,0.999952691876226,6.03996557998471
6799,algoQD,67,358,0.999952691876226,6.160845241043717
6800,algoQD,68,358,0.999952691876226,6.215267190011218
6801,algoQD,68,358,0.999952691876226,5.607918884023093
6802,algoQD,68,358,0.999952691876226,5.681411466910504
6803,algoQD,68,358,0.999952691876226,6.2552985700313
6804,algoQD,68,358,0.999952691876226,5.299057043972425
6805,algoQD,68,358,0.999952691876226,5.46697819896508
6806,algoQD,68,358,0.999952691876226,5.4892415549838915
6807,algoQD,68,358,0.999952691876226,5.883452701964416
6808,algoQD,68,358,0.999952691876226,5.739560579997487
6809,algoQD,68,358,0.999952691876226,5.4704163749702275
6810,algoQD,68,358,0.999952691876226,6.009801075095311
6811,algoQD,68,358,0.999952691876226,5.738563638995402
6812,algoQD,68,358,0.999952691876226,6.265422935015522
6813,algoQD,68,358,0.999952691876226,5.940570979961194
6814,algoQD,68,358,0.999952691876226,5.414065132034011
6815,algoQD,68,358,0.999952691876226,6.345047854934819
6816,algoQD,68,358,0.999952691876226,5.984930697013624
6817,algoQD,68,358,0.999952691876226,6.305094423005357
6818,algoQD,68,358,0.999952691876226,6.0791878460440785
6819,algoQD,68,358,0.999952691876226,5.646811253973283
6820,algoQD,68,358,0.999952691876226,5.901922382996418
6821,algoQD,68,358,0.999952691876226,6.006343746907078
6822,algoQD,68,358,0.999952691876226,6.132110481965356
6823,algoQD,68,358,0.999952691876226,5.825291690998711
6824,algoQD,68,358,0.999952691876226,5.278106018900871
6825,algoQD,68,358,0.999952691876226,5.298053849954158
6826,algoQD,68,358,0.999952691876226,6.031386602902785
6827,algoQD,68,358,0.999952691876226,5.464566373964772
6828,algoQD,68,358,0.999952691876226,5.94467678910587
6829,algoQD,68,358,0.999952691876226,5.875892680953257
6830,algoQD,68,358,0.999952691876226,5.819720103987493
6831,algoQD,68,358,0.999952691876226,6.016297373920679
6832,algoQD,68,358,0.999952691876226,5.964894687989727
6833,algoQD,68,358,0.999952691876226,5.951516211032867
6834,algoQD,68,358,0.999952691876226,6.0014726020162925
6835,algoQD,68,358,0.999952691876226,6.297305315965787
6836,algoQD,68,358,0.999952691876226,6.265607694047503
6837,algoQD,68,358,0.999952691876226,6.158232348039746
6838,algoQD,68,358,0.999952691876226,5.307840712019242
6839,algoQD,68,358,0.999952691876226,6.056335185072385
6840,algoQD,68,358,0.999952691876226,5.995200712000951
6841,algoQD,68,358,0.999952691876226,5.960752873914316
6842,algoQD,68,358,0.999952691876226,5.0134793990291655
6843,algoQD,68,358,0.999952691876226,5.3276603310368955
6844,algoQD,68,358,0.999952691876226,5.68300617299974
6845,algoQD,68,358,0.999952691876226,5.658858999027871
6846,algoQD,68,358,0.999952691876226,5.902342478046194
6847,algoQD,68,358,0.999952691876226,6.05076297710184
6848,algoQD,68,358,0.999952691876226,6.122900460031815
6849,algoQD,68,358,0.999952691876226,6.134290922083892
6850,algoQD,68,358,0.999952691876226,6.2015288369730115
6851,algoQD,68,358,0.999952691876226,5.917130128014833
6852,algoQD,68,358,0.999952691876226,5.772031657048501
6853,algoQD,68,358,0.999952691876226,5.7860100489342585
6854,algoQD,68,358,0.999952691876226,5.5523371760500595
6855,algoQD,68,358,0.999952691876226,5.1749527510255575
6856,algoQD,68,358,0.999952691876226,6.486606969963759
6857,algoQD,68,358,0.999952691876226,5.827259939047508
6858,algoQD,68,358,0.999952691876226,5.383916756953113
6859,algoQD,68,358,0.999952691876226,5.9215644269715995
6860,algoQD,68,358,0.999952691876226,6.345272748963907
6861,algoQD,68,358,0.999952691876226,5.887025687028654
6862,algoQD,68,358,0.999952691876226,5.982901892974041
6863,algoQD,68,358,0.999952691876226,6.128043815959245
6864,algoQD,68,358,0.999952691876226,5.094548798981123
6865,algoQD,68,358,0.999952691876226,6.230971267912537
6866,algoQD,68,358,0.999952691876226,6.002202542964369
6867,algoQD,68,358,0.999952691876226,5.986015015980229
6868,algoQD,68,358,0.999952691876226,5.938656062004156
6869,algoQD,68,358,0.999952691876226,6.0215193600161
6870,algoQD,68,358,0.999952691876226,5.935030110995285
6871,algoQD,68,358,0.999952691876226,6.19649333297275
6872,algoQD,68,358,0.999952691876226,6.030281467013992
6873,algoQD,68,358,0.999952691876226,5.790012822020799
6874,algoQD,68,358,0.999952691876226,5.325031845015474
6875,algoQD,68,358,0.999952691876226,5.968145601917058
6876,algoQD,68,358,0.999952691876226,6.22596568998415
6877,algoQD,68,358,0.999952691876226,6.065836668014526
6878,algoQD,68,358,0.999952691876226,5.816710244980641
6879,algoQD,68,358,0.999952691876226,6.132200872991234
6880,algoQD,68,358,0.999952691876226,5.46474445995409
6881,algoQD,68,358,0.999952691876226,6.110810145037249
6882,algoQD,68,358,0.999952691876226,6.040374677977525
6883,algoQD,68,358,0.999952691876226,5.025603638030589
6884,algoQD,68,358,0.999952691876226,5.411798579967581
6885,algoQD,68,358,0.999952691876226,5.7035112780286
6886,algoQD,68,358,0.999952691876226,5.992910944973119
6887,algoQD,68,358,0.999952691876226,5.523933026008308
6888,algoQD,68,358,0.999952691876226,6.227746214019135
6889,algoQD,68,358,0.999952691876226,5.1429712229873985
6890,algoQD,68,358,0.999952691876226,6.213585719000548
6891,algoQD,68,358,0.999952691876226,5.910294691915624
6892,algoQD,68,358,0.999952691876226,5.78560500300955
6893,algoQD,68,358,0.999952691876226,4.774180516949855
6894,algoQD,68,358,0.999952691876226,5.8291131620062515
6895,algoQD,68,358,0.999952691876226,6.024204054032452
6896,algoQD,68,359,0.999952691876226,5.948779640020803
6897,algoQD,68,359,0.999952691876226,6.466810493962839
6898,algoQD,68,359,0.999952691876226,5.815026505035348
6899,algoQD,68,359,0.999952691876226,5.930143284029327
6900,algoQD,69,359,0.999952691876226,6.195974261965603
6901,algoQD,69,359,0.999952691876226,6.105587266036309
6902,algoQD,69,359,0.999952691876226,6.146114893024787
6903,algoQD,69,359,0.999952691876226,6.368240437004715
6904,algoQD,69,359,0.999952691876226,5.999440453015268
6905,algoQD,69,359,0.999952691876226,6.089524145005271
6906,algoQD,69,359,0.999952691876226,5.8187979109352455
6907,algoQD,69,359,0.999952691876226,5.949675704003312
6908,algoQD,69,359,0.999952691876226,5.540202296921052
6909,algoQD,69,359,0.999952691876226,6.110889454954304
6910,algoQD,69,359,0.999952691876226,5.250115941977128
6911,algoQD,69,359,0.999952691876226,5.6085650669410825
6912,algoQD,69,359,0.999952691876226,5.17489334999118
6913,algoQD,69,359,0.999952691876226,5.942307671066374
6914,algoQD,69,359,0.999952691876226,5.987056493991986
6915,algoQD,69,359,0.999952691876226,6.228607262019068
6916,algoQD,69,359,0.999952691876226,5.963153699063696
6917,algoQD,69,359,0.999952691876226,6.096957861096598
6918,algoQD,69,359,0.999952691876226,6.182348878006451
6919,algoQD,69,359,0.999952691876226,6.18153548007831
6920,algoQD,69,359,0.999952691876226,6.156965114991181
6921,algoQD,69,359,0.999952691876226,5.256274780025706
6922,algoQD,69,359,0.999952691876226,5.662363870069385
6923,algoQD,69,359,0.999952691876226,6.368334733997472
6924,algoQD,69,359,0.999952691876226,5.330739869968966
6925,algoQD,69,359,0.999952691876226,6.258261053008027
6926,algoQD,69,359,0.999952691876226,6.024661657982506
6927,algoQD,69,359,0.999952691876226,5.412274239002727
6928,algoQD,69,359,0.999952691876226,6.239529049023986
6929,algoQD,69,359,0.999952691876226,6.333780335029587
6930,algoQD,69,359,0.999952691876226,5.814518786035478
6931,algoQD,69,359,0.999952691876226,5.425931423087604
6932,algoQD,69,359,0.999952691876226,5.484179512015544
6933,algoQD,69,359,0.999952691876226,5.220557510969229
6934,algoQD,69,359,0.999952691876226,5.9088882559444755
6935,algoQD,69,359,0.999952691876226,5.577104393043555
6936,algoQD,69,359,0.999952691876226,6.2262569890590385
6937,algoQD,69,359,0.999952691876226,6.1432754579000175
6938,algoQD,69,359,0.999952691876226,6.229623430990614
6939,algoQD,69,359,0.999952691876226,5.750278955907561
6940,algoQD,69,359,0.999952691876226,5.873611340997741
6941,algoQD,69,359,0.999952691876226,5.772099664900452
6942,algoQD,69,359,0.999952691876226,6.200282612000592
6943,algoQD,69,359,0.999952691876226,5.9109285899903625
6944,algoQD,69,359,0.999952691876226,5.830869790981524
6945,algoQD,69,359,0.999952691876226,6.057253580889665
6946,algoQD,69,359,0.999952691876226,5.916744309011847
6947,algoQD,69,359,0.999952691876226,5.4249928700737655
6948,algoQD,69,359,0.999952691876226,6.094171706936322
6949,algoQD,69,359,0.999952691876226,6.188821827061474
6950,algoQD,69,359,0.999952691876226,6.034921173937619
6951,algoQD,69,359,0.999952691876226,5.796726085944101
6952,algoQD,69,359,0.999952691876226,5.7851093070348725
6953,algoQD,69,359,0.999952691876226,5.937896557035856
6954,algoQD,69,359,0.999952691876226,6.297852990915999
6955,algoQD,69,359,0.999952691876226,5.642713339999318
6956,algoQD,69,359,0.999952691876226,6.205374273005873
6957,algoQD,69,359,0.999952691876226,6.099641382927075
6958,algoQD,69,359,0.999952691876226,6.139496527030133
6959,algoQD,69,359,0.999952691876226,5.921813999069855
6960,algoQD,69,359,0.999952691876226,5.99156240792945
6961,algoQD,69,359,0.999952691876226,5.691750155994669
6962,algoQD,69,359,0.999952691876226,5.985714238020591
6963,algoQD,69,359,0.999952691876226,5.964165641926229
6964,algoQD,69,359,0.999952691876226,5.654739254969172
6965,algoQD,69,359,0.999952691876226,5.9289360149996355
6966,algoQD,69,359,0.999952691876226,5.964048891095445
6967,algoQD,69,359,0.999952691876226,6.070260195992887
6968,algoQD,69,359,0.999952691876226,6.040269669960253
6969,algoQD,69,359,0.999952691876226,6.187083383090794
6970,algoQD,69,359,0.999952691876226,6.2017833079444245
6971,algoQD,69,359,0.999952691876226,6.037025060039014
6972,algoQD,69,359,0.999952691876226,6.045123641029932
6973,algoQD,69,359,0.999952691876226,6.255505245062523
6974,algoQD,69,359,0.999952691876226,5.103527895058505
6975,algoQD,69,359,0.999952691876226,6.177833463996649
6976,algoQD,69,359,0.999952691876226,6.17555642395746
6977,algoQD,69,359,0.999952691876226,6.034293215954676
6978,algoQD,69,359,0.999952691876226,5.889428046066314
6979,algoQD,69,359,0.999952691876226,5.575413167942315
6980,algoQD,69,359,0.999952691876226,5.76998021104373
6981,algoQD,69,359,0.999952691876226,6.135612318990752
6982,algoQD,69,359,0.999952691876226,6.25371015293058
6983,algoQD,69,359,0.999952691876226,6.158764914958738
6984,algoQD,69,359,0.999952691876226,5.478132245945744
6985,algoQD,69,359,0.999952691876226,5.623744048993103
6986,algoQD,69,359,0.999952691876226,6.089998704032041
6987,algoQD,69,359,0.999952691876226,6.523592035053298
6988,algoQD,69,359,0.999952691876226,5.651475248043425
6989,algoQD,69,359,0.999952691876226,5.993603201000951
6990,algoQD,69,359,0.999952691876226,5.287431132979691
6991,algoQD,69,359,0.999952691876226,5.937002656050026
6992,algoQD,69,359,0.999952691876226,5.677848268998787
6993,algoQD,69,359,0.999952691876226,5.893919841968454
6994,algoQD,69,359,0.999952691876226,6.170123884920031
6995,algoQD,69,359,0.999952691876226,5.804686296032742
6996,algoQD,69,359,0.999952691876226,6.117938841925934
6997,algoQD,69,359,0.999952691876226,5.282944936072454
6998,algoQD,69,359,0.999952691876226,6.087643288890831
6999,algoQD,69,359,0.999952691876226,6.088735272060148
7000,algoQD,70,359,0.999952691876226,6.270645348005928
7001,algoQD,70,359,0.999952691876226,5.717233886010945
7002,algoQD,70,359,0.999952691876226,5.94914937694557
7003,algoQD,70,359,0.999952691876226,6.202900664997287
7004,algoQD,70,359,0.999952691876226,4.881652882089838
7005,algoQD,70,359,0.999952691876226,6.32431373198051
7006,algoQD,70,359,0.999952691876226,5.277052283054218
7007,algoQD,70,359,0.999952691876226,6.074964383034967
7008,algoQD,70,359,0.999952691876226,5.787260691984557
7009,algoQD,70,359,0.999952691876226,5.960353277041577
7010,algoQD,70,359,0.999952691876226,6.346256853081286
7011,algoQD,70,359,0.999952691876226,6.188616325031035
7012,algoQD,70,359,0.999952691876226,5.868323948001489
7013,algoQD,70,359,0.999952691876226,5.800222711986862
7014,algoQD,70,359,0.999952691876226,5.998207461088896
7015,algoQD,70,359,0.999952691876226,5.968254726962186
7016,algoQD,70,359,0.999952691876226,6.082258654991165
7017,algoQD,70,359,0.999952691876226,5.575260010082275
7018,algoQD,70,359,0.999952691876226,5.750008402974345
7019,algoQD,70,359,0.999952691876226,5.928949991008267
7020,algoQD,70,359,0.999952691876226,5.301069441018626
7021,algoQD,70,359,0.999952691876226,5.909558709943667
7022,algoQD,70,359,0.999952691876226,6.092491750023328
7023,algoQD,70,359,0.999952691876226,6.151981713948771
7024,algoQD,70,359,0.999952691876226,5.3925740690901875
7025,algoQD,70,359,0.999952691876226,5.024509688024409
7026,algoQD,70,359,0.999952691876226,6.27753489499446
7027,algoQD,70,359,0.999952691876226,5.644658186938614
7028,algoQD,70,359,0.999952691876226,6.050241287914105
7029,algoQD,70,359,0.999952691876226,5.8865918149240315
7030,algoQD,70,359,0.999952691876226,5.236858356045559
7031,algoQD,70,359,0.999952691876226,6.117914085043594
7032,algoQD,70,359,0.999952691876226,5.375801999005489
7033,algoQD,70,359,0.999952691876226,5.629440312972292
7034,algoQD,70,359,0.999952691876226,5.495088176918216
7035,algoQD,70,359,0.999952691876226,5.996238371008076
7036,algoQD,70,359,0.999952691876226,5.47055766696576
7037,algoQD,70,359,0.999952691876226,6.0712177130626515
7038,algoQD,70,359,0.999952691876226,5.41819659108296
7039,algoQD,70,359,0.999952691876226,6.05056948796846
7040,algoQD,70,359,0.999952691876226,6.327526193927042
7041,algoQD,70,359,0.999952691876226,5.61419674102217
7042,algoQD,70,359,0.999952691876226,5.564018339966424
7043,algoQD,70,359,0.999952691876226,5.871831697062589
7044,algoQD,70,359,0.999952691876226,5.53043621708639
7045,algoQD,70,359,0.999952691876226,5.92929134494625
7046,algoQD,70,359,0.999952691876226,5.627876206999645
7047,algoQD,70,359,0.999952691876226,6.137216377072036
7048,algoQD,70,359,0.999952691876226,5.8792539610294625
7049,algoQD,70,359,0.999952691876226,5.969943266944028
7050,algoQD,70,359,0.999952691876226,5.379432918969542
7051,algoQD,70,359,0.999952691876226,6.339194700936787
7052,algoQD,70,359,0.999952691876226,6.063987661967985
7053,algoQD,70,360,0.999952691876226,5.8224082929082215
7054,algoQD,70,360,0.999952691876226,5.586563438060693
7055,algoQD,70,360,0.999952691876226,6.166786948917434
7056,algoQD,70,360,0.999952691876226,5.4233832019381225
7057,algoQD,70,360,0.999952691876226,5.956770328921266
7058,algoQD,70,360,0.999952691876226,5.75927874003537
7059,algoQD,70,360,0.999952691876226,6.356993029941805
7060,algoQD,70,360,0.999952691876226,6.041694920975715
7061,algoQD,70,360,0.999952691876226,5.320095721981488
7062,algoQD,70,360,0.999952691876226,5.844432646990754
7063,algoQD,70,360,0.999952691876226,5.960069339955226
7064,algoQD,70,360,0.999952691876226,5.679775109048933
7065,algoQD,70,361,0.999952691876226,5.959621142945252
7066,algoQD,70,361,0.999952691876226,6.009992999956012
7067,algoQD,70,361,0.999952691876226,6.262972170021385
7068,algoQD,70,361,0.999952691876226,5.821626605000347
7069,algoQD,70,361,0.999952691876226,5.351050028926693
7070,algoQD,70,361,0.999952691876226,6.156469374080189
7071,algoQD,70,361,0.999952691876226,5.727651480934583
7072,algoQD,70,361,0.999952691876226,5.120004384079948
7073,algoQD,70,361,0.999952691876226,6.389747329056263
7074,algoQD,70,361,0.999952691876226,6.091989340027794
7075,algoQD,70,361,0.999952691876226,5.4575107540003955
7076,algoQD,70,361,0.999952691876226,6.10487971699331
7077,algoQD,70,361,0.999952691876226,5.9828102990286425
7078,algoQD,70,361,0.999952691876226,5.797302584978752
7079,algoQD,70,361,0.999952691876226,5.72647059999872
7080,algoQD,70,361,0.999952691876226,5.9459749578963965
7081,algoQD,70,361,0.999952691876226,5.998162645963021
7082,algoQD,70,361,0.999952691876226,5.651449377997778
7083,algoQD,70,361,0.999952691876226,6.375071959919296
7084,algoQD,70,361,0.999952691876226,6.423904258059338
7085,algoQD,70,361,0.999952691876226,6.2151678539812565
7086,algoQD,70,361,0.999952691876226,5.304637933964841
7087,algoQD,70,361,0.999952691876226,5.849783446989022
7088,algoQD,70,361,0.999952691876226,5.920778661035001
7089,algoQD,70,361,0.999952691876226,5.8828536530490965
7090,algoQD,70,361,0.999952691876226,6.071114346967079
7091,algoQD,70,361,0.999952691876226,5.669555229949765
7092,algoQD,70,361,0.999952691876226,5.69487874803599
7093,algoQD,70,361,0.999952691876226,6.525552280014381
7094,algoQD,70,361,0.999952691876226,6.038809928926639
7095,algoQD,70,361,0.999952691876226,5.344862097990699
7096,algoQD,70,361,0.999952691876226,5.6577384119154885
7097,algoQD,70,361,0.999952691876226,5.147103365045041
7098,algoQD,70,361,0.999952691876226,5.903674894943833
7099,algoQD,70,361,0.999952691876226,6.45843754906673
7100,algoQD,71,361,0.999952691876226,5.864582199021243
7101,algoQD,71,361,0.999952691876226,6.0687087120022625
7102,algoQD,71,361,0.999952691876226,5.78184980689548
7103,algoQD,71,361,0.999952691876226,5.898530803970061
7104,algoQD,71,361,0.999952691876226,5.90396539401263
7105,algoQD,71,361,0.999952691876226,6.2036488089943305
7106,algoQD,71,361,0.999952691876226,6.520342606003396
7107,algoQD,71,361,0.999952691876226,5.838337079039775
7108,algoQD,71,361,0.999952691876226,6.469905867008492
7109,algoQD,71,361,0.999952691876226,5.915270052966662
7110,algoQD,71,361,0.999952691876226,5.843991462956183
7111,algoQD,71,361,0.999952691876226,5.617721089045517
7112,algoQD,71,361,0.999952691876226,5.866316706989892
7113,algoQD,71,361,0.999952691876226,5.757255617994815
7114,algoQD,71,361,0.999952691876226,6.169772679917514
7115,algoQD,71,361,0.999952691876226,5.695223759044893
7116,algoQD,71,361,0.999952691876226,6.20227488304954
7117,algoQD,71,361,0.999952691876226,5.903726871008985
7118,algoQD,71,361,0.999952691876226,6.150553215993568
7119,algoQD,71,361,0.999952691876226,5.862449139007367
7120,algoQD,71,361,0.999952691876226,6.064229638082907
7121,algoQD,71,361,0.999952691876226,5.675399811938405
7122,algoQD,71,361,0.999952691876226,5.838159844977781
7123,algoQD,71,361,0.999952691876226,6.070964113925584
7124,algoQD,71,361,0.999952691876226,5.8293739130022
7125,algoQD,71,361,0.999952691876226,6.080133359064348
7126,algoQD,71,361,0.999952691876226,6.165764196077362
7127,algoQD,71,361,0.999952691876226,5.7405220289947465
7128,algoQD,71,361,0.999952691876226,6.02374257997144
7129,algoQD,71,361,0.999952691876226,5.8841820320812985
7130,algoQD,71,361,0.999952691876226,6.001179747981951
7131,algoQD,71,361,0.999952691876226,6.0826667649671435
7132,algoQD,71,361,0.999952691876226,6.149531936040148
7133,algoQD,71,361,0.999952691876226,5.941661988967098
7134,algoQD,71,361,0.999952691876226,6.2926623380044475
7135,algoQD,71,361,0.999952691876226,6.268498831894249
7136,algoQD,71,361,0.999952691876226,6.191456362023018
7137,algoQD,71,361,0.999952691876226,5.92955978307873
7138,algoQD,71,361,0.999952691876226,5.966454142937437
7139,algoQD,71,361,0.999952691876226,6.004100817022845
7140,algoQD,71,361,0.999952691876226,5.341786235920154
7141,algoQD,71,361,0.999952691876226,6.044468161999248
7142,algoQD,71,361,0.999952691876226,5.748598158941604
7143,algoQD,71,361,0.999952691876226,6.134165010997094
7144,algoQD,71,361,0.999952691876226,5.121971801039763
7145,algoQD,71,361,0.999952691876226,6.33551871497184
7146,algoQD,71,361,0.999952691876226,6.005538102937862
7147,algoQD,71,361,0.999952691876226,6.015326919034123
7148,algoQD,71,361,0.999952691876226,6.176367662032135
7149,algoQD,71,361,0.999952691876226,6.015231719007716
7150,algoQD,71,361,0.999952691876226,5.552724409964867
7151,algoQD,71,361,0.999952691876226,5.9334743389626965
7152,algoQD,71,361,0.999952691876226,5.923585834912956
7153,algoQD,71,361,0.999952691876226,5.361447043949738
7154,algoQD,71,361,0.999952691876226,5.930194403044879
7155,algoQD,71,361,0.999952691876226,5.467034449917264
7156,algoQD,71,361,0.999952691876226,5.276638770941645
7157,algoQD,71,361,0.999952691876226,6.007873966009356
7158,algoQD,71,361,0.999952691876226,5.725588623085059
7159,algoQD,71,361,0.999952691876226,6.212907813023776
7160,algoQD,71,361,0.999952691876226,5.931045299046673
7161,algoQD,71,361,0.999952691876226,5.390343973995186
7162,algoQD,71,361,0.999952691876226,5.665859223925509
7163,algoQD,71,361,0.999952691876226,5.9611727899173275
7164,algoQD,71,361,0.999952691876226,6.254607441020198
7165,algoQD,71,361,0.999952691876226,5.398118042969145
7166,algoQD,71,361,0.999952691876226,6.180452961940318
7167,algoQD,71,361,0.999952691876226,5.352261217078194
7168,algoQD,71,361,0.999952691876226,6.000039124977775
7169,algoQD,71,361,0.999952691876226,5.750461279065348
7170,algoQD,71,361,0.999952691876226,6.156295383931138
7171,algoQD,71,361,0.999952691876226,6.010341692017391
7172,algoQD,71,361,0.999952691876226,6.151940917014144
7173,algoQD,71,361,0.999952691876226,5.986538616009057
7174,algoQD,71,361,0.999952691876226,5.798593031009659
7175,algoQD,71,361,0.999952691876226,6.214485502103344
7176,algoQD,71,361,0.999952691876226,5.823814076022245
7177,algoQD,71,361,0.999952691876226,6.242035806993954
7178,algoQD,71,361,0.999952691876226,6.140078485012054
7179,algoQD,71,361,0.999952691876226,6.010706039960496
7180,algoQD,71,361,0.999952691876226,5.2362127100350335
7181,algoQD,71,361,0.999952691876226,6.115373883978464
7182,algoQD,71,361,0.999952691876226,5.779606778058223
7183,algoQD,71,361,0.999952691876226,5.917266110074706
7184,algoQD,71,361,0.999952691876226,5.93047523801215
7185,algoQD,71,361,0.999952691876226,5.680491273989901
7186,algoQD,71,361,0.999952691876226,5.484368919976987
7187,algoQD,71,361,0.999952691876226,6.109036842011847
7188,algoQD,71,361,0.999952691876226,5.786428096005693
7189,algoQD,71,361,0.999952691876226,5.69385547505226
7190,algoQD,71,361,0.999952691876226,6.042689303052612
7191,algoQD,71,361,0.999952691876226,5.954299433040433
7192,algoQD,71,361,0.999952691876226,5.963816984905861
7193,algoQD,71,361,0.999952691876226,5.62924738205038
7194,algoQD,71,361,0.999952691876226,6.133885932969861
7195,algoQD,71,361,0.999952691876226,5.1064369439845905
7196,algoQD,71,361,0.999952691876226,6.229261992033571
7197,algoQD,71,361,0.999952691876226,5.445998391020112
7198,algoQD,71,361,0.999952691876226,6.221723066992126
7199,algoQD,71,361,0.999952691876226,5.964030588977039
7200,algoQD,72,361,0.999952691876226,6.036805693991482
7201,algoQD,72,361,0.999952691876226,5.345300346962176
7202,algoQD,72,361,0.999952691876226,5.778166429954581
7203,algoQD,72,361,0.999952691876226,5.847957164049149
7204,algoQD,72,361,0.999952691876226,6.2899673719657585
7205,algoQD,72,361,0.999952691876226,5.784340443089604
7206,algoQD,72,361,0.999952691876226,6.19801855890546
7207,algoQD,72,361,0.999952691876226,6.155314010917209
7208,algoQD,72,361,0.999952691876226,6.185263888910413
7209,algoQD,72,361,0.999952691876226,5.9278864960651845
7210,algoQD,72,361,0.999952691876226,6.002669565030374
7211,algoQD,72,361,0.999952691876226,5.79259357706178
7212,algoQD,72,361,0.999952691876226,5.344409553101286
7213,algoQD,72,361,0.999952691876226,5.6296287620207295
7214,algoQD,72,361,0.999952691876226,5.931595596019179
7215,algoQD,72,361,0.999952691876226,5.141724818968214
7216,algoQD,72,361,0.999952691876226,6.615669521968812
7217,algoQD,72,361,0.999952691876226,6.121778505970724
7218,algoQD,72,361,0.999952691876226,5.790630887961015
7219,algoQD,72,361,0.999952691876226,5.7996015480021015
7220,algoQD,72,361,0.999952691876226,6.119948557927273
7221,algoQD,72,361,0.999952691876226,6.042946778004989
7222,algoQD,72,361,0.999952691876226,5.311582967988215
7223,algoQD,72,361,0.999952691876226,5.827291285968386
7224,algoQD,72,361,0.999952691876226,5.796431427937932
7225,algoQD,72,361,0.999952691876226,5.3285079260822386
7226,algoQD,72,361,0.999952691876226,5.935197900980711
7227,algoQD,72,361,0.999952691876226,5.964134156005457
7228,algoQD,72,361,0.999952691876226,5.227746723918244
7229,algoQD,72,361,0.999952691876226,5.451764766010456
7230,algoQD,72,361,0.999952691876226,6.000254523009062
7231,algoQD,72,361,0.999952691876226,6.0738662800285965
7232,algoQD,72,361,0.999952691876226,5.809767795959488
7233,algoQD,72,361,0.999952691876226,5.365265368018299
7234,algoQD,72,361,0.999952691876226,5.874311227933504
7235,algoQD,72,361,0.999952691876226,6.016045319032855
7236,algoQD,72,361,0.999952691876226,5.432229454047047
7237,algoQD,72,361,0.999952691876226,5.686202876036987
7238,algoQD,72,361,0.999952691876226,5.328382640029304
7239,algoQD,72,361,0.999952691876226,5.985152337932959
7240,algoQD,72,361,0.999952691876226,6.678899563034065
7241,algoQD,72,361,0.999952691876226,5.687306520994753
7242,algoQD,72,361,0.999952691876226,5.882831807946786
7243,algoQD,72,361,0.999952691876226,5.3550927879987285
7244,algoQD,72,361,0.999952691876226,5.851262828917243
7245,algoQD,72,361,0.999952691876226,5.660865551093593
7246,algoQD,72,361,0.999952691876226,5.874655599007383
7247,algoQD,72,361,0.999952691876226,6.271572706056759
7248,algoQD,72,361,0.999952691876226,6.1954786609858274
7249,algoQD,72,361,0.999952691876226,6.092591139022261
7250,algoQD,72,361,0.999952691876226,5.514712612959556
7251,algoQD,72,361,0.999952691876226,5.681501333019696
7252,algoQD,72,361,0.999952691876226,6.041010909946635
7253,algoQD,72,361,0.999952691876226,5.832041010027751
7254,algoQD,72,361,0.999952691876226,4.955480939941481
7255,algoQD,72,361,0.999952691876226,6.129191352985799
7256,algoQD,72,361,0.999952691876226,6.307931294082664
7257,algoQD,72,361,0.999952691876226,5.899996759020723
7258,algoQD,72,361,0.999952691876226,5.83696103701368
7259,algoQD,72,361,0.999952691876226,5.403014665003866
7260,algoQD,72,361,0.999952691876226,6.318287200992927
7261,algoQD,72,361,0.999952691876226,5.846626600017771
7262,algoQD,72,361,0.999952691876226,5.232941819005646
7263,algoQD,72,361,0.999952691876226,5.735653470037505
7264,algoQD,72,361,0.999952691876226,5.577878392999992
7265,algoQD,72,361,0.999952691876226,6.132395526976325
7266,algoQD,72,361,0.999952691876226,5.532773858052678
7267,algoQD,72,361,0.999952691876226,5.738999473047443
7268,algoQD,72,361,0.999952691876226,5.871290710987523
7269,algoQD,72,361,0.999952691876226,5.425113418023102
7270,algoQD,72,361,0.999952691876226,6.0173982550622895
7271,algoQD,72,361,0.999952691876226,5.992640094948001
7272,algoQD,72,361,0.999952691876226,5.505119237001054
7273,algoQD,72,361,0.999952691876226,5.0128619379829615
7274,algoQD,72,361,0.999952691876226,5.42811035097111
7275,algoQD,72,361,0.999952691876226,5.482714423909783
7276,algoQD,72,361,0.999952691876226,6.030020217061974
7277,algoQD,72,361,0.999952691876226,5.970159568940289
7278,algoQD,72,361,0.999952691876226,5.908202223945409
7279,algoQD,72,361,0.999952691876226,5.97505262400955
7280,algoQD,72,361,0.999952691876226,5.414220026112162
7281,algoQD,72,361,0.999952691876226,5.728533998015337
7282,algoQD,72,361,0.999952691876226,5.610986156971194
7283,algoQD,72,361,0.999952691876226,5.7329443419585004
7284,algoQD,72,361,0.999952691876226,6.1381188810337335
7285,algoQD,72,361,0.999952691876226,5.994641156983562
7286,algoQD,72,361,0.999952691876226,5.400996100972407
7287,algoQD,72,361,0.999952691876226,6.182799863978289
7288,algoQD,72,361,0.999952691876226,6.505589882959612
7289,algoQD,72,361,0.999952691876226,5.090644976939075
7290,algoQD,72,361,0.999952691876226,6.246670763939619
7291,algoQD,72,361,0.999952691876226,5.973460897104815
7292,algoQD,72,361,0.999952691876226,5.8012420469895005
7293,algoQD,72,361,0.999952691876226,6.033782682963647
7294,algoQD,72,361,0.999952691876226,5.938134939991869
7295,algoQD,72,361,0.999952691876226,6.401115379994735
7296,algoQD,72,361,0.999952691876226,6.002198474947363
7297,algoQD,72,361,0.999952691876226,6.082087401999161
7298,algoQD,72,361,0.999952691876226,6.3147494670702145
7299,algoQD,72,361,0.999952691876226,5.510268846061081
7300,algoQD,73,361,0.999952691876226,5.644705749000423
7301,algoQD,73,361,0.999952691876226,6.019443871919066
7302,algoQD,73,361,0.999952691876226,6.167773732915521
7303,algoQD,73,361,0.999952691876226,5.555470693972893
7304,algoQD,73,361,0.999952691876226,5.5179115269565955
7305,algoQD,73,361,0.999952691876226,5.786117698997259
7306,algoQD,73,361,0.999952691876226,5.649072639993392
7307,algoQD,73,361,0.999952691876226,5.119572983006947
7308,algoQD,73,361,0.999952691876226,6.174133558990434
7309,algoQD,73,361,0.999952691876226,6.103599247988313
7310,algoQD,73,361,0.999952691876226,5.217979968991131
7311,algoQD,73,361,0.999952691876226,5.730652300990187
7312,algoQD,73,361,0.999952691876226,5.931595635018311
7313,algoQD,73,361,0.999952691876226,6.038216060958803
7314,algoQD,73,361,0.999952691876226,5.755968754994683
7315,algoQD,73,361,0.999952691876226,5.933876073104329
7316,algoQD,73,361,0.999952691876226,5.843368562986143
7317,algoQD,73,361,0.999952691876226,5.13590104598552
7318,algoQD,73,361,0.999952691876226,5.211435143952258
7319,algoQD,73,361,0.999952691876226,5.1070845279609784
7320,algoQD,73,361,0.999952691876226,6.152824556920677
7321,algoQD,73,361,0.999952691876226,4.973491179058328
7322,algoQD,73,361,0.999952691876226,6.073713417979889
7323,algoQD,73,361,0.999952691876226,5.965930568985641
7324,algoQD,73,361,0.999952691876226,5.836127242073417
7325,algoQD,73,361,0.999952691876226,5.747350963065401
7326,algoQD,73,361,0.999952691876226,6.183235077071004
7327,algoQD,73,361,0.999952691876226,5.9245676350547
7328,algoQD,73,361,0.999952691876226,5.570989846019074
7329,algoQD,73,361,0.999952691876226,6.1905490449862555
7330,algoQD,73,361,0.999952691876226,6.137435799930245
7331,algoQD,73,361,0.999952691876226,5.699534835992381
7332,algoQD,73,361,0.999952691876226,5.834485098021105
7333,algoQD,73,361,0.999952691876226,5.405401934986003
7334,algoQD,73,361,0.999952691876226,5.887686419999227
7335,algoQD,73,361,0.999952691876226,6.224443799001165
7336,algoQD,73,361,0.999952691876226,5.996099021052942
7337,algoQD,73,361,0.999952691876226,5.737489268998615
7338,algoQD,73,361,0.999952691876226,6.080008054967038
7339,algoQD,73,361,0.999952691876226,5.828873391961679
7340,algoQD,73,361,0.999952691876226,5.586068016011268
7341,algoQD,73,361,0.999952691876226,6.101928913034499
7342,algoQD,73,361,0.999952691876226,5.859141496941447
7343,algoQD,73,361,0.999952691876226,5.578548899968155
7344,algoQD,73,361,0.999952691876226,5.872062830021605
7345,algoQD,73,361,0.999952691876226,5.686033374047838
7346,algoQD,73,361,0.999952691876226,5.626308967941441
7347,algoQD,73,361,0.999952691876226,5.860333428019658
7348,algoQD,73,361,0.999952691876226,6.01319223199971
7349,algoQD,73,361,0.999952691876226,5.84082177199889
7350,algoQD,73,361,0.999952691876226,5.819026091019623
7351,algoQD,73,361,0.999952691876226,5.991231199004687
7352,algoQD,73,361,0.999952691876226,6.3004478889051825
7353,algoQD,73,361,0.999952691876226,6.272334130015224
7354,algoQD,73,362,0.999952691876226,5.907444069976918
7355,algoQD,73,362,0.999952691876226,5.867214048979804
7356,algoQD,73,362,0.999952691876226,5.2437495939666405
7357,algoQD,73,362,0.999952691876226,5.600949723972008
7358,algoQD,73,362,0.999952691876226,5.972114428994246
7359,algoQD,73,362,0.999952691876226,5.955831235041842
7360,algoQD,73,362,0.999952691876226,5.786249722936191
7361,algoQD,73,362,0.999952691876226,5.705851076985709
7362,algoQD,73,362,0.999952691876226,5.8494580399710685
7363,algoQD,73,362,0.999952691876226,5.466917251003906
7364,algoQD,73,362,0.999952691876226,5.192274285946041
7365,algoQD,73,363,0.999952691876226,5.800594827043824
7366,algoQD,73,363,0.999952691876226,5.679349474958144
7367,algoQD,73,363,0.999952691876226,5.171478663920425
7368,algoQD,73,363,0.999952691876226,6.136059048003517
7369,algoQD,73,363,0.999952691876226,5.682536775013432
7370,algoQD,73,363,0.999952691876226,5.8670499889412895
7371,algoQD,73,363,0.999952691876226,5.741757569019683
7372,algoQD,73,363,0.999952691876226,5.828984096995555
7373,algoQD,73,363,0.999952691876226,6.06776628701482
7374,algoQD,73,363,0.999952691876226,6.433571796049364
7375,algoQD,73,363,0.999952691876226,6.273283552960493
7376,algoQD,73,363,0.999952691876226,5.92613496503327
7377,algoQD,73,363,0.999952691876226,6.080192634952255
7378,algoQD,73,363,0.999952691876226,5.859473855001852
7379,algoQD,73,363,0.999952691876226,5.807641902007163
7380,algoQD,73,363,0.999952691876226,5.275433978997171
7381,algoQD,73,363,0.999952691876226,5.429166072979569
7382,algoQD,73,363,0.999952691876226,5.961003024945967
7383,algoQD,73,363,0.999952691876226,5.939562345040031
7384,algoQD,73,363,0.999952691876226,5.664706117007881
7385,algoQD,73,363,0.999952691876226,6.194237783085555
7386,algoQD,73,363,0.999952691876226,6.297341548954137
7387,algoQD,73,363,0.999952691876226,5.879321134998463
7388,algoQD,73,363,0.999952691876226,6.003941352944821
7389,algoQD,73,363,0.999952691876226,6.229760390007868
7390,algoQD,73,363,0.999952691876226,6.220738774980418
7391,algoQD,73,363,0.999952691876226,5.883878715103492
7392,algoQD,73,363,0.999952691876226,5.42684653098695
7393,algoQD,73,363,0.999952691876226,5.47337401995901
7394,algoQD,73,363,0.999952691876226,6.086834502988495
7395,algoQD,73,363,0.999952691876226,6.177209379035048
7396,algoQD,73,363,0.999952691876226,5.320760380011052
7397,algoQD,73,363,0.999952691876226,5.765710697043687
7398,algoQD,73,363,0.999952691876226,6.1899895259412006
7399,algoQD,73,363,0.999952691876226,5.6834727639798075
7400,algoQD,74,363,0.999952691876226,6.169573201914318
7401,algoQD,74,363,0.999952691876226,5.4899531659903005
7402,algoQD,74,363,0.999952691876226,5.168242989922874
7403,algoQD,74,363,0.999952691876226,5.736495055956766
7404,algoQD,74,363,0.999952691876226,5.82513440202456
7405,algoQD,74,363,0.999952691876226,5.657859471044503
7406,algoQD,74,363,0.999952691876226,5.873712706961669
7407,algoQD,74,363,0.999952691876226,5.470834302017465
7408,algoQD,74,363,0.999952691876226,5.24642025004141
7409,algoQD,74,363,0.999952691876226,5.220257619046606
7410,algoQD,74,363,0.999952691876226,6.02879606501665
7411,algoQD,74,363,0.999952691876226,6.0323009479325265
7412,algoQD,74,363,0.999952691876226,6.050614108098671
7413,algoQD,74,363,0.999952691876226,6.082169187953696
7414,algoQD,74,363,0.999952691876226,5.881089344038628
7415,algoQD,74,363,0.999952691876226,5.544330436969176
7416,algoQD,74,363,0.999952691876226,5.906743747065775
7417,algoQD,74,363,0.999952691876226,6.056057903100736
7418,algoQD,74,363,0.999952691876226,5.886841112980619
7419,algoQD,74,363,0.999952691876226,5.838082276983187
7420,algoQD,74,363,0.999952691876226,6.070043398998678
7421,algoQD,74,363,0.999952691876226,5.745123798958957
7422,algoQD,74,363,0.999952691876226,5.899334428017028
7423,algoQD,74,363,0.999952691876226,6.048302552080713
7424,algoQD,74,363,0.999952691876226,5.619422417017631
7425,algoQD,74,363,0.999952691876226,5.90330088196788
7426,algoQD,74,363,0.999952691876226,5.827630799962208
7427,algoQD,74,363,0.999952691876226,5.991482052952051
7428,algoQD,74,363,0.999952691876226,6.168886444997042
7429,algoQD,74,363,0.999952691876226,5.863782356027514
7430,algoQD,74,363,0.999952691876226,5.620108503033407
7431,algoQD,74,363,0.999952691876226,5.530592790921219
7432,algoQD,74,363,0.999952691876226,5.901688645011745
7433,algoQD,74,363,0.999952691876226,5.044284952105954
7434,algoQD,74,363,0.999952691876226,6.080667631933466
7435,algoQD,74,363,0.999952691876226,5.816947904997505
7436,algoQD,74,363,0.999952691876226,5.804943072958849
7437,algoQD,74,363,0.999952691876226,6.033049480989575
7438,algoQD,74,363,0.999952691876226,5.779707532958128
7439,algoQD,74,363,0.999952691876226,5.387007107026875
7440,algoQD,74,363,0.999952691876226,5.739934434997849
7441,algoQD,74,363,0.999952691876226,5.92215026600752
7442,algoQD,74,363,0.999952691876226,5.8989461429882795
7443,algoQD,74,363,0.999952691876226,5.1584168950794265
7444,algoQD,74,363,0.999952691876226,5.425534202018753
7445,algoQD,74,363,0.999952691876226,5.752284599002451
7446,algoQD,74,363,0.999952691876226,5.737532768049277
7447,algoQD,74,363,0.999952691876226,6.20813355804421
7448,algoQD,74,363,0.999952691876226,6.121531740995124
7449,algoQD,74,363,0.999952691876226,5.866911145974882
7450,algoQD,74,363,0.999952691876226,4.977131451945752
7451,algoQD,74,363,0.999952691876226,5.985906037967652
7452,algoQD,74,363,0.999952691876226,5.438967400928959
7453,algoQD,74,363,0.999952691876226,5.492184070055373
7454,algoQD,74,363,0.999952691876226,5.552032459061593
7455,algoQD,74,363,0.999952691876226,6.113357517984696
7456,algoQD,74,363,0.999952691876226,6.040586641989648
7457,algoQD,74,363,0.999952691876226,5.589744973927736
7458,algoQD,74,363,0.999952691876226,5.67601544491481
7459,algoQD,74,363,0.999952691876226,5.931631529936567
7460,algoQD,74,363,0.999952691876226,6.109000024036504
7461,algoQD,74,363,0.999952691876226,5.749421138083562
7462,algoQD,74,363,0.999952691876226,6.067775714094751
7463,algoQD,74,363,0.999952691876226,6.256106871063821
7464,algoQD,74,363,0.999952691876226,5.8505110800033435
7465,algoQD,74,363,0.999952691876226,5.743209201958962
7466,algoQD,74,363,0.999952691876226,5.4793215580284595
7467,algoQD,74,363,0.999952691876226,6.078830772079527
7468,algoQD,74,363,0.999952691876226,5.78866638999898
7469,algoQD,74,363,0.999952691876226,5.945300868013874
7470,algoQD,74,363,0.999952691876226,5.705079398932867
7471,algoQD,74,363,0.999952691876226,6.008237910922617
7472,algoQD,74,363,0.999952691876226,5.495425425004214
7473,algoQD,74,364,0.999952691876226,5.65855580708012
7474,algoQD,74,364,0.999952691876226,5.861506615066901
7475,algoQD,74,364,0.999952691876226,5.91704991995357
7476,algoQD,74,364,0.999952691876226,5.133689885959029
7477,algoQD,74,364,0.999952691876226,6.133853382081725
7478,algoQD,74,364,0.999952691876226,5.785212132963352
7479,algoQD,74,364,0.999952691876226,5.934676403994672
7480,algoQD,74,364,0.999952691876226,6.188317007035948
7481,algoQD,74,364,0.999952691876226,5.712472867919132
7482,algoQD,74,364,0.999952691876226,5.684755707974546
7483,algoQD,74,364,0.999952691876226,5.851117184967734
7484,algoQD,74,364,0.999952691876226,5.951664580963552
7485,algoQD,74,364,0.999952691876226,5.8338087720330805
7486,algoQD,74,364,0.999952691876226,6.2397634600056335
7487,algoQD,74,364,0.999952691876226,5.9142178889596835
7488,algoQD,74,364,0.999952691876226,5.9554379909532145
7489,algoQD,74,364,0.999952691876226,5.4461753310170025
7490,algoQD,74,364,0.999952691876226,5.5853148030582815
7491,algoQD,74,364,0.999952691876226,4.992695459048264
7492,algoQD,74,364,0.999952691876226,5.847134771058336
7493,algoQD,74,364,0.999952691876226,6.016741586034186
7494,algoQD,74,364,0.999952691876226,4.859282957972027
7495,algoQD,74,364,0.999952691876226,5.2231097359908745
7496,algoQD,74,364,0.999952691876226,5.939626973005943
7497,algoQD,74,364,0.999952691876226,5.4096221659565344
7498,algoQD,74,364,0.999952691876226,5.667805686010979
7499,algoQD,74,364,0.999952691876226,5.803103385027498
7500,algoQD,75,364,0.999952691876226,5.97719329292886
7501,algoQD,75,364,0.999952691876226,5.709477783064358
7502,algoQD,75,364,0.999952691876226,5.75196058198344
7503,algoQD,75,364,0.999952691876226,5.354463696014136
7504,algoQD,75,364,0.999952691876226,5.776594917988405
7505,algoQD,75,364,0.999952691876226,6.058501933934167
7506,algoQD,75,364,0.999952691876226,5.888111967011355
7507,algoQD,75,364,0.999952691876226,6.061241500079632
7508,algoQD,75,364,0.999952691876226,5.820513051003218
7509,algoQD,75,364,0.999952691876226,5.833359142998233
7510,algoQD,75,364,0.999952691876226,5.819243572070263
7511,algoQD,75,364,0.999952691876226,4.890995820984244
7512,algoQD,75,364,0.999952691876226,5.696491937036626
7513,algoQD,75,364,0.999952691876226,5.804494705051184
7514,algoQD,75,364,0.999952691876226,6.024861691053957
7515,algoQD,75,364,0.999952691876226,5.902322235982865
7516,algoQD,75,364,0.999952691876226,5.7067990329815075
7517,algoQD,75,364,0.999952691876226,6.034292419906706
7518,algoQD,75,364,0.999952691876226,5.548196317045949
7519,algoQD,75,364,0.999952691876226,5.3294172110036016
7520,algoQD,75,364,0.999952691876226,6.320346149965189
7521,algoQD,75,364,0.999952691876226,5.976165386964567
7522,algoQD,75,364,0.999952691876226,5.7563706579385325
7523,algoQD,75,364,0.999952691876226,5.79604908102192
7524,algoQD,75,364,0.999952691876226,5.949985080049373
7525,algoQD,75,364,0.999952691876226,5.751691076904535
7526,algoQD,75,364,0.999952691876226,5.842425358016044
7527,algoQD,75,364,0.999952691876226,6.211741642910056
7528,algoQD,75,364,0.999952691876226,5.474778776988387
7529,algoQD,75,364,0.999952691876226,6.0353703539585695
7530,algoQD,75,364,0.999952691876226,5.992869969923049
7531,algoQD,75,364,0.999952691876226,6.158194649033248
7532,algoQD,75,364,0.999952691876226,6.037163752014749
7533,algoQD,75,364,0.999952691876226,5.6675082159927115
7534,algoQD,75,364,0.999952691876226,6.388277273974381
7535,algoQD,75,364,0.999952691876226,5.9918073839508
7536,algoQD,75,364,0.999952691876226,5.404233763925731
7537,algoQD,75,364,0.999952691876226,6.27655271301046
7538,algoQD,75,364,0.999952691876226,6.140396908973344
7539,algoQD,75,364,0.999952691876226,5.934810697915964
7540,algoQD,75,364,0.999952691876226,5.4292429379420355
7541,algoQD,75,364,0.999952691876226,6.093006215058267
7542,algoQD,75,364,0.999952691876226,5.798614136991091
7543,algoQD,75,364,0.999952691876226,5.484568204032257
7544,algoQD,75,364,0.999952691876226,6.273723245947622
7545,algoQD,75,364,0.999952691876226,5.953854171093553
7546,algoQD,75,364,0.999952691876226,5.309442938072607
7547,algoQD,75,364,0.999952691876226,5.65204962703865
7548,algoQD,75,364,0.999952691876226,5.233944096020423
7549,algoQD,75,364,0.999952691876226,5.827594615984708
7550,algoQD,75,364,0.999952691876226,5.921553668915294
7551,algoQD,75,364,0.999952691876226,5.816840245039202
7552,algoQD,75,364,0.999952691876226,6.121901142061688
7553,algoQD,75,364,0.999952691876226,5.528511374024674
7554,algoQD,75,364,0.999952691876226,6.106353843933903
7555,algoQD,75,364,0.999952691876226,5.631494086934254
7556,algoQD,75,364,0.999952691876226,5.726760211051442
7557,algoQD,75,364,0.999952691876226,6.0446212239330634
7558,algoQD,75,364,0.999952691876226,6.180781455012038
7559,algoQD,75,364,0.999952691876226,6.034501733025536
7560,algoQD,75,364,0.999952691876226,6.010879770037718
7561,algoQD,75,364,0.999952691876226,5.346913477987982
7562,algoQD,75,364,0.999952691876226,6.060311219072901
7563,algoQD,75,364,0.999952691876226,5.763576183002442
7564,algoQD,75,364,0.999952691876226,5.748068823013455
7565,algoQD,75,364,0.999952691876226,5.89422111492604
7566,algoQD,75,364,0.999952691876226,6.009632230969146
7567,algoQD,75,364,0.999952691876226,5.906091234064661
7568,algoQD,75,364,0.999952691876226,5.93381427496206
7569,algoQD,75,364,0.999952691876226,5.343012176104821
7570,algoQD,75,364,0.999952691876226,5.982307111960836
7571,algoQD,75,364,0.999952691876226,6.234346466022544
7572,algoQD,75,364,0.999952691876226,6.008716409909539
7573,algoQD,75,364,0.999952691876226,5.114059224026278
7574,algoQD,75,364,0.999952691876226,5.5207725709769875
7575,algoQD,75,364,0.999952691876226,5.314886423991993
7576,algoQD,75,364,0.999952691876226,5.809969132998958
7577,algoQD,75,364,0.999952691876226,6.218747169943526
7578,algoQD,75,364,0.999952691876226,6.00141619797796
7579,algoQD,75,364,0.999952691876226,5.278462290996686
7580,algoQD,75,364,0.999952691876226,5.729697139933705
7581,algoQD,75,364,0.999952691876226,5.14694014203269
7582,algoQD,75,364,0.999952691876226,5.376435148064047
7583,algoQD,75,364,0.999952691876226,5.943397472030483
7584,algoQD,75,364,0.999952691876226,5.930971332942136
7585,algoQD,75,364,0.999952691876226,6.034289470990188
7586,algoQD,75,364,0.999952691876226,5.553389861015603
7587,algoQD,75,364,0.999952691876226,5.606651606969535
7588,algoQD,75,364,0.999952691876226,5.683404181036167
7589,algoQD,75,365,0.999952691876226,5.577128945966251
7590,algoQD,75,365,0.999952691876226,5.041840789956041
7591,algoQD,75,366,0.999952691876226,5.675174140953459
7592,algoQD,75,366,0.999952691876226,5.455404618987814
7593,algoQD,75,366,0.999952691876226,5.775382351945154
7594,algoQD,75,366,0.999952691876226,5.922345074010082
7595,algoQD,75,366,0.999952691876226,5.029005216900259
7596,algoQD,75,366,0.999952691876226,5.15672937897034
7597,algoQD,75,366,0.999952691876226,5.605392128927633
7598,algoQD,75,366,0.999952691876226,5.33113227901049
7599,algoQD,75,366,0.999952691876226,5.205664541106671
7600,algoQD,76,366,0.999952691876226,5.120928143034689
7601,algoQD,76,366,0.999952691876226,5.5848403869895265
7602,algoQD,76,366,0.999952691876226,5.4169003770221025
7603,algoQD,76,366,0.999952691876226,5.387739758007228
7604,algoQD,76,366,0.999952691876226,4.867170684039593
7605,algoQD,76,366,0.999952691876226,5.406218733987771
7606,algoQD,76,366,0.999952691876226,5.138064831960946
7607,algoQD,76,366,0.999952691876226,5.645179755985737
7608,algoQD,76,366,0.999952691876226,5.023896322934888
7609,algoQD,76,366,0.999952691876226,5.35921954002697
7610,algoQD,76,366,0.999952691876226,5.717574434936978
7611,algoQD,76,366,0.999952691876226,5.2542767830891535
7612,algoQD,76,366,0.999952691876226,5.613187948008999
7613,algoQD,76,366,0.999952691876226,5.848230467992835
7614,algoQD,76,366,0.999952691876226,5.4458839209983125
7615,algoQD,76,366,0.999952691876226,5.8873944859951735
7616,algoQD,76,366,0.999952691876226,5.464750019018538
7617,algoQD,76,366,0.999952691876226,5.790383655927144
7618,algoQD,76,366,0.999952691876226,5.660649064928293
7619,algoQD,76,366,0.999952691876226,5.537295270012692
7620,algoQD,76,366,0.999952691876226,5.188155806972645
7621,algoQD,76,366,0.999952691876226,5.229883402003907
7622,algoQD,76,366,0.999952691876226,5.41661297401879
7623,algoQD,76,366,0.999952691876226,5.675140646984801
7624,algoQD,76,366,0.999952691876226,5.933430320001207
7625,algoQD,76,366,0.999952691876226,5.866895923973061
7626,algoQD,76,366,0.999952691876226,5.770573735004291
7627,algoQD,76,366,0.999952691876226,5.620977826998569
7628,algoQD,76,366,0.999952691876226,5.56728237005882
7629,algoQD,76,366,0.999952691876226,6.014844891964458
7630,algoQD,76,366,0.999952691876226,5.607851915061474
7631,algoQD,76,366,0.999952691876226,5.68684357998427
7632,algoQD,76,366,0.999952691876226,5.830680335988291
7633,algoQD,76,366,0.999952691876226,5.468414111062884
7634,algoQD,76,366,0.999952691876226,5.958412252948619
7635,algoQD,76,366,0.999952691876226,5.570942546008155
7636,algoQD,76,366,0.999952691876226,5.986401378992014
7637,algoQD,76,366,0.999952691876226,6.093220409937203
7638,algoQD,76,366,0.999952691876226,5.724514458095655
7639,algoQD,76,366,0.999952691876226,5.758192852023058
7640,algoQD,76,366,0.999952691876226,5.896004214999266
7641,algoQD,76,366,0.999952691876226,5.478984775021672
7642,algoQD,76,366,0.999952691876226,5.730665450100787
7643,algoQD,76,366,0.999952691876226,5.869699552073143
7644,algoQD,76,366,0.999952691876226,5.913100206991658
7645,algoQD,76,366,0.999952691876226,5.82455389003735
7646,algoQD,76,366,0.999952691876226,4.923549509956501
7647,algoQD,76,366,0.999952691876226,6.1213309350423515
7648,algoQD,76,366,0.999952691876226,5.356281659915112
7649,algoQD,76,366,0.999952691876226,5.704689809004776
7650,algoQD,76,366,0.999952691876226,5.838104853988625
7651,algoQD,76,366,0.999952691876226,5.592833007918671
7652,algoQD,76,366,0.999952691876226,5.513180926907808
7653,algoQD,76,366,0.999952691876226,5.4922550190240145
7654,algoQD,76,366,0.999952691876226,5.926943122991361
7655,algoQD,76,366,0.999952691876226,5.702186889015138
7656,algoQD,76,366,0.999952691876226,5.9932424949947745
7657,algoQD,76,366,0.999952691876226,5.380340225994587
7658,algoQD,76,366,0.999952691876226,5.131571984034963
7659,algoQD,76,366,0.999952691876226,5.795959159964696
7660,algoQD,76,366,0.999952691876226,5.7230285700643435
7661,algoQD,76,366,0.999952691876226,5.675244243000634
7662,algoQD,76,366,0.999952691876226,6.106819395092316
7663,algoQD,76,366,0.999952691876226,5.937822549021803
7664,algoQD,76,366,0.999952691876226,5.669134938973002
7665,algoQD,76,366,0.999952691876226,5.213093616999686
7666,algoQD,76,366,0.999952691876226,5.829995692009106
7667,algoQD,76,366,0.999952691876226,5.919547650031745
7668,algoQD,76,366,0.999952691876226,5.971190697979182
7669,algoQD,76,366,0.999952691876226,4.709551934967749
7670,algoQD,76,366,0.999952691876226,5.107889998005703
7671,algoQD,76,366,0.999952691876226,5.196812163922004
7672,algoQD,76,366,0.999952691876226,5.947310997056775
7673,algoQD,76,366,0.999952691876226,5.579196311999112
7674,algoQD,76,366,0.999952691876226,5.764735523960553
7675,algoQD,76,366,0.999952691876226,5.694309365004301
7676,algoQD,76,366,0.999952691876226,5.874650535988621
7677,algoQD,76,366,0.999952691876226,5.5137471669586375
7678,algoQD,76,366,0.999952691876226,5.706423433963209
7679,algoQD,76,366,0.999952691876226,4.774301549070515
7680,algoQD,76,366,0.999952691876226,5.3295857179909945
7681,algoQD,76,366,0.999952691876226,5.719122870941646
7682,algoQD,76,366,0.999952691876226,5.524141156929545
7683,algoQD,76,366,0.999952691876226,5.824683234910481
7684,algoQD,76,366,0.999952691876226,5.157966417027637
7685,algoQD,76,366,0.999952691876226,5.802501101978123
7686,algoQD,76,366,0.999952691876226,5.820061451988295
7687,algoQD,76,366,0.999952691876226,5.96403473499231
7688,algoQD,76,366,0.999952691876226,4.984897154965438
7689,algoQD,76,366,0.999952691876226,5.861825293977745
7690,algoQD,76,366,0.999952691876226,5.275874061044306
7691,algoQD,76,366,0.999952691876226,4.925302873016335
7692,algoQD,76,366,0.999952691876226,6.002811384969391
7693,algoQD,76,366,0.999952691876226,6.035732678021304
7694,algoQD,76,366,0.999952691876226,5.95346924290061
7695,algoQD,76,366,0.999952691876226,5.7780438310001045
7696,algoQD,76,366,0.999952691876226,5.947783219977282
7697,algoQD,76,366,0.999952691876226,6.047466658987105
7698,algoQD,76,366,0.999952691876226,5.816517665982246
7699,algoQD,76,366,0.999952691876226,5.808742273016833
7700,algoQD,77,366,0.999952691876226,5.196817565010861
7701,algoQD,77,366,0.999952691876226,5.93975666409824
7702,algoQD,77,366,0.999952691876226,5.689671411993913
7703,algoQD,77,366,0.999952691876226,6.246922576916404
7704,algoQD,77,366,0.999952691876226,5.453466536942869
7705,algoQD,77,366,0.999952691876226,5.210730690974742
7706,algoQD,77,366,0.999952691876226,5.579585155006498
7707,algoQD,77,366,0.999952691876226,5.478277635993436
7708,algoQD,77,366,0.999952691876226,5.84223072999157
7709,algoQD,77,366,0.999952691876226,5.192955043981783
7710,algoQD,77,366,0.999952691876226,5.860984275001101
7711,algoQD,77,366,0.999952691876226,5.726382185937837
7712,algoQD,77,366,0.999952691876226,5.05955611797981
7713,algoQD,77,366,0.999952691876226,5.959558919072151
7714,algoQD,77,366,0.999952691876226,5.799617673968896
7715,algoQD,77,366,0.999952691876226,5.4263893940951675
7716,algoQD,77,366,0.999952691876226,5.379002236993983
7717,algoQD,77,366,0.999952691876226,5.823164353962056
7718,algoQD,77,366,0.999952691876226,5.321260494994931
7719,algoQD,77,366,0.999952691876226,5.604772025020793
7720,algoQD,77,366,0.999952691876226,5.903042742982507
7721,algoQD,77,366,0.999952691876226,5.4207232689950615
7722,algoQD,77,366,0.999952691876226,5.482512017013505
7723,algoQD,77,366,0.999952691876226,5.874319480964914
7724,algoQD,77,366,0.999952691876226,5.65971877600532
7725,algoQD,77,366,0.999952691876226,5.180925906053744
7726,algoQD,77,366,0.999952691876226,5.593174231937155
7727,algoQD,77,366,0.999952691876226,5.761945772101171
7728,algoQD,77,366,0.999952691876226,5.8166402879869565
7729,algoQD,77,366,0.999952691876226,5.819994996068999
7730,algoQD,77,366,0.999952691876226,5.991577278007753
7731,algoQD,77,366,0.999952691876226,6.16806654096581
7732,algoQD,77,366,0.999952691876226,5.087338523007929
7733,algoQD,77,366,0.999952691876226,5.707843127078377
7734,algoQD,77,366,0.999952691876226,5.728022024966776
7735,algoQD,77,366,0.999952691876226,5.812965302960947
7736,algoQD,77,366,0.999952691876226,5.723176348954439
7737,algoQD,77,366,0.999952691876226,5.53181917197071
7738,algoQD,77,366,0.999952691876226,5.683111435966566
7739,algoQD,77,366,0.999952691876226,5.6681656669825315
7740,algoQD,77,366,0.999952691876226,5.148578124004416
7741,algoQD,77,366,0.999952691876226,5.4822717340430245
7742,algoQD,77,366,0.999952691876226,5.925975964986719
7743,algoQD,77,366,0.999952691876226,5.614104007952847
7744,algoQD,77,366,0.999952691876226,5.583737982087769
7745,algoQD,77,366,0.999952691876226,5.483919536927715
7746,algoQD,77,366,0.999952691876226,5.828788551967591
7747,algoQD,77,366,0.999952691876226,5.548606983036734
7748,algoQD,77,366,0.999952691876226,5.689809059957042
7749,algoQD,77,366,0.999952691876226,5.875118179945275
7750,algoQD,77,366,0.999952691876226,5.633181344019249
7751,algoQD,77,366,0.999952691876226,5.343749538064003
7752,algoQD,77,366,0.999952691876226,5.837838220992126
7753,algoQD,77,366,0.999952691876226,5.894025275018066
7754,algoQD,77,366,0.999952691876226,6.076838957960717
7755,algoQD,77,366,0.999952691876226,4.980180160026066
7756,algoQD,77,366,0.999952691876226,4.915250645950437
7757,algoQD,77,366,0.999952691876226,4.8638476020423695
7758,algoQD,77,366,0.999952691876226,5.6071751760318875
7759,algoQD,77,366,0.999952691876226,5.725995825021528
7760,algoQD,77,366,0.999952691876226,5.703420309000649
7761,algoQD,77,366,0.999952691876226,5.82041094196029
7762,algoQD,77,366,0.999952691876226,5.54112913296558
7763,algoQD,77,366,0.999952691876226,5.754995367955416
7764,algoQD,77,366,0.999952691876226,5.234504791093059
7765,algoQD,77,366,0.999952691876226,5.759179434971884
7766,algoQD,77,366,0.999952691876226,5.683742269058712
7767,algoQD,77,366,0.999952691876226,5.827585969003849
7768,algoQD,77,366,0.999952691876226,5.817432144074701
7769,algoQD,77,366,0.999952691876226,5.8570947060361505
7770,algoQD,77,366,0.999952691876226,5.053670827997848
7771,algoQD,77,366,0.999952691876226,5.155166333075613
7772,algoQD,77,366,0.999952691876226,5.912279897020198
7773,algoQD,77,366,0.999952691876226,5.566372520988807
7774,algoQD,77,366,0.999952691876226,5.794073187047616
7775,algoQD,77,366,0.999952691876226,5.3991476519731805
7776,algoQD,77,366,0.999952691876226,5.101177470991388
7777,algoQD,77,366,0.999952691876226,5.629801518050954
7778,algoQD,77,366,0.999952691876226,6.090781442937441
7779,algoQD,77,366,0.999952691876226,5.996184422983788
7780,algoQD,77,366,0.999952691876226,6.069076632033102
7781,algoQD,77,366,0.999952691876226,5.493249135091901
7782,algoQD,77,366,0.999952691876226,5.856226333999075
7783,algoQD,77,366,0.999952691876226,5.170868000946939
7784,algoQD,77,366,0.999952691876226,5.739872345002368
7785,algoQD,77,366,0.999952691876226,5.688268630998209
7786,algoQD,77,366,0.999952691876226,5.714238551096059
7787,algoQD,77,366,0.999952691876226,5.679237286909483
7788,algoQD,77,366,0.999952691876226,5.686550845042802
7789,algoQD,77,366,0.999952691876226,5.329306286992505
7790,algoQD,77,366,0.999952691876226,5.650696158059873
7791,algoQD,77,366,0.999952691876226,5.344030859065242
7792,algoQD,77,366,0.999952691876226,5.28999849606771
7793,algoQD,77,366,0.999952691876226,6.055302275926806
7794,algoQD,77,366,0.999952691876226,5.24437830701936
7795,algoQD,77,366,0.999952691876226,5.651178831001744
7796,algoQD,77,366,0.999952691876226,5.497975185047835
7797,algoQD,77,367,0.999952691876226,5.486397237051278
7798,algoQD,77,367,0.999952691876226,5.515498043969274
7799,algoQD,77,367,0.999952691876226,5.256991198984906
7800,algoQD,78,367,0.999952691876226,5.89134598209057
7801,algoQD,78,367,0.999952691876226,5.336705447058193
7802,algoQD,78,367,0.999952691876226,5.702029191073962
7803,algoQD,78,367,0.999952691876226,5.967583021032624
7804,algoQD,78,367,0.999952691876226,5.607759380014613
7805,algoQD,78,367,0.999952691876226,5.2893466940149665
7806,algoQD,78,367,0.999952691876226,5.857197921024635
7807,algoQD,78,367,0.999952691876226,5.684760783100501
7808,algoQD,78,367,0.999952691876226,5.323436525999568
7809,algoQD,78,367,0.999952691876226,5.564214372076094
7810,algoQD,78,367,0.999952691876226,5.336088872980326
7811,algoQD,78,367,0.999952691876226,5.591910011949949
7812,algoQD,78,367,0.999952691876226,5.955399870988913
7813,algoQD,78,367,0.999952691876226,5.395964406081475
7814,algoQD,78,367,0.999952691876226,5.827133664977737
7815,algoQD,78,367,0.999952691876226,5.807107505039312
7816,algoQD,78,368,0.999952691876226,5.6857308249454945
7817,algoQD,78,368,0.999952691876226,5.246442988049239
7818,algoQD,78,368,0.999952691876226,5.855450458009727
7819,algoQD,78,368,0.999952691876226,5.84128354000859
7820,algoQD,78,368,0.999952691876226,5.224200441967696
7821,algoQD,78,368,0.999952691876226,5.032198267057538
7822,algoQD,78,368,0.999952691876226,5.807237201021053
7823,algoQD,78,368,0.999952691876226,5.266953031998128
7824,algoQD,78,368,0.999952691876226,5.47314950695727
7825,algoQD,78,368,0.999952691876226,6.039538649958558
7826,algoQD,78,368,0.999952691876226,5.127021853928454
7827,algoQD,78,368,0.999952691876226,5.166931863990612
7828,algoQD,78,368,0.999952691876226,5.738662749994546
7829,algoQD,78,368,0.999952691876226,4.888334478950128
7830,algoQD,78,368,0.999952691876226,5.727453931001946
7831,algoQD,78,368,0.999952691876226,5.787371775018983
7832,algoQD,78,368,0.999952691876226,5.868369258008897
7833,algoQD,78,368,0.999952691876226,5.165422872058116
7834,algoQD,78,368,0.999952691876226,5.779286889010109
7835,algoQD,78,368,0.999952691876226,5.681106929085217
7836,algoQD,78,368,0.999952691876226,5.8980110350530595
7837,algoQD,78,368,0.999952691876226,5.695224693976343
7838,algoQD,78,368,0.999952691876226,5.7021063880529255
7839,algoQD,78,368,0.999952691876226,5.436616498045623
7840,algoQD,78,368,0.999952691876226,5.828479198040441
7841,algoQD,78,368,0.999952691876226,5.692134134005755
7842,algoQD,78,368,0.999952691876226,5.948566569015384
7843,algoQD,78,368,0.999952691876226,6.268971379031427
7844,algoQD,78,368,0.999952691876226,5.733773150946945
7845,algoQD,78,368,0.999952691876226,5.401595838018693
7846,algoQD,78,368,0.999952691876226,5.88968114706222
7847,algoQD,78,368,0.999952691876226,5.809519893955439
7848,algoQD,78,368,0.999952691876226,5.667338274070062
7849,algoQD,78,368,0.999952691876226,5.6937778000719845
7850,algoQD,78,368,0.999952691876226,6.1445785709656775
7851,algoQD,78,368,0.999952691876226,5.131846099975519
7852,algoQD,78,368,0.999952691876226,5.74720270500984
7853,algoQD,78,368,0.999952691876226,5.608312182943337
7854,algoQD,78,368,0.999952691876226,5.7268171380274
7855,algoQD,78,368,0.999952691876226,5.209633638034575
7856,algoQD,78,368,0.999952691876226,5.545628956053406
7857,algoQD,78,368,0.999952691876226,5.685532301082276
7858,algoQD,78,369,0.999952691876226,5.77450002299156
7859,algoQD,78,369,0.999952691876226,5.926070514018647
7860,algoQD,78,369,0.999952691876226,5.342755159945227
7861,algoQD,78,369,0.999952691876226,5.664383469964378
7862,algoQD,78,369,0.999952691876226,6.013024142012
7863,algoQD,78,369,0.999952691876226,6.076714093098417
7864,algoQD,78,369,0.999952691876226,5.440441016922705
7865,algoQD,78,369,0.999952691876226,4.910798775032163
7866,algoQD,78,369,0.999952691876226,5.645527441985905
7867,algoQD,78,369,0.999952691876226,5.70413854601793
7868,algoQD,78,369,0.999952691876226,5.900294750928879
7869,algoQD,78,369,0.999952691876226,5.6616422209190205
7870,algoQD,78,369,0.999952691876226,5.758249107981101
7871,algoQD,78,369,0.999952691876226,5.707405630033463
7872,algoQD,78,369,0.999952691876226,5.435786831076257
7873,algoQD,78,369,0.999952691876226,5.712979841977358
7874,algoQD,78,369,0.999952691876226,6.078354572062381
7875,algoQD,78,369,0.999952691876226,6.028155751992017
7876,algoQD,78,369,0.999952691876226,5.838634283980355
7877,algoQD,78,369,0.999952691876226,5.70977129903622
7878,algoQD,78,369,0.999952691876226,5.76036568696145
7879,algoQD,78,369,0.999952691876226,5.73130086006131
7880,algoQD,78,369,0.999952691876226,5.593104750034399
7881,algoQD,78,369,0.999952691876226,5.816851055948064
7882,algoQD,78,369,0.999952691876226,4.9973659419920295
7883,algoQD,78,369,0.999952691876226,5.920114840962924
7884,algoQD,78,369,0.999952691876226,5.74188621994108
7885,algoQD,78,369,0.999952691876226,5.664383371011354
7886,algoQD,78,369,0.999952691876226,5.615349421976134
7887,algoQD,78,369,0.999952691876226,5.1986847799271345
7888,algoQD,78,369,0.999952691876226,5.661553584970534
7889,algoQD,78,369,0.999952691876226,5.4893441130407155
7890,algoQD,78,369,0.999952691876226,5.7689574209507555
7891,algoQD,78,369,0.999952691876226,5.847745629958808
7892,algoQD,78,369,0.999952691876226,5.314541528001428
7893,algoQD,78,369,0.999952691876226,5.677461973042227
7894,algoQD,78,369,0.999952691876226,5.56568530597724
7895,algoQD,78,369,0.999952691876226,5.287962215952575
7896,algoQD,78,369,0.999952691876226,5.909382470068522
7897,algoQD,78,369,0.999952691876226,5.215850574080832
7898,algoQD,78,369,0.999952691876226,6.197262160014361
7899,algoQD,78,369,0.999952691876226,6.261241746949963
7900,algoQD,79,369,0.999952691876226,5.739180198055692
7901,algoQD,79,369,0.999952691876226,5.4861210299422964
7902,algoQD,79,369,0.999952691876226,5.674999822978862
7903,algoQD,79,369,0.999952691876226,5.157952978042886
7904,algoQD,79,369,0.999952691876226,5.354119859985076
7905,algoQD,79,369,0.999952691876226,5.527053600992076
7906,algoQD,79,369,0.999952691876226,5.954044096986763
7907,algoQD,79,369,0.999952691876226,5.697728856932372
7908,algoQD,79,369,0.999952691876226,5.667269023950212
7909,algoQD,79,369,0.999952691876226,5.937272968934849
7910,algoQD,79,369,0.999952691876226,5.4096545410575345
7911,algoQD,79,369,0.999952691876226,5.5822962609818205
7912,algoQD,79,369,0.999952691876226,4.869586938992143
7913,algoQD,79,369,0.999952691876226,5.920482543995604
7914,algoQD,79,369,0.999952691876226,5.819687262992375
7915,algoQD,79,369,0.999952691876226,6.238358331960626
7916,algoQD,79,369,0.999952691876226,5.886812034063041
7917,algoQD,79,369,0.999952691876226,5.331935222959146
7918,algoQD,79,369,0.999952691876226,6.05356952699367
7919,algoQD,79,369,0.999952691876226,5.531531722983345
7920,algoQD,79,369,0.999952691876226,4.73926501092501
7921,algoQD,79,369,0.999952691876226,5.398436825023964
7922,algoQD,79,369,0.999952691876226,5.75908829306718
7923,algoQD,79,369,0.999952691876226,6.028605347964913
7924,algoQD,79,369,0.999952691876226,6.043154089013115
7925,algoQD,79,369,0.999952691876226,5.8447365429019555
7926,algoQD,79,369,0.999952691876226,5.958705263910815
7927,algoQD,79,369,0.999952691876226,4.949154851958156
7928,algoQD,79,369,0.999952691876226,5.871495713945478
7929,algoQD,79,369,0.999952691876226,5.895949508994818
7930,algoQD,79,369,0.999952691876226,5.8917799410410225
7931,algoQD,79,369,0.999952691876226,5.819358533015475
7932,algoQD,79,369,0.999952691876226,5.785679488093592
7933,algoQD,79,369,0.999952691876226,5.9521536940010265
7934,algoQD,79,369,0.999952691876226,6.0016579820076
7935,algoQD,79,369,0.999952691876226,6.071841471944936
7936,algoQD,79,369,0.999952691876226,5.969556818017736
7937,algoQD,79,369,0.999952691876226,5.833853401010856
7938,algoQD,79,369,0.999952691876226,5.925239791977219
7939,algoQD,79,369,0.999952691876226,5.634038705960847
7940,algoQD,79,369,0.999952691876226,6.0444723590044305
7941,algoQD,79,369,0.999952691876226,4.687222699052654
7942,algoQD,79,369,0.999952691876226,4.878629284910858
7943,algoQD,79,369,0.999952691876226,5.654617830063216
7944,algoQD,79,369,0.999952691876226,5.476885120035149
7945,algoQD,79,369,0.999952691876226,5.850481498986483
7946,algoQD,79,369,0.999952691876226,6.027459381963126
7947,algoQD,79,369,0.999952691876226,5.429314526962116
7948,algoQD,79,369,0.999952691876226,5.623669273918495
7949,algoQD,79,369,0.999952691876226,5.451460471027531
7950,algoQD,79,369,0.999952691876226,5.756150202942081
7951,algoQD,79,369,0.999952691876226,5.50662331993226
7952,algoQD,79,369,0.999952691876226,5.478138579055667
7953,algoQD,79,369,0.999952691876226,5.69309274002444
7954,algoQD,79,369,0.999952691876226,5.65544348093681
7955,algoQD,79,369,0.999952691876226,5.754504312993959
7956,algoQD,79,369,0.999952691876226,5.705690241069533
7957,algoQD,79,369,0.999952691876226,5.380713587976061
7958,algoQD,79,369,0.999952691876226,5.272184444940649
7959,algoQD,79,369,0.999952691876226,5.272776714060456
7960,algoQD,79,369,0.999952691876226,5.733866609050892
7961,algoQD,79,369,0.999952691876226,5.313495701993816
7962,algoQD,79,369,0.999952691876226,5.669748438987881
7963,algoQD,79,369,0.999952691876226,5.046321413945407
7964,algoQD,79,369,0.999952691876226,5.566908726003021
7965,algoQD,79,369,0.999952691876226,5.954769346048124
7966,algoQD,79,369,0.999952691876226,5.741174296010286
7967,algoQD,79,369,0.999952691876226,4.965346053009853
7968,algoQD,79,369,0.999952691876226,4.750832246034406
7969,algoQD,79,369,0.999952691876226,5.986330681946129
7970,algoQD,79,369,0.999952691876226,5.674239885993302
7971,algoQD,79,369,0.999952691876226,5.781659652013332
7972,algoQD,79,369,0.999952691876226,5.767479269998148
7973,algoQD,79,369,0.999952691876226,5.863542495993897
7974,algoQD,79,369,0.999952691876226,5.711111343000084
7975,algoQD,79,369,0.999952691876226,5.314208116964437
7976,algoQD,79,369,0.999952691876226,5.805314697092399
7977,algoQD,79,369,0.999952691876226,5.656289780046791
7978,algoQD,79,369,0.999952691876226,5.632077342015691
7979,algoQD,79,369,0.999952691876226,5.62229122093413
7980,algoQD,79,369,0.999952691876226,5.572076170006767
7981,algoQD,79,369,0.999952691876226,5.925617014989257
7982,algoQD,79,369,0.999952691876226,5.357698551029898
7983,algoQD,79,369,0.999952691876226,5.901763183996081
7984,algoQD,79,369,0.999952691876226,5.164785097003914
7985,algoQD,79,369,0.999952691876226,6.17646942299325
7986,algoQD,79,369,0.999952691876226,5.9151294300099835
7987,algoQD,79,369,0.999952691876226,5.580004461109638
7988,algoQD,79,369,0.999952691876226,5.780948288040236
7989,algoQD,79,369,0.999952691876226,5.71321480802726
7990,algoQD,79,369,0.999952691876226,5.082705650944263
7991,algoQD,79,370,0.999952691876226,5.360336707090028
7992,algoQD,79,370,0.999952691876226,5.886968640028499
7993,algoQD,79,370,0.999952691876226,5.6152495060814545
7994,algoQD,79,370,0.999952691876226,5.153994488995522
7995,algoQD,79,370,0.999952691876226,5.568591787014157
7996,algoQD,79,370,0.999952691876226,5.593534725951031
7997,algoQD,79,370,0.999952691876226,5.5602789600379765
7998,algoQD,79,370,0.999952691876226,5.437927972059697
7999,algoQD,79,370,0.999952691876226,5.972439854056574
8000,algoQD,80,370,0.999952691876226,5.202729831915349
8001,algoQD,80,370,0.999952691876226,5.531798987998627
8002,algoQD,80,370,0.999952691876226,5.779185297084041
8003,algoQD,80,370,0.999952691876226,5.349785619997419
8004,algoQD,80,370,0.999952691876226,5.272366862045601
8005,algoQD,80,370,0.999952691876226,5.680541472043842
8006,algoQD,80,370,0.999952691876226,5.737814057036303
8007,algoQD,80,370,0.999952691876226,5.516671674908139
8008,algoQD,80,370,0.999952691876226,5.637101053027436
8009,algoQD,80,370,0.999952691876226,5.987728132982738
8010,algoQD,80,370,0.999952691876226,5.130414754967205
8011,algoQD,80,370,0.999952691876226,6.057550849975087
8012,algoQD,80,370,0.999952691876226,5.828765276935883
8013,algoQD,80,370,0.999952691876226,5.395084560033865
8014,algoQD,80,370,0.999952691876226,5.809794993023388
8015,algoQD,80,370,0.999952691876226,5.881677282974124
8016,algoQD,80,370,0.999952691876226,4.981674265000038
8017,algoQD,80,370,0.999952691876226,5.776947578997351
8018,algoQD,80,370,0.999952691876226,5.744780540000647
8019,algoQD,80,370,0.999952691876226,5.906259860959835
8020,algoQD,80,370,0.999952691876226,5.696694753016345
8021,algoQD,80,370,0.999952691876226,5.688003191025928
8022,algoQD,80,370,0.999952691876226,5.6459656620863825
8023,algoQD,80,370,0.999952691876226,5.909052988048643
8024,algoQD,80,370,0.999952691876226,5.73974683904089
8025,algoQD,80,370,0.999952691876226,5.912345377961174
8026,algoQD,80,370,0.999952691876226,5.844980736030266
8027,algoQD,80,370,0.999952691876226,5.870963578927331
8028,algoQD,80,370,0.999952691876226,5.736838074051775
8029,algoQD,80,370,0.999952691876226,5.888766829972155
8030,algoQD,80,370,0.999952691876226,5.99856438592542
8031,algoQD,80,370,0.999952691876226,5.657600807026029
8032,algoQD,80,370,0.999952691876226,5.1778011210262775
8033,algoQD,80,370,0.999952691876226,5.640395598020405
8034,algoQD,80,370,0.999952691876226,5.681553735979833
8035,algoQD,80,370,0.999952691876226,5.461926786927506
8036,algoQD,80,370,0.999952691876226,5.525831872946583
8037,algoQD,80,370,0.999952691876226,5.701916950987652
8038,algoQD,80,370,0.999952691876226,5.643906362005509
8039,algoQD,80,370,0.999952691876226,5.404785759979859
8040,algoQD,80,370,0.999952691876226,5.638436796958558
8041,algoQD,80,370,0.999952691876226,6.068224146030843
8042,algoQD,80,370,0.999952691876226,5.967676694970578
8043,algoQD,80,370,0.999952691876226,5.2632165210088715
8044,algoQD,80,370,0.999952691876226,5.145180304069072
8045,algoQD,80,370,0.999952691876226,5.461597896064632
8046,algoQD,80,370,0.999952691876226,5.701966434018686
8047,algoQD,80,370,0.999952691876226,5.252709607011639
8048,algoQD,80,370,0.999952691876226,5.254937126999721
8049,algoQD,80,370,0.999952691876226,5.182966600055806
8050,algoQD,80,370,0.999952691876226,5.600718219997361
8051,algoQD,80,370,0.999952691876226,5.569202231010422
8052,algoQD,80,370,0.999952691876226,5.66282663110178
8053,algoQD,80,370,0.999952691876226,5.5384202199056745
8054,algoQD,80,370,0.999952691876226,5.335459901019931
8055,algoQD,80,370,0.999952691876226,5.729925113031641
8056,algoQD,80,370,0.999952691876226,5.737127420026809
8057,algoQD,80,370,0.999952691876226,4.814773641061038
8058,algoQD,80,370,0.999952691876226,6.039937770110555
8059,algoQD,80,370,0.999952691876226,5.9215199740137905
8060,algoQD,80,370,0.999952691876226,5.585534599958919
8061,algoQD,80,370,0.999952691876226,5.732151899021119
8062,algoQD,80,370,0.999952691876226,5.68423023307696
8063,algoQD,80,370,0.999952691876226,5.682155551970936
8064,algoQD,80,370,0.999952691876226,5.017811074038036
8065,algoQD,80,370,0.999952691876226,5.906200699042529
8066,algoQD,80,370,0.999952691876226,5.625216126907617
8067,algoQD,80,370,0.999952691876226,5.638018767000176
8068,algoQD,80,370,0.999952691876226,5.765768056968227
8069,algoQD,80,370,0.999952691876226,4.975087238941342
8070,algoQD,80,370,0.999952691876226,5.454891143948771
8071,algoQD,80,370,0.999952691876226,5.580531265935861
8072,algoQD,80,370,0.999952691876226,5.765512840007432
8073,algoQD,80,370,0.999952691876226,5.35499726398848
8074,algoQD,80,370,0.999952691876226,5.624581506010145
8075,algoQD,80,370,0.999952691876226,5.592405169969425
8076,algoQD,80,370,0.999952691876226,5.2198593460489064
8077,algoQD,80,370,0.999952691876226,5.466878010076471
8078,algoQD,80,370,0.999952691876226,5.959265162004158
8079,algoQD,80,370,0.999952691876226,5.657042450038716
8080,algoQD,80,370,0.999952691876226,5.526800621999428
8081,algoQD,80,370,0.999952691876226,5.787661651964299
8082,algoQD,80,370,0.999952691876226,5.761858138022944
8083,algoQD,80,370,0.999952691876226,5.680604120017961
8084,algoQD,80,370,0.999952691876226,5.956847222987562
8085,algoQD,80,370,0.999952691876226,5.621623567072675
8086,algoQD,80,370,0.999952691876226,5.735349279013462
8087,algoQD,80,370,0.9999813937918387,4.62935047596693
8088,algoQD,80,370,0.9999813937918387,5.646839772933163
8089,algoQD,80,370,0.9999813937918387,5.187848340952769
8090,algoQD,80,370,0.9999813937918387,5.86293077992741
8091,algoQD,80,370,0.9999813937918387,5.836295604007319
8092,algoQD,80,370,0.9999813937918387,5.754267034004442
8093,algoQD,80,370,0.9999813937918387,5.167783851036802
8094,algoQD,80,370,0.9999813937918387,5.65377451502718
8095,algoQD,80,370,0.9999813937918387,4.84325859893579
8096,algoQD,80,370,0.9999813937918387,5.276395117980428
8097,algoQD,80,370,0.9999813937918387,5.026977641042322
8098,algoQD,80,370,0.9999813937918387,5.797325902036391
8099,algoQD,80,370,0.9999813937918387,5.599561651935801
8100,algoQD,81,370,0.9999813937918387,5.39074841409456
8101,algoQD,81,370,0.9999813937918387,5.787561092060059
8102,algoQD,81,370,0.9999813937918387,5.925432485993952
8103,algoQD,81,370,0.9999813937918387,5.016648013028316
8104,algoQD,81,370,0.9999813937918387,5.716799939982593
8105,algoQD,81,370,0.9999813937918387,4.965839331969619
8106,algoQD,81,370,0.9999813937918387,5.4961702559376135
8107,algoQD,81,370,0.9999813937918387,5.784018257982098
8108,algoQD,81,370,0.9999813937918387,5.456991798942909
8109,algoQD,81,370,0.9999813937918387,5.579140877001919
8110,algoQD,81,370,0.9999813937918387,4.930648950044997
8111,algoQD,81,370,0.9999813937918387,6.070658706012182
8112,algoQD,81,370,0.9999813937918387,5.32839364791289
8113,algoQD,81,370,0.9999813937918387,5.813333878992125
8114,algoQD,81,370,0.9999813937918387,5.938469980028458
8115,algoQD,81,370,0.9999813937918387,5.8171219759387895
8116,algoQD,81,370,0.9999813937918387,5.827433138969354
8117,algoQD,81,370,0.9999813937918387,5.719173957011662
8118,algoQD,81,370,0.9999813937918387,5.2867038059048355
8119,algoQD,81,370,0.9999813937918387,5.575736316968687
8120,algoQD,81,370,0.9999813937918387,5.697979589924216
8121,algoQD,81,370,0.9999813937918387,5.759388820966706
8122,algoQD,81,370,0.9999813937918387,4.91894332296215
8123,algoQD,81,370,0.9999813937918387,5.611804635031149
8124,algoQD,81,370,0.9999813937918387,5.475059679010883
8125,algoQD,81,370,0.9999813937918387,5.339858479914255
8126,algoQD,81,370,0.9999813937918387,5.823772983043455
8127,algoQD,81,370,0.9999813937918387,5.266460117069073
8128,algoQD,81,370,0.9999813937918387,5.373944064020179
8129,algoQD,81,370,0.9999813937918387,5.966784438933246
8130,algoQD,81,370,0.9999813937918387,5.853508858941495
8131,algoQD,81,370,0.9999813937918387,5.099993051029742
8132,algoQD,81,370,0.9999813937918387,5.297341456986032
8133,algoQD,81,370,0.9999813937918387,5.65150844398886
8134,algoQD,81,370,0.9999813937918387,5.76236928103026
8135,algoQD,81,370,0.9999813937918387,5.585063548991457
8136,algoQD,81,370,0.9999813937918387,5.2108115499140695
8137,algoQD,81,370,0.9999813937918387,5.422176809050143
8138,algoQD,81,370,0.9999813937918387,5.583712054998614
8139,algoQD,81,370,0.9999813937918387,4.8741616499610245
8140,algoQD,81,370,0.9999813937918387,5.3279498589690775
8141,algoQD,81,370,0.9999813937918387,5.752021420979872
8142,algoQD,81,370,0.9999813937918387,5.652109800023027
8143,algoQD,81,370,0.9999813937918387,5.659595273900777
8144,algoQD,81,370,0.9999813937918387,5.877745482022874
8145,algoQD,81,370,0.9999813937918387,5.8121314470190555
8146,algoQD,81,370,0.9999813937918387,5.810648064012639
8147,algoQD,81,370,0.9999813937918387,5.8213467389578
8148,algoQD,81,370,0.9999813937918387,5.245524207944982
8149,algoQD,81,370,0.9999813937918387,5.232815626077354
8150,algoQD,81,370,0.9999813937918387,5.346797942998819
8151,algoQD,81,370,0.9999813937918387,5.697785302996635
8152,algoQD,81,370,0.9999813937918387,5.7849915670230985
8153,algoQD,81,370,0.9999813937918387,5.834723734064028
8154,algoQD,81,370,0.9999813937918387,5.530455478001386
8155,algoQD,81,370,0.9999813937918387,5.538249704986811
8156,algoQD,81,370,0.9999813937918387,6.329812890966423
8157,algoQD,81,370,0.9999813937918387,6.00773906102404
8158,algoQD,81,370,0.9999813937918387,5.381848589982837
8159,algoQD,81,370,0.9999813937918387,5.99247128306888
8160,algoQD,81,370,0.9999813937918387,5.649846283951774
8161,algoQD,81,370,0.9999813937918387,5.684282038942911
8162,algoQD,81,370,0.9999813937918387,5.632472948054783
8163,algoQD,81,370,0.9999813937918387,4.979405404999852
8164,algoQD,81,370,0.9999813937918387,5.937697489047423
8165,algoQD,81,370,0.9999813937918387,5.596716826083139
8166,algoQD,81,370,0.9999813937918387,5.375388222979382
8167,algoQD,81,370,0.9999813937918387,5.5185607930179685
8168,algoQD,81,370,0.9999813937918387,5.567090008058585
8169,algoQD,81,370,0.9999813937918387,5.857282537966967
8170,algoQD,81,370,0.9999813937918387,5.177591701969504
8171,algoQD,81,370,0.9999813937918387,5.36814520705957
8172,algoQD,81,370,0.9999813937918387,5.699939663987607
8173,algoQD,81,370,0.9999813937918387,5.301061665057205
8174,algoQD,81,370,0.9999813937918387,5.471444037044421
8175,algoQD,81,370,0.9999813937918387,5.849834064953029
8176,algoQD,81,370,0.9999813937918387,5.536585281020962
8177,algoQD,81,370,0.9999813937918387,5.746165927033871
8178,algoQD,81,370,0.9999813937918387,5.817160699982196
8179,algoQD,81,370,0.9999813937918387,5.531887614051811
8180,algoQD,81,370,0.9999813937918387,5.747177948942408
8181,algoQD,81,370,0.9999813937918387,5.373402790981345
8182,algoQD,81,370,0.9999813937918387,5.882887958898209
8183,algoQD,81,370,0.9999813937918387,5.700248557026498
8184,algoQD,81,370,0.9999813937918387,5.72706812096294
8185,algoQD,81,370,0.9999813937918387,5.7865010789828375
8186,algoQD,81,370,0.9999813937918387,5.319341824972071
8187,algoQD,81,370,0.9999813937918387,4.912023367942311
8188,algoQD,81,370,0.9999813937918387,5.564099015900865
8189,algoQD,81,370,0.9999813937918387,4.975897837080993
8190,algoQD,81,370,0.9999813937918387,4.986692593083717
8191,algoQD,81,370,0.9999813937918387,4.902779030962847
8192,algoQD,81,370,0.9999813937918387,5.426382104982622
8193,algoQD,81,370,0.9999813937918387,4.821756380028091
8194,algoQD,81,370,0.9999813937918387,5.687346308957785
8195,algoQD,81,370,0.9999813937918387,5.804500958998688
8196,algoQD,81,370,0.9999813937918387,5.859228997025639
8197,algoQD,81,370,0.9999813937918387,5.877550885081291
8198,algoQD,81,370,0.9999813937918387,5.475973216001876
8199,algoQD,81,370,0.9999813937918387,5.728552557062358
8200,algoQD,82,370,0.9999813937918387,4.8768457100959495
8201,algoQD,82,370,0.9999813937918387,5.299305177060887
8202,algoQD,82,370,0.9999813937918387,5.967971733072773
8203,algoQD,82,370,0.9999813937918387,5.341959609999321
8204,algoQD,82,370,0.9999813937918387,5.570564393070526
8205,algoQD,82,370,0.9999813937918387,5.6451213349355385
8206,algoQD,82,370,0.9999813937918387,5.63790227600839
8207,algoQD,82,370,0.9999813937918387,5.76335989497602
8208,algoQD,82,370,0.9999813937918387,5.444492883980274
8209,algoQD,82,370,0.9999813937918387,5.377410353044979
8210,algoQD,82,370,0.9999813937918387,5.8213121719891205
8211,algoQD,82,370,0.9999813937918387,5.5735969139495865
8212,algoQD,82,370,0.9999813937918387,5.757854731986299
8213,algoQD,82,370,0.9999813937918387,5.733103193924762
8214,algoQD,82,370,0.9999813937918387,5.939313302980736
8215,algoQD,82,370,0.9999813937918387,5.358125705970451
8216,algoQD,82,370,0.9999813937918387,5.531853038002737
8217,algoQD,82,370,0.9999813937918387,5.9627258400432765
8218,algoQD,82,370,0.9999813937918387,5.477780160028487
8219,algoQD,82,370,0.9999813937918387,5.2182807920034975
8220,algoQD,82,370,0.9999813937918387,5.655663134995848
8221,algoQD,82,370,0.9999813937918387,5.846367585007101
8222,algoQD,82,370,0.9999813937918387,5.541573597001843
8223,algoQD,82,370,0.9999813937918387,5.548648121999577
8224,algoQD,82,370,0.9999813937918387,5.294007144984789
8225,algoQD,82,370,0.9999813937918387,5.922798117971979
8226,algoQD,82,370,0.9999813937918387,5.703802081989124
8227,algoQD,82,370,0.9999813937918387,5.838802690966986
8228,algoQD,82,370,0.9999813937918387,5.9498894369462505
8229,algoQD,82,370,0.9999813937918387,5.816751747042872
8230,algoQD,82,370,0.9999813937918387,5.513515579979867
8231,algoQD,82,370,0.9999813937918387,4.9475424099946395
8232,algoQD,82,370,0.9999813937918387,5.283970330958255
8233,algoQD,82,370,0.9999813937918387,5.538840261055157
8234,algoQD,82,370,0.9999813937918387,5.861696609994397
8235,algoQD,82,370,0.9999813937918387,5.594518132973462
8236,algoQD,82,370,0.9999813937918387,5.8133745159721
8237,algoQD,82,370,0.9999813937918387,5.857130230055191
8238,algoQD,82,370,0.9999813937918387,5.827190309995785
8239,algoQD,82,370,0.9999813937918387,5.7693295639473945
8240,algoQD,82,370,0.9999813937918387,4.921779782976955
8241,algoQD,82,370,0.9999813937918387,5.004500119946897
8242,algoQD,82,370,0.9999813937918387,5.867634478025138
8243,algoQD,82,370,0.9999813937918387,5.87504861690104
8244,algoQD,82,370,0.9999813937918387,5.780784068047069
8245,algoQD,82,370,0.9999813937918387,5.823215538985096
8246,algoQD,82,370,0.9999813937918387,5.506911973003298
8247,algoQD,82,370,0.9999813937918387,6.129127171006985
8248,algoQD,82,370,0.9999813937918387,5.952276905998588
8249,algoQD,82,370,0.9999813937918387,5.238062388962135
8250,algoQD,82,370,0.9999813937918387,5.9645096809836105
8251,algoQD,82,370,0.9999813937918387,5.6537438470404595
8252,algoQD,82,370,0.9999813937918387,5.856749701080844
8253,algoQD,82,370,0.9999813937918387,5.785795646952465
8254,algoQD,82,370,0.9999813937918387,5.614057561964728
8255,algoQD,82,370,0.9999813937918387,5.431005971040577
8256,algoQD,82,370,0.9999813937918387,4.883415665011853
8257,algoQD,82,370,0.9999813937918387,5.112719968077727
8258,algoQD,82,370,0.9999813937918387,5.759432623977773
8259,algoQD,82,370,0.9999813937918387,5.482820014934987
8260,algoQD,82,370,0.9999813937918387,5.471534147975035
8261,algoQD,82,370,0.9999813937918387,5.90262053895276
8262,algoQD,82,370,0.9999813937918387,5.516810694010928
8263,algoQD,82,370,0.9999813937918387,5.780570369912311
8264,algoQD,82,370,0.9999813937918387,5.743838213966228
8265,algoQD,82,370,0.9999813937918387,5.774750081938691
8266,algoQD,82,370,0.9999813937918387,5.396372131071985
8267,algoQD,82,370,0.9999813937918387,5.641475104028359
8268,algoQD,82,370,0.9999813937918387,5.604673027060926
8269,algoQD,82,370,0.9999813937918387,5.767464275006205
8270,algoQD,82,370,0.9999813937918387,4.58561839198228
8271,algoQD,82,370,0.9999813937918387,5.478004812961444
8272,algoQD,82,370,0.9999813937918387,5.742398194037378
8273,algoQD,82,370,0.9999813937918387,5.56595500302501
8274,algoQD,82,370,0.9999813937918387,5.8730588420294225
8275,algoQD,82,370,0.9999813937918387,4.821279854979366
8276,algoQD,82,370,0.9999813937918387,5.388012635987252
8277,algoQD,82,370,0.9999813937918387,5.926650793058798
8278,algoQD,82,370,0.9999813937918387,5.984542466001585
8279,algoQD,82,370,0.9999813937918387,5.929407612071373
8280,algoQD,82,370,0.9999813937918387,5.807205113931559
8281,algoQD,82,370,0.9999813937918387,5.118396335979924
8282,algoQD,82,370,0.9999813937918387,5.602859040955082
8283,algoQD,82,370,0.9999813937918387,5.868053806014359
8284,algoQD,82,370,0.9999813937918387,5.325187028967775
8285,algoQD,82,370,0.9999813937918387,5.814388698898256
8286,algoQD,82,370,0.9999813937918387,5.7701256138971075
8287,algoQD,82,370,0.9999813937918387,5.346605708939023
8288,algoQD,82,370,0.9999813937918387,5.578068258939311
8289,algoQD,82,370,0.9999813937918387,5.671754195005633
8290,algoQD,82,370,0.9999813937918387,5.2927262670127675
8291,algoQD,82,370,0.9999813937918387,5.4583178060129285
8292,algoQD,82,370,0.9999813937918387,5.509923152043484
8293,algoQD,82,370,0.9999813937918387,5.509177452069707
8294,algoQD,82,370,0.9999813937918387,5.798808790044859
8295,algoQD,82,370,0.9999813937918387,5.930448236991651
8296,algoQD,82,370,0.9999813937918387,5.771167322061956
8297,algoQD,82,370,0.9999813937918387,5.711856636917219
8298,algoQD,82,370,0.9999813937918387,5.433340943069197
8299,algoQD,82,370,0.9999813937918387,5.548211235087365
8300,algoQD,83,370,0.9999813937918387,5.171975723002106
8301,algoQD,83,370,0.9999813937918387,5.233918572077528
8302,algoQD,83,370,0.9999813937918387,5.903763827984221
8303,algoQD,83,370,0.9999813937918387,5.495870518963784
8304,algoQD,83,370,0.9999813937918387,5.674816680955701
8305,algoQD,83,370,0.9999813937918387,5.115484734997153
8306,algoQD,83,370,0.9999813937918387,5.816021132981405
8307,algoQD,83,370,0.9999813937918387,5.5173056500498205
8308,algoQD,83,370,0.9999813937918387,5.677524146973155
8309,algoQD,83,370,0.9999813937918387,5.8371340750018135
8310,algoQD,83,370,0.9999813937918387,5.5264247299637645
8311,algoQD,83,370,0.9999813937918387,5.520463216002099
8312,algoQD,83,370,0.9999813937918387,4.828840210917406
8313,algoQD,83,370,0.9999813937918387,5.3485771550331265
8314,algoQD,83,370,0.9999813937918387,5.527438014978543
8315,algoQD,83,370,0.9999813937918387,5.6412933400133625
8316,algoQD,83,370,0.9999813937918387,5.969745889073238
8317,algoQD,83,370,0.9999813937918387,5.475194433005527
8318,algoQD,83,370,0.9999813937918387,4.981976777082309
8319,algoQD,83,370,0.9999813937918387,5.915020165964961
8320,algoQD,83,370,0.9999813937918387,5.506416815915145
8321,algoQD,83,370,0.9999813937918387,4.873184537049383
8322,algoQD,83,370,0.9999813937918387,5.9056945169577375
8323,algoQD,83,370,0.9999813937918387,5.52429937501438
8324,algoQD,83,370,0.9999813937918387,5.1250253720209
8325,algoQD,83,370,0.9999813937918387,5.528982853982598
8326,algoQD,83,370,0.9999813937918387,5.505325883976184
8327,algoQD,83,370,0.9999813937918387,4.90081090608146
8328,algoQD,83,370,0.9999813937918387,4.9035619150381535
8329,algoQD,83,370,0.9999813937918387,5.710280989995226
8330,algoQD,83,370,0.9999813937918387,5.502530944999307
8331,algoQD,83,370,0.9999813937918387,4.76863074710127
8332,algoQD,83,370,0.9999813937918387,5.647735161008313
8333,algoQD,83,370,0.9999813937918387,5.072380852070637
8334,algoQD,83,370,0.9999813937918387,5.532892942079343
8335,algoQD,83,370,0.9999813937918387,5.767143580014817
8336,algoQD,83,370,0.9999813937918387,5.820464819087647
8337,algoQD,83,370,0.9999813937918387,5.61974519607611
8338,algoQD,83,370,0.9999813937918387,5.414463012944907
8339,algoQD,83,370,0.9999813937918387,5.346492826007307
8340,algoQD,83,370,0.9999813937918387,5.344669891986996
8341,algoQD,83,370,0.9999813937918387,5.195597012992948
8342,algoQD,83,370,0.9999813937918387,5.568389551946893
8343,algoQD,83,370,0.9999813937918387,5.7308366290526465
8344,algoQD,83,370,0.9999813937918387,5.100926537998021
8345,algoQD,83,370,0.9999813937918387,5.670203715912066
8346,algoQD,83,370,0.9999813937918387,6.174606936983764
8347,algoQD,83,370,0.9999813937918387,5.776860118028708
8348,algoQD,83,370,0.9999813937918387,5.4655157760716975
8349,algoQD,83,370,0.9999813937918387,5.426390770007856
8350,algoQD,83,370,0.9999813937918387,5.65876661601942
8351,algoQD,83,370,0.9999813937918387,5.751417245017365
8352,algoQD,83,370,0.9999813937918387,5.660646988078952
8353,algoQD,83,370,0.9999813937918387,5.451915316982195
8354,algoQD,83,370,0.9999813937918387,5.612157768919133
8355,algoQD,83,370,0.9999813937918387,5.564354368019849
8356,algoQD,83,370,0.9999813937918387,5.685468528070487
8357,algoQD,83,370,0.9999813937918387,5.53949948400259
8358,algoQD,83,370,0.9999813937918387,6.005954693886451
8359,algoQD,83,370,0.9999813937918387,5.56587488995865
8360,algoQD,83,370,0.9999813937918387,5.707294979016297
8361,algoQD,83,370,0.9999813937918387,5.695105497026816
8362,algoQD,83,370,0.9999813937918387,5.570343693951145
8363,algoQD,83,370,0.9999813937918387,4.849165306077339
8364,algoQD,83,370,0.9999813937918387,5.573149475036189
8365,algoQD,83,370,0.9999813937918387,5.799003468011506
8366,algoQD,83,370,0.9999813937918387,5.6924356509698555
8367,algoQD,83,370,0.9999813937918387,5.502165623940527
8368,algoQD,83,370,0.9999813937918387,5.351855137967505
8369,algoQD,83,370,0.9999813937918387,5.804297790979035
8370,algoQD,83,370,0.9999813937918387,5.347609015065245
8371,algoQD,83,370,0.9999813937918387,5.505581167992204
8372,algoQD,83,370,0.9999813937918387,5.686331907985732
8373,algoQD,83,370,0.9999813937918387,5.569802219979465
8374,algoQD,83,370,0.9999813937918387,5.463863443001173
8375,algoQD,83,370,0.9999813937918387,5.584455116069876
8376,algoQD,83,370,0.9999813937918387,5.621059000026435
8377,algoQD,83,370,0.9999813937918387,5.594165203976445
8378,algoQD,83,370,0.9999813937918387,5.282746089040302
8379,algoQD,83,370,0.9999813937918387,5.174602024955675
8380,algoQD,83,370,0.9999813937918387,5.485031691030599
8381,algoQD,83,370,0.9999813937918387,5.489240763010457
8382,algoQD,83,370,0.9999813937918387,5.929871598025784
8383,algoQD,83,370,0.9999813937918387,5.67907567799557
8384,algoQD,83,370,0.9999813937918387,5.1219321669777855
8385,algoQD,83,370,0.9999813937918387,5.179976409999654
8386,algoQD,83,370,0.9999813937918387,5.491708936984651
8387,algoQD,83,370,0.9999813937918387,5.617052196990699
8388,algoQD,83,370,0.9999813937918387,5.532457189052366
8389,algoQD,83,370,0.9999813937918387,4.685310998931527
8390,algoQD,83,370,0.9999813937918387,5.497266758000478
8391,algoQD,83,370,0.9999813937918387,5.74148080102168
8392,algoQD,83,370,0.9999813937918387,5.357670495053753
8393,algoQD,83,370,0.9999813937918387,5.100038831005804
8394,algoQD,83,370,0.9999813937918387,5.425520376069471
8395,algoQD,83,370,0.9999813937918387,5.278939837007783
8396,algoQD,83,370,0.9999813937918387,5.720621076994576
8397,algoQD,83,370,0.9999813937918387,5.765756417997181
8398,algoQD,83,370,0.9999813937918387,5.760601749061607
8399,algoQD,83,370,0.9999813937918387,4.773976056952961
8400,algoQD,84,370,0.9999813937918387,5.680613984935917
8401,algoQD,84,370,0.9999813937918387,5.291558049037121
8402,algoQD,84,370,0.9999813937918387,5.398257243912667
8403,algoQD,84,370,0.9999813937918387,4.982012853957713
8404,algoQD,84,370,0.9999813937918387,4.802392037934624
8405,algoQD,84,370,0.9999813937918387,5.40427511301823
8406,algoQD,84,370,0.9999813937918387,4.9935273110168055
8407,algoQD,84,370,0.9999813937918387,5.1095525360433385
8408,algoQD,84,370,0.9999813937918387,5.354896965087391
8409,algoQD,84,370,0.9999813937918387,5.325705689028837
8410,algoQD,84,370,0.9999813937918387,5.521808810066432
8411,algoQD,84,370,0.9999813937918387,5.207314823986962
8412,algoQD,84,370,0.9999813937918387,5.69845480506774
8413,algoQD,84,370,0.9999813937918387,6.002218163921498
8414,algoQD,84,370,0.9999813937918387,5.906065606977791
8415,algoQD,84,370,0.9999813937918387,5.940653202007525
8416,algoQD,84,370,0.9999813937918387,5.079934615059756
8417,algoQD,84,370,0.9999813937918387,5.918779078987427
8418,algoQD,84,370,0.9999813937918387,5.891522258985788
8419,algoQD,84,370,0.9999813937918387,5.910780696081929
8420,algoQD,84,370,0.9999813937918387,5.344248165027238
8421,algoQD,84,370,0.9999813937918387,5.390246667899191
8422,algoQD,84,370,0.9999813937918387,5.442604165058583
8423,algoQD,84,370,0.9999813937918387,5.3100800949614495
8424,algoQD,84,370,0.9999813937918387,5.899086750927381
8425,algoQD,84,370,0.9999813937918387,5.927005341975018
8426,algoQD,84,370,0.9999813937918387,5.193388842046261
8427,algoQD,84,370,0.9999813937918387,5.290029209922068
8428,algoQD,84,370,0.9999813937918387,5.623609727015719
8429,algoQD,84,370,0.9999813937918387,5.805756867979653
8430,algoQD,84,370,0.9999813937918387,5.675820247037336
8431,algoQD,84,370,0.9999813937918387,5.876905090059154
8432,algoQD,84,370,0.9999813937918387,5.837580829043873
8433,algoQD,84,370,0.9999813937918387,6.070672726025805
8434,algoQD,84,370,0.9999813937918387,6.116390387993306
8435,algoQD,84,370,0.9999813937918387,5.507806170964614
8436,algoQD,84,370,0.9999813937918387,5.720258742920123
8437,algoQD,84,370,0.9999813937918387,5.722272677929141
8438,algoQD,84,370,0.9999813937918387,5.308566304040141
8439,algoQD,84,370,0.9999813937918387,5.680105054052547
8440,algoQD,84,370,0.9999813937918387,5.735312915989198
8441,algoQD,84,370,0.9999813937918387,5.161004642955959
8442,algoQD,84,370,0.9999813937918387,5.5533823650330305
8443,algoQD,84,370,0.9999813937918387,5.756724794046022
8444,algoQD,84,370,0.9999813937918387,6.071152518969029
8445,algoQD,84,370,0.9999813937918387,5.110894934972748
8446,algoQD,84,370,0.9999813937918387,5.882463056943379
8447,algoQD,84,370,0.9999813937918387,5.600740552064963
8448,algoQD,84,370,0.9999813937918387,5.350397075992078
8449,algoQD,84,370,0.9999813937918387,5.531838207971305
8450,algoQD,84,370,0.9999813937918387,6.163881326909177
8451,algoQD,84,370,0.9999813937918387,5.861625917023048
8452,algoQD,84,370,0.9999813937918387,5.6893186250235885
8453,algoQD,84,370,0.9999813937918387,5.745964984991588
8454,algoQD,84,370,0.9999813937918387,5.738804835011251
8455,algoQD,84,370,0.9999813937918387,5.689931140979752
8456,algoQD,84,370,0.9999813937918387,5.77057255897671
8457,algoQD,84,370,0.9999813937918387,5.641672670957632
8458,algoQD,84,370,0.9999813937918387,5.541122258058749
8459,algoQD,84,370,0.9999813937918387,5.501579905976541
8460,algoQD,84,370,0.9999813937918387,4.830928519018926
8461,algoQD,84,370,0.9999813937918387,5.2612935319775715
8462,algoQD,84,370,0.9999813937918387,5.534828104893677
8463,algoQD,84,370,0.9999813937918387,5.791722418973222
8464,algoQD,84,370,0.9999813937918387,5.314315152936615
8465,algoQD,84,370,0.9999813937918387,5.971588512999006
8466,algoQD,84,370,0.9999813937918387,6.233899580896832
8467,algoQD,84,370,0.9999813937918387,6.297628741944209
8468,algoQD,84,370,0.9999813937918387,5.837627503089607
8469,algoQD,84,370,0.9999813937918387,5.654017855995335
8470,algoQD,84,370,0.9999813937918387,5.56156051508151
8471,algoQD,84,370,0.9999813937918387,5.923365389928222
8472,algoQD,84,370,0.9999813937918387,5.004894525045529
8473,algoQD,84,370,0.9999813937918387,5.610849332995713
8474,algoQD,84,370,0.9999813937918387,5.495877733104862
8475,algoQD,84,370,0.9999813937918387,5.604881907929666
8476,algoQD,84,370,0.9999813937918387,4.90887713804841
8477,algoQD,84,370,0.9999813937918387,5.734616260975599
8478,algoQD,84,370,0.9999813937918387,4.968178723007441
8479,algoQD,84,370,0.9999813937918387,5.820563591900282
8480,algoQD,84,370,0.9999813937918387,5.928608515067026
8481,algoQD,84,370,0.9999813937918387,5.762394175981171
8482,algoQD,84,370,0.9999813937918387,5.9003155779792
8483,algoQD,84,370,0.9999813937918387,5.638672161963768
8484,algoQD,84,370,0.9999813937918387,5.154949913965538
8485,algoQD,84,370,0.9999813937918387,5.87220494390931
8486,algoQD,84,370,0.9999813937918387,6.059759355033748
8487,algoQD,84,370,0.9999813937918387,5.717715668026358
8488,algoQD,84,370,0.9999813937918387,5.230021937051788
8489,algoQD,84,370,0.9999813937918387,5.828585218987428
8490,algoQD,84,370,0.9999813937918387,5.912108920980245
8491,algoQD,84,370,0.9999813937918387,5.581539553939365
8492,algoQD,84,370,0.9999813937918387,6.021265093935654
8493,algoQD,84,370,0.9999813937918387,5.809628179995343
8494,algoQD,84,370,0.9999813937918387,5.627077625016682
8495,algoQD,84,370,0.9999813937918387,6.028124243021011
8496,algoQD,84,370,0.9999813937918387,5.7469568570377305
8497,algoQD,84,370,0.9999813937918387,5.179012147011235
8498,algoQD,84,370,0.9999813937918387,5.5740356950555
8499,algoQD,84,370,0.9999813937918387,5.828153091017157
8500,algoQD,85,370,0.9999813937918387,5.779367385082878
8501,algoQD,85,370,0.9999813937918387,5.336810496053658
8502,algoQD,85,370,0.9999813937918387,5.794610416051
8503,algoQD,85,370,0.9999813937918387,5.86700008995831
8504,algoQD,85,370,0.9999813937918387,5.789257522090338
8505,algoQD,85,370,0.9999813937918387,5.571145714027807
8506,algoQD,85,370,0.9999813937918387,5.79493088205345
8507,algoQD,85,370,0.9999813937918387,5.76653918705415
8508,algoQD,85,370,0.9999813937918387,5.69963078899309
8509,algoQD,85,370,0.9999813937918387,5.702549635083415
8510,algoQD,85,370,0.9999813937918387,5.879945349995978
8511,algoQD,85,370,0.9999813937918387,6.0818766340380535
8512,algoQD,85,370,0.9999813937918387,5.652441408019513
8513,algoQD,85,370,0.9999813937918387,5.904617135995068
8514,algoQD,85,370,0.9999813937918387,5.479071617941372
8515,algoQD,85,370,0.9999813937918387,5.563934099045582
8516,algoQD,85,370,0.9999813937918387,5.5595912439748645
8517,algoQD,85,370,0.9999813937918387,5.881756232003681
8518,algoQD,85,370,0.9999813937918387,4.92157461703755
8519,algoQD,85,370,0.9999813937918387,7.091000871965662
8520,algoQD,85,370,0.9999813937918387,5.705649800947867
8521,algoQD,85,370,0.9999813937918387,5.535995932063088
8522,algoQD,85,370,0.9999813937918387,4.822261141962372
8523,algoQD,85,370,0.9999813937918387,5.822661845944822
8524,algoQD,85,370,0.9999813937918387,5.531776070012711
8525,algoQD,85,370,0.9999813937918387,5.463472765055485
8526,algoQD,85,370,0.9999813937918387,6.0235943250590935
8527,algoQD,85,370,0.9999813937918387,5.944575464003719
8528,algoQD,85,370,0.9999813937918387,5.686730502988212
8529,algoQD,85,370,0.9999813937918387,5.632500419043936
8530,algoQD,85,370,0.9999813937918387,5.870195779018104
8531,algoQD,85,370,0.9999813937918387,4.930920496000908
8532,algoQD,85,370,0.9999813937918387,5.730007975012995
8533,algoQD,85,370,0.9999813937918387,5.730626832926646
8534,algoQD,85,370,0.9999813937918387,5.719011337030679
8535,algoQD,85,370,0.9999813937918387,4.948058356996626
8536,algoQD,85,370,0.9999813937918387,5.736286817933433
8537,algoQD,85,370,0.9999813937918387,5.833713027997874
8538,algoQD,85,370,0.9999813937918387,5.862576382001862
8539,algoQD,85,370,0.9999813937918387,5.746180201997049
8540,algoQD,85,370,0.9999813937918387,5.495657243998721
8541,algoQD,85,370,0.9999813937918387,4.78797336795833
8542,algoQD,85,370,0.9999813937918387,5.774296224000864
8543,algoQD,85,370,0.9999813937918387,5.843200493021868
8544,algoQD,85,370,0.9999813937918387,5.480133484932594
8545,algoQD,85,370,0.9999813937918387,5.850421816925518
8546,algoQD,85,370,0.9999813937918387,5.537213051924482
8547,algoQD,85,370,0.9999813937918387,5.59783336892724
8548,algoQD,85,370,0.9999813937918387,5.685434484970756
8549,algoQD,85,370,0.9999813937918387,5.6006276899715886
8550,algoQD,85,370,0.9999813937918387,5.688095924095251
8551,algoQD,85,370,0.9999813937918387,5.282525438000448
8552,algoQD,85,370,0.9999813937918387,6.086301884963177
8553,algoQD,85,370,0.9999813937918387,5.73546159802936
8554,algoQD,85,370,0.9999813937918387,5.630564362043515
8555,algoQD,85,370,0.9999813937918387,5.784900048049167
8556,algoQD,85,370,0.9999813937918387,4.859182601911016
8557,algoQD,85,370,0.9999813937918387,5.635159644996747
8558,algoQD,85,370,0.9999813937918387,5.486024254001677
8559,algoQD,85,370,0.9999813937918387,5.861531388014555
8560,algoQD,85,370,0.9999813937918387,5.936699051992036
8561,algoQD,85,370,0.9999813937918387,5.7510285610333085
8562,algoQD,85,370,0.9999813937918387,5.748519669054076
8563,algoQD,85,370,0.9999813937918387,5.958553022937849
8564,algoQD,85,370,0.9999813937918387,5.823069456964731
8565,algoQD,85,370,0.9999813937918387,5.753280746983364
8566,algoQD,85,371,0.9999813937918387,5.611091539962217
8567,algoQD,85,371,0.9999813937918387,5.488477951963432
8568,algoQD,85,371,0.9999813937918387,5.787487237015739
8569,algoQD,85,371,0.9999813937918387,4.990430696052499
8570,algoQD,85,371,0.9999813937918387,5.862543910974637
8571,algoQD,85,371,0.9999813937918387,5.913692452944815
8572,algoQD,85,371,0.9999813937918387,5.697484081960283
8573,algoQD,85,371,0.9999813937918387,5.610877074999735
8574,algoQD,85,371,0.9999813937918387,5.112896105041727
8575,algoQD,85,371,0.9999813937918387,5.5097253050189465
8576,algoQD,85,371,0.9999813937918387,5.837449386017397
8577,algoQD,85,371,0.9999813937918387,5.838788456982002
8578,algoQD,85,371,0.9999813937918387,5.515904941945337
8579,algoQD,85,371,0.9999813937918387,5.550775488023646
8580,algoQD,85,371,0.9999813937918387,4.598664322984405
8581,algoQD,85,371,0.9999813937918387,5.69768996105995
8582,algoQD,85,371,0.9999813937918387,5.457833019085228
8583,algoQD,85,371,0.9999813937918387,5.763176935026422
8584,algoQD,85,371,0.9999813937918387,5.3276595450006425
8585,algoQD,85,371,0.9999813937918387,5.482033503940329
8586,algoQD,85,371,0.9999813937918387,5.858405421022326
8587,algoQD,85,371,0.9999813937918387,5.13852280494757
8588,algoQD,85,371,0.9999813937918387,5.177787684020586
8589,algoQD,85,371,0.9999813937918387,5.539742361055687
8590,algoQD,85,371,0.9999813937918387,5.306884613004513
8591,algoQD,85,371,0.9999813937918387,5.329738553031348
8592,algoQD,85,371,0.9999813937918387,6.017723271041177
8593,algoQD,85,371,0.9999813937918387,5.504758442053571
8594,algoQD,85,371,0.9999813937918387,5.557014074991457
8595,algoQD,85,371,0.9999813937918387,5.602203106041998
8596,algoQD,85,371,0.9999813937918387,5.687521669082344
8597,algoQD,85,371,0.9999813937918387,5.472345439018682
8598,algoQD,85,371,0.9999813937918387,5.321028538048267
8599,algoQD,85,371,0.9999813937918387,5.770494380965829
8600,algoQD,86,371,0.9999813937918387,4.983831066987477
8601,algoQD,86,371,0.9999813937918387,4.907243900001049
8602,algoQD,86,371,0.9999813937918387,5.638384187943302
8603,algoQD,86,371,0.9999813937918387,5.360565077979118
8604,algoQD,86,371,0.9999813937918387,5.653906285064295
8605,algoQD,86,371,0.9999813937918387,5.488332876004279
8606,algoQD,86,371,0.9999813937918387,5.047486569033936
8607,algoQD,86,371,0.9999813937918387,5.61027466703672
8608,algoQD,86,371,0.9999813937918387,5.565910103032365
8609,algoQD,86,371,0.9999813937918387,5.5505932529922575
8610,algoQD,86,371,0.9999813937918387,5.665838020038791
8611,algoQD,86,371,0.9999813937918387,4.920298156095669
8612,algoQD,86,371,0.9999813937918387,5.810854448005557
8613,algoQD,86,371,0.9999813937918387,5.496197546017356
8614,algoQD,86,371,0.9999813937918387,5.286039607017301
8615,algoQD,86,371,0.9999813937918387,5.1241116259479895
8616,algoQD,86,371,0.9999813937918387,5.774651433923282
8617,algoQD,86,371,0.9999813937918387,6.140958245028742
8618,algoQD,86,371,0.9999813937918387,5.538740267045796
8619,algoQD,86,371,0.9999813937918387,5.79164693702478
8620,algoQD,86,371,0.9999813937918387,5.969332761014812
8621,algoQD,86,371,0.9999813937918387,5.690871538943611
8622,algoQD,86,371,0.9999813937918387,5.773485079989769
8623,algoQD,86,371,0.9999813937918387,5.592936087050475
8624,algoQD,86,371,0.9999813937918387,5.301438833936118
8625,algoQD,86,371,0.9999813937918387,5.1944226149935275
8626,algoQD,86,371,0.9999813937918387,5.379324913956225
8627,algoQD,86,371,0.9999813937918387,5.422114801942371
8628,algoQD,86,371,0.9999813937918387,5.603743857005611
8629,algoQD,86,371,0.9999813937918387,5.645576320006512
8630,algoQD,86,371,0.9999813937918387,5.918215423007496
8631,algoQD,86,371,0.9999813937918387,5.519480854971334
8632,algoQD,86,371,0.9999813937918387,5.571315339999273
8633,algoQD,86,371,0.9999813937918387,5.804941173060797
8634,algoQD,86,371,0.9999813937918387,5.52302146400325
8635,algoQD,86,371,0.9999813937918387,5.42505893309135
8636,algoQD,86,371,0.9999813937918387,5.550232958048582
8637,algoQD,86,371,0.9999813937918387,5.5197015699232
8638,algoQD,86,371,0.9999813937918387,5.487793312990107
8639,algoQD,86,371,0.9999813937918387,5.800504380022176
8640,algoQD,86,371,0.9999813937918387,5.23280195298139
8641,algoQD,86,371,0.9999813937918387,5.375432318891399
8642,algoQD,86,371,0.9999813937918387,5.671602912945673
8643,algoQD,86,371,0.9999813937918387,5.360719871008769
8644,algoQD,86,371,0.9999813937918387,5.421781079960056
8645,algoQD,86,371,0.9999813937918387,5.952150458935648
8646,algoQD,86,371,0.9999813937918387,5.346900771022774
8647,algoQD,86,371,0.9999813937918387,5.606196323991753
8648,algoQD,86,371,0.9999813937918387,5.462915680021979
8649,algoQD,86,371,0.9999813937918387,5.219361458090134
8650,algoQD,86,371,0.9999813937918387,5.602913792943582
8651,algoQD,86,371,0.9999813937918387,5.192074352991767
8652,algoQD,86,371,0.9999813937918387,5.565943109919317
8653,algoQD,86,371,0.9999813937918387,5.248816731036641
8654,algoQD,86,371,0.9999813937918387,5.162623478914611
8655,algoQD,86,371,0.9999813937918387,5.450761606916785
8656,algoQD,86,371,0.9999813937918387,5.5788416400318965
8657,algoQD,86,371,0.9999813937918387,5.6176268310518935
8658,algoQD,86,371,0.9999813937918387,5.626451684976928
8659,algoQD,86,371,0.9999813937918387,5.672661973978393
8660,algoQD,86,371,0.9999813937918387,5.292126209940761
8661,algoQD,86,371,0.9999813937918387,5.536974566988647
8662,algoQD,86,371,0.9999813937918387,5.561849424033426
8663,algoQD,86,371,0.9999813937918387,5.576392562943511
8664,algoQD,86,371,0.9999813937918387,5.545334752998315
8665,algoQD,86,371,0.9999813937918387,5.365660434938036
8666,algoQD,86,371,0.9999813937918387,5.410453208023682
8667,algoQD,86,371,0.9999813937918387,5.563500254997052
8668,algoQD,86,371,0.9999813937918387,5.3618134160060436
8669,algoQD,86,371,0.9999813937918387,4.95756851695478
8670,algoQD,86,371,0.9999813937918387,5.410794651019387
8671,algoQD,86,371,0.9999813937918387,5.587733590975404
8672,algoQD,86,371,0.9999813937918387,5.269641928025521
8673,algoQD,86,371,0.9999813937918387,5.443368437001482
8674,algoQD,86,371,0.9999813937918387,5.398416384938173
8675,algoQD,86,371,0.9999813937918387,5.6597512810258195
8676,algoQD,86,371,0.9999813937918387,5.096167686977424
8677,algoQD,86,371,0.9999813937918387,5.803485543001443
8678,algoQD,86,371,0.9999813937918387,5.465395625913516
8679,algoQD,86,371,0.9999813937918387,5.542010031058453
8680,algoQD,86,371,0.9999813937918387,4.733965412015095
8681,algoQD,86,371,0.9999813937918387,5.684194212895818
8682,algoQD,86,371,0.9999813937918387,5.135697404039092
8683,algoQD,86,371,0.9999813937918387,5.446413330035284
8684,algoQD,86,371,0.9999813937918387,5.906942374072969
8685,algoQD,86,371,0.9999813937918387,5.315971822012216
8686,algoQD,86,371,0.9999813937918387,5.24335218698252
8687,algoQD,86,371,0.9999813937918387,5.576853474020027
8688,algoQD,86,371,0.9999813937918387,4.970807099947706
8689,algoQD,86,371,0.9999813937918387,5.4541573009919375
8690,algoQD,86,371,0.9999813937918387,4.8279411708936095
8691,algoQD,86,371,0.9999813937918387,5.371830374002457
8692,algoQD,86,371,0.9999813937918387,5.113994308980182
8693,algoQD,86,371,0.9999813937918387,5.5472527160309255
8694,algoQD,86,371,0.9999813937918387,5.38434980798047
8695,algoQD,86,371,0.9999813937918387,5.468296085949987
8696,algoQD,86,371,0.9999813937918387,5.645526384934783
8697,algoQD,86,371,0.9999813937918387,5.930744796991348
8698,algoQD,86,372,0.9999813937918387,5.492568605928682
8699,algoQD,86,372,0.9999813937918387,4.912776448065415
8700,algoQD,87,372,0.9999813937918387,5.753014762070961
8701,algoQD,87,372,0.9999813937918387,5.603759502060711
8702,algoQD,87,372,0.9999813937918387,5.546485707978718
8703,algoQD,87,372,0.9999813937918387,5.413233611034229
8704,algoQD,87,372,0.9999813937918387,5.457131011062302
8705,algoQD,87,372,0.9999813937918387,5.8411616870434955
8706,algoQD,87,372,0.9999813937918387,5.586441018967889
8707,algoQD,87,372,0.9999813937918387,5.5008292039856315
8708,algoQD,87,372,0.9999813937918387,5.28403055400122
8709,algoQD,87,372,0.9999813937918387,5.300925856106915
8710,algoQD,87,372,0.9999813937918387,5.424769807024859
8711,algoQD,87,372,0.9999813937918387,5.303429426043294
8712,algoQD,87,372,0.9999813937918387,5.0798055219929665
8713,algoQD,87,372,0.9999813937918387,5.572366295964457
8714,algoQD,87,372,0.9999813937918387,4.509218625957146
8715,algoQD,87,372,0.9999813937918387,5.880392079008743
8716,algoQD,87,372,0.9999813937918387,5.785139198997058
8717,algoQD,87,372,0.9999813937918387,5.94914850697387
8718,algoQD,87,372,0.9999813937918387,5.391371635021642
8719,algoQD,87,372,0.9999813937918387,5.791669205995277
8720,algoQD,87,372,0.9999813937918387,5.490067420993
8721,algoQD,87,372,0.9999813937918387,5.755368810030632
8722,algoQD,87,372,0.9999813937918387,5.51901235897094
8723,algoQD,87,372,0.9999813937918387,5.765690212952904
8724,algoQD,87,372,0.9999813937918387,4.7596668699989095
8725,algoQD,87,372,0.9999813937918387,5.542097244062461
8726,algoQD,87,372,0.9999813937918387,5.590945478994399
8727,algoQD,87,372,0.9999813937918387,5.073286575963721
8728,algoQD,87,372,0.9999813937918387,5.659780526999384
8729,algoQD,87,372,0.9999813937918387,5.483945433981717
8730,algoQD,87,372,0.9999813937918387,5.24951706500724
8731,algoQD,87,372,0.9999813937918387,5.272811077069491
8732,algoQD,87,372,0.9999813937918387,5.6906104759546
8733,algoQD,87,372,0.9999813937918387,5.5987066340167075
8734,algoQD,87,372,0.9999813937918387,5.394160493975505
8735,algoQD,87,372,0.9999813937918387,5.591045639012009
8736,algoQD,87,372,0.9999813937918387,5.532858851016499
8737,algoQD,87,372,0.9999813937918387,5.493045517010614
8738,algoQD,87,372,0.9999813937918387,5.533882772899233
8739,algoQD,87,372,0.9999813937918387,4.775727145955898
8740,algoQD,87,372,0.9999813937918387,4.991600977955386
8741,algoQD,87,372,0.9999813937918387,5.511554829077795
8742,algoQD,87,372,0.9999813937918387,5.03962835110724
8743,algoQD,87,372,0.9999813937918387,5.509327840991318
8744,algoQD,87,372,0.9999813937918387,5.214003775967285
8745,algoQD,87,372,0.9999813937918387,4.93615534901619
8746,algoQD,87,372,0.9999813937918387,5.396284025977366
8747,algoQD,87,372,0.9999813937918387,5.6148980560246855
8748,algoQD,87,372,0.9999813937918387,4.993543638032861
8749,algoQD,87,372,0.9999813937918387,5.083225222071633
8750,algoQD,87,372,0.9999813937918387,5.314033020986244
8751,algoQD,87,372,0.9999813937918387,5.3683943710057065
8752,algoQD,87,372,0.9999813937918387,5.279298042063601
8753,algoQD,87,372,0.9999813937918387,4.965308491955511
8754,algoQD,87,372,0.9999813937918387,5.489833539002575
8755,algoQD,87,372,0.9999813937918387,5.441791777964681
8756,algoQD,87,373,0.9999813937918387,5.298095239093527
8757,algoQD,87,373,0.9999813937918387,5.749235622002743
8758,algoQD,87,373,0.9999813937918387,5.4234244539402425
8759,algoQD,87,373,0.9999813937918387,4.735072402050719
8760,algoQD,87,373,0.9999813937918387,5.42514945496805
8761,algoQD,87,373,0.9999813937918387,5.3496908420929685
8762,algoQD,87,373,0.9999813937918387,5.498507136944681
8763,algoQD,87,373,0.9999813937918387,5.49033555702772
8764,algoQD,87,373,0.9999813937918387,5.300761235994287
8765,algoQD,87,373,0.9999813937918387,5.487052362994291
8766,algoQD,87,373,0.9999813937918387,5.4336176350479946
8767,algoQD,87,373,0.9999813937918387,5.474382344982587
8768,algoQD,87,373,0.9999813937918387,5.369514288031496
8769,algoQD,87,373,0.9999813937918387,4.978968541021459
8770,algoQD,87,373,0.9999813937918387,4.872856823960319
8771,algoQD,87,373,0.9999813937918387,5.177251977031119
8772,algoQD,87,373,0.9999813937918387,6.0717695279745385
8773,algoQD,87,373,0.9999813937918387,4.893569076899439
8774,algoQD,87,373,0.9999813937918387,4.544140295940451
8775,algoQD,87,373,0.9999813937918387,5.066564513952471
8776,algoQD,87,373,0.9999813937918387,5.430442485958338
8777,algoQD,87,373,0.9999813937918387,5.367762517998926
8778,algoQD,87,373,0.9999813937918387,4.764235063106753
8779,algoQD,87,373,0.9999813937918387,5.405361085082404
8780,algoQD,87,373,0.9999813937918387,5.1758000330301
8781,algoQD,87,373,0.9999813937918387,5.614715871983208
8782,algoQD,87,373,0.9999813937918387,5.387305673095398
8783,algoQD,87,373,0.9999813937918387,5.496836851001717
8784,algoQD,87,373,0.9999813937918387,5.342029648949392
8785,algoQD,87,373,0.9999813937918387,5.478076333994977
8786,algoQD,87,373,0.9999813937918387,5.3826744930120185
8787,algoQD,87,373,0.9999813937918387,4.0448452070122585
8788,algoQD,87,373,0.9999813937918387,5.301476316060871
8789,algoQD,87,373,0.9999813937918387,5.51617401605472
8790,algoQD,87,373,0.9999813937918387,4.626402553054504
8791,algoQD,87,373,0.9999813937918387,5.238464742898941
8792,algoQD,87,373,0.9999813937918387,5.877752693020739
8793,algoQD,87,373,0.9999813937918387,5.357465250068344
8794,algoQD,87,373,0.9999813937918387,5.334521100972779
8795,algoQD,87,373,0.9999813937918387,5.364608388976194
8796,algoQD,87,373,0.9999813937918387,5.541291953995824
8797,algoQD,87,373,0.9999813937918387,5.35698585701175
8798,algoQD,87,373,0.9999813937918387,5.591570810996927
8799,algoQD,87,373,0.9999813937918387,4.576567864976823
8800,algoQD,88,373,0.9999813937918387,5.56031084805727
8801,algoQD,88,373,0.9999813937918387,5.039928419049829
8802,algoQD,88,373,0.9999813937918387,5.412440410931595
8803,algoQD,88,373,0.9999813937918387,5.562285347958095
8804,algoQD,88,373,0.9999813937918387,5.545906072948128
8805,algoQD,88,373,0.9999813937918387,5.873377025010996
8806,algoQD,88,373,0.9999813937918387,5.471390029997565
8807,algoQD,88,373,0.9999813937918387,5.182554585044272
8808,algoQD,88,373,0.9999813937918387,5.0909766890108585
8809,algoQD,88,373,0.9999813937918387,5.241163381957449
8810,algoQD,88,373,0.9999813937918387,4.864712866954505
8811,algoQD,88,373,0.9999813937918387,5.5388662710320204
8812,algoQD,88,373,0.9999813937918387,5.471855100011453
8813,algoQD,88,373,0.9999813937918387,5.46712746808771
8814,algoQD,88,373,0.9999813937918387,5.283656125888228
8815,algoQD,88,373,0.9999813937918387,5.3039980919566005
8816,algoQD,88,373,0.9999813937918387,5.515770934056491
8817,algoQD,88,373,0.9999813937918387,5.425952962017618
8818,algoQD,88,373,0.9999813937918387,5.609388276003301
8819,algoQD,88,373,0.9999813937918387,5.171393065946177
8820,algoQD,88,373,0.9999813937918387,5.472064035013318
8821,algoQD,88,373,0.9999813937918387,5.401817922014743
8822,algoQD,88,373,0.9999813937918387,4.82511518499814
8823,algoQD,88,373,0.9999813937918387,4.747720564017072
8824,algoQD,88,373,0.9999813937918387,5.534917017095722
8825,algoQD,88,373,0.9999813937918387,5.204703239956871
8826,algoQD,88,373,0.9999813937918387,5.56065998505801
8827,algoQD,88,373,0.9999813937918387,5.358824635972269
8828,algoQD,88,373,0.9999813937918387,4.689372049993835
8829,algoQD,88,373,0.9999813937918387,5.897100719041191
8830,algoQD,88,373,0.9999813937918387,5.513632150948979
8831,algoQD,88,373,0.9999813937918387,5.336950327968225
8832,algoQD,88,373,0.9999813937918387,4.9859691630117595
8833,algoQD,88,373,0.9999813937918387,5.37641761591658
8834,algoQD,88,373,0.9999813937918387,5.467501542065293
8835,algoQD,88,373,0.9999813937918387,5.3255026689730585
8836,algoQD,88,373,0.9999813937918387,5.478201208054088
8837,algoQD,88,373,0.9999813937918387,5.099070757045411
8838,algoQD,88,373,0.9999813937918387,5.484597831964493
8839,algoQD,88,373,0.9999813937918387,5.093841516994871
8840,algoQD,88,373,0.9999813937918387,5.204648456070572
8841,algoQD,88,373,0.9999813937918387,5.203428350039758
8842,algoQD,88,373,0.9999813937918387,5.257028053048998
8843,algoQD,88,373,0.9999813937918387,5.3663539020344615
8844,algoQD,88,373,0.9999813937918387,5.720105021959171
8845,algoQD,88,373,0.9999813937918387,5.130281636957079
8846,algoQD,88,373,0.9999813937918387,4.6231797150103375
8847,algoQD,88,373,0.9999813937918387,5.542429178953171
8848,algoQD,88,373,0.9999813937918387,5.828415854019113
8849,algoQD,88,373,0.9999813937918387,4.88166330603417
8850,algoQD,88,373,0.9999813937918387,5.465430218959227
8851,algoQD,88,373,0.9999813937918387,5.288358347956091
8852,algoQD,88,373,0.9999813937918387,5.313471056055278
8853,algoQD,88,373,0.9999813937918387,4.986076024011709
8854,algoQD,88,373,0.9999813937918387,5.4473844630410895
8855,algoQD,88,373,0.9999813937918387,5.519606638001278
8856,algoQD,88,373,0.9999813937918387,4.922301717917435
8857,algoQD,88,373,0.9999813937918387,5.266809864086099
8858,algoQD,88,373,0.9999813937918387,5.090507578104734
8859,algoQD,88,373,0.9999813937918387,4.938302168971859
8860,algoQD,88,373,0.9999813937918387,5.515641928068362
8861,algoQD,88,373,0.9999813937918387,5.227366146980785
8862,algoQD,88,373,0.9999813937918387,5.167335467995144
8863,algoQD,88,373,0.9999813937918387,5.180836105020717
8864,algoQD,88,373,0.9999813937918387,5.187150715966709
8865,algoQD,88,373,0.9999813937918387,4.809951503062621
8866,algoQD,88,373,0.9999813937918387,5.367223896901123
8867,algoQD,88,373,0.9999813937918387,5.120658916071989
8868,algoQD,88,373,0.9999813937918387,5.5822657470125705
8869,algoQD,88,373,0.9999813937918387,5.062887159991078
8870,algoQD,88,373,0.9999813937918387,4.807555827079341
8871,algoQD,88,373,0.9999813937918387,5.267453178064898
8872,algoQD,88,373,0.9999813937918387,5.27372065000236
8873,algoQD,88,373,0.9999813937918387,4.709991238079965
8874,algoQD,88,373,0.9999813937918387,5.681781952967867
8875,algoQD,88,373,0.9999813937918387,5.3370812149951234
8876,algoQD,88,373,0.9999813937918387,5.023922801017761
8877,algoQD,88,373,0.9999813937918387,5.053101312019862
8878,algoQD,88,374,0.9999813937918387,5.2180544240400195
8879,algoQD,88,374,0.9999813937918387,5.723321628989652
8880,algoQD,88,374,0.9999813937918387,5.498698444105685
8881,algoQD,88,374,0.9999813937918387,5.34926914202515
8882,algoQD,88,374,0.9999813937918387,5.497766654938459
8883,algoQD,88,374,0.9999813937918387,5.195875440025702
8884,algoQD,88,374,0.9999813937918387,5.191902092890814
8885,algoQD,88,374,0.9999813937918387,5.495081392000429
8886,algoQD,88,374,0.9999813937918387,5.260046215029433
8887,algoQD,88,374,0.9999813937918387,5.423085881979205
8888,algoQD,88,374,0.9999813937918387,5.654976767953485
8889,algoQD,88,374,0.9999813937918387,5.012937695952132
8890,algoQD,88,374,0.9999813937918387,4.711586563033052
8891,algoQD,88,374,0.9999813937918387,4.651343628996983
8892,algoQD,88,374,0.9999813937918387,5.484839259064756
8893,algoQD,88,374,0.9999813937918387,4.836361513938755
8894,algoQD,88,374,0.9999813937918387,5.684388638008386
8895,algoQD,88,374,0.9999813937918387,5.422894840943627
8896,algoQD,88,374,0.9999813937918387,5.862055903999135
8897,algoQD,88,374,0.9999813937918387,4.430800743983127
8898,algoQD,88,374,0.9999813937918387,5.344961173017509
8899,algoQD,88,374,0.9999813937918387,4.632531004026532
8900,algoQD,89,374,0.9999813937918387,5.489595504943281
8901,algoQD,89,374,0.9999813937918387,4.6790451790438965
8902,algoQD,89,374,0.9999813937918387,5.645744004053995
8903,algoQD,89,374,0.9999813937918387,5.571623762021773
8904,algoQD,89,374,0.9999813937918387,5.14177390106488
8905,algoQD,89,374,0.9999813937918387,5.424155964050442
8906,algoQD,89,374,0.9999813937918387,5.206308061955497
8907,algoQD,89,374,0.9999813937918387,5.539047900936566
8908,algoQD,89,374,0.9999813937918387,4.856372000067495
8909,algoQD,89,374,0.9999813937918387,5.196860641008243
8910,algoQD,89,374,0.9999813937918387,4.7253771889954805
8911,algoQD,89,374,0.9999813937918387,5.442246985039674
8912,algoQD,89,374,0.9999813937918387,5.5355925529729575
8913,algoQD,89,374,0.9999813937918387,5.55809871701058
8914,algoQD,89,374,0.9999813937918387,5.444380616070703
8915,algoQD,89,374,0.9999813937918387,5.076664801919833
8916,algoQD,89,374,0.9999813937918387,5.135062991059385
8917,algoQD,89,374,0.9999813937918387,4.853685533977114
8918,algoQD,89,374,0.9999813937918387,5.396534054074436
8919,algoQD,89,374,0.9999813937918387,5.386365532991476
8920,algoQD,89,374,0.9999813937918387,5.2745474530383945
8921,algoQD,89,374,0.9999813937918387,5.0947183929383755
8922,algoQD,89,374,0.9999813937918387,5.1947174810338765
8923,algoQD,89,374,0.9999813937918387,5.416225861059502
8924,algoQD,89,374,0.9999813937918387,5.286747454898432
8925,algoQD,89,374,0.9999813937918387,5.572922394028865
8926,algoQD,89,374,0.9999813937918387,5.581485965056345
8927,algoQD,89,374,0.9999813937918387,5.604295571101829
8928,algoQD,89,374,0.9999813937918387,5.086775807081722
8929,algoQD,89,374,0.9999813937918387,5.384069343912415
8930,algoQD,89,374,0.9999813937918387,5.348071859916672
8931,algoQD,89,374,0.9999813937918387,5.577037981012836
8932,algoQD,89,374,0.9999813937918387,5.0149737420724705
8933,algoQD,89,374,0.9999813937918387,5.285577052971348
8934,algoQD,89,374,0.9999813937918387,4.856416195048951
8935,algoQD,89,374,0.9999813937918387,5.325197592028417
8936,algoQD,89,374,0.9999813937918387,5.18762654508464
8937,algoQD,89,374,0.9999813937918387,5.2181172530399635
8938,algoQD,89,374,0.9999813937918387,4.852828084956855
8939,algoQD,89,374,0.9999813937918387,5.016657624975778
8940,algoQD,89,374,0.9999813937918387,6.4683477049693465
8941,algoQD,89,374,0.9999813937918387,5.5915687050437555
8942,algoQD,89,374,0.9999813937918387,5.4685908269602805
8943,algoQD,89,374,0.9999813937918387,5.5415927689755335
8944,algoQD,89,374,0.9999813937918387,5.469119848916307
8945,algoQD,89,374,0.9999813937918387,5.385501721990295
8946,algoQD,89,374,0.9999813937918387,4.617286051041447
8947,algoQD,89,374,0.9999813937918387,5.207020005909726
8948,algoQD,89,374,0.9999813937918387,5.3359308819053695
8949,algoQD,89,374,0.9999813937918387,5.1775729700457305
8950,algoQD,89,374,0.9999813937918387,4.897778043989092
8951,algoQD,89,374,0.9999813937918387,5.6557357020210475
8952,algoQD,89,374,0.9999813937918387,5.654312583035789
8953,algoQD,89,374,0.9999813937918387,5.565344034926966
8954,algoQD,89,374,0.9999813937918387,5.630073314998299
8955,algoQD,89,374,0.9999813937918387,4.5284437810769305
8956,algoQD,89,374,0.9999813937918387,5.375168366008438
8957,algoQD,89,374,0.9999813937918387,4.97578066191636
8958,algoQD,89,374,0.9999813937918387,4.601408371003345
8959,algoQD,89,374,0.9999813937918387,5.096044337959029
8960,algoQD,89,374,0.9999813937918387,5.407107953098603
8961,algoQD,89,374,0.9999813937918387,5.30263392906636
8962,algoQD,89,374,0.9999813937918387,5.294702604063787
8963,algoQD,89,374,0.9999813937918387,5.314017988042906
8964,algoQD,89,374,0.9999813937918387,5.251491160015576
8965,algoQD,89,374,0.9999813937918387,5.1448219190351665
8966,algoQD,89,374,0.9999813937918387,5.7075877010356635
8967,algoQD,89,374,0.9999813937918387,5.509773511090316
8968,algoQD,89,374,0.9999813937918387,4.770698259002529
8969,algoQD,89,374,0.9999813937918387,5.479615599033423
8970,algoQD,89,374,0.9999813937918387,5.757327039027587
8971,algoQD,89,374,0.9999813937918387,5.423515773960389
8972,algoQD,89,374,0.9999813937918387,5.168125811032951
8973,algoQD,89,374,0.9999813937918387,4.915239615016617
8974,algoQD,89,374,0.9999813937918387,5.051312953000888
8975,algoQD,89,374,0.9999813937918387,4.596751151024364
8976,algoQD,89,374,0.9999813937918387,4.879316852078773
8977,algoQD,89,374,0.9999813937918387,5.415757455979474
8978,algoQD,89,374,0.9999813937918387,5.227947206003591
8979,algoQD,89,374,0.9999813937918387,5.137762521044351
8980,algoQD,89,374,0.9999813937918387,4.992721048998646
8981,algoQD,89,374,0.9999813937918387,5.108306266949512
8982,algoQD,89,374,0.9999813937918387,5.098005865002051
8983,algoQD,89,374,0.9999813937918387,5.120470419060439
8984,algoQD,89,374,0.9999813937918387,4.869428410078399
8985,algoQD,89,374,0.9999813937918387,5.512985488050617
8986,algoQD,89,374,0.9999813937918387,4.683583082049154
8987,algoQD,89,374,0.9999813937918387,5.35654898697976
8988,algoQD,89,374,0.9999813937918387,5.02674899098929
8989,algoQD,89,374,0.9999813937918387,4.958946445956826
8990,algoQD,89,374,0.9999813937918387,5.289604471996427
8991,algoQD,89,374,0.9999813937918387,4.633463126025163
8992,algoQD,89,374,0.9999813937918387,5.38864199409727
8993,algoQD,89,374,0.9999813937918387,4.9302458090242
8994,algoQD,89,374,0.9999813937918387,5.676454348023981
8995,algoQD,89,374,0.9999813937918387,5.1158201929647475
8996,algoQD,89,374,0.9999813937918387,4.819876534980722
8997,algoQD,89,374,0.9999813937918387,5.013324175961316
8998,algoQD,89,374,0.9999813937918387,5.126623195013963
8999,algoQD,89,374,0.9999813937918387,5.2397108230507
9000,algoQD,90,374,0.9999813937918387,5.527608217904344
9001,algoQD,90,374,0.9999813937918387,5.27617469697725
9002,algoQD,90,374,0.9999813937918387,4.948961709975265
9003,algoQD,90,374,0.9999813937918387,4.561078031081706
9004,algoQD,90,374,0.9999813937918387,5.227005928987637
9005,algoQD,90,374,0.9999813937918387,5.1762411940144375
9006,algoQD,90,374,0.9999813937918387,5.249747886904515
9007,algoQD,90,374,0.9999813937918387,5.740570790017955
9008,algoQD,90,374,0.9999813937918387,5.401898620068096
9009,algoQD,90,374,0.9999813937918387,5.255391770042479
9010,algoQD,90,374,0.9999813937918387,4.651924667065032
9011,algoQD,90,374,0.9999813937918387,5.070522747002542
9012,algoQD,90,374,0.9999813937918387,5.1753558811033145
9013,algoQD,90,374,0.9999813937918387,4.995556175010279
9014,algoQD,90,374,0.9999813937918387,5.366394729935564
9015,algoQD,90,374,0.9999813937918387,5.091591586009599
9016,algoQD,90,374,0.9999813937918387,5.086348047945648
9017,algoQD,90,374,0.9999813937918387,4.686469875974581
9018,algoQD,90,374,0.9999813937918387,5.062296514981426
9019,algoQD,90,374,0.9999813937918387,5.104659736971371
9020,algoQD,90,374,0.9999813937918387,5.537675161031075
9021,algoQD,90,374,0.9999813937918387,4.897256975993514
9022,algoQD,90,374,0.9999813937918387,5.3480968530057
9023,algoQD,90,374,0.9999813937918387,5.829302612924948
9024,algoQD,90,374,0.9999813937918387,5.656603215960786
9025,algoQD,90,374,0.9999813937918387,5.018038787995465
9026,algoQD,90,374,0.9999813937918387,5.0637424029409885
9027,algoQD,90,374,0.9999813937918387,5.212945245089941
9028,algoQD,90,374,0.9999813937918387,5.109477489953861
9029,algoQD,90,374,0.9999813937918387,5.436386627028696
9030,algoQD,90,374,0.9999813937918387,5.161859172047116
9031,algoQD,90,374,0.9999813937918387,5.106285960995592
9032,algoQD,90,374,0.9999813937918387,5.200493654003367
9033,algoQD,90,374,0.9999813937918387,5.285875424975529
9034,algoQD,90,374,0.9999813937918387,5.068399111041799
9035,algoQD,90,374,0.9999813937918387,5.047810097923502
9036,algoQD,90,374,0.9999813937918387,5.2801512309815735
9037,algoQD,90,374,0.9999813937918387,5.173231233959086
9038,algoQD,90,374,0.9999813937918387,5.055335021927021
9039,algoQD,90,374,0.9999813937918387,4.908415935002267
9040,algoQD,90,374,0.9999813937918387,5.167051049997099
9041,algoQD,90,374,0.9999813937918387,5.284747523022816
9042,algoQD,90,374,0.9999813937918387,5.287129644071683
9043,algoQD,90,374,0.9999813937918387,4.721232817973942
9044,algoQD,90,374,0.9999813937918387,4.498869342030957
9045,algoQD,90,374,0.9999813937918387,5.3513001940445974
9046,algoQD,90,374,0.9999813937918387,5.174641597084701
9047,algoQD,90,374,0.9999813937918387,5.1591016630409285
9048,algoQD,90,374,0.9999813937918387,4.4273803770774975
9049,algoQD,90,374,0.9999813937918387,4.298509272979572
9050,algoQD,90,375,0.9999813937918387,5.44323047506623
9051,algoQD,90,375,0.9999813937918387,5.154973314027302
9052,algoQD,90,375,0.9999813937918387,5.207960908999667
9053,algoQD,90,375,0.9999813937918387,5.148539611021988
9054,algoQD,90,375,0.9999813937918387,5.175106193986721
9055,algoQD,90,375,0.9999813937918387,5.474572891951539
9056,algoQD,90,375,0.9999813937918387,5.196222385042347
9057,algoQD,90,375,0.9999813937918387,5.2700505499960855
9058,algoQD,90,375,0.9999813937918387,5.457851905957796
9059,algoQD,90,375,0.9999813937918387,4.83493124996312
9060,algoQD,90,375,0.9999813937918387,5.156122646061704
9061,algoQD,90,375,0.9999813937918387,5.166645072051324
9062,algoQD,90,375,0.9999813937918387,4.938258399022743
9063,algoQD,90,375,0.9999813937918387,4.691716869943775
9064,algoQD,90,375,0.9999813937918387,5.074963691062294
9065,algoQD,90,375,0.9999813937918387,4.753814075957052
9066,algoQD,90,375,0.9999813937918387,4.9835654059425
9067,algoQD,90,375,0.9999813937918387,5.236737541039474
9068,algoQD,90,375,0.9999813937918387,4.77776993799489
9069,algoQD,90,375,0.9999813937918387,5.277589229983278
9070,algoQD,90,375,0.9999813937918387,4.6382521239575
9071,algoQD,90,375,0.9999813937918387,5.022114348015748
9072,algoQD,90,375,0.9999813937918387,4.497198236989789
9073,algoQD,90,375,0.9999813937918387,4.571444822009653
9074,algoQD,90,375,0.9999813937918387,4.995567908976227
9075,algoQD,90,375,0.9999813937918387,5.079168544965796
9076,algoQD,90,375,0.9999813937918387,4.982146946014836
9077,algoQD,90,375,0.9999813937918387,5.059800017043017
9078,algoQD,90,375,0.9999813937918387,5.243433560011908
9079,algoQD,90,375,0.9999813937918387,4.794894727994688
9080,algoQD,90,375,0.9999813937918387,4.8437089109793305
9081,algoQD,90,375,0.9999813937918387,5.22836584597826
9082,algoQD,90,375,0.9999813937918387,4.595094888005406
9083,algoQD,90,375,0.9999813937918387,4.938571939943358
9084,algoQD,90,375,0.9999813937918387,5.016343683004379
9085,algoQD,90,375,0.9999813937918387,4.9860055359313264
9086,algoQD,90,375,0.9999813937918387,5.057509650010616
9087,algoQD,90,375,0.9999813937918387,5.2972304039867595
9088,algoQD,90,375,0.9999813937918387,5.030642247060314
9089,algoQD,90,375,0.9999813937918387,5.144480481976643
9090,algoQD,90,375,0.9999813937918387,5.135518752038479
9091,algoQD,90,375,0.9999813937918387,4.8925610249862075
9092,algoQD,90,375,0.9999813937918387,5.403580173966475
9093,algoQD,90,375,0.9999813937918387,5.070655914954841
9094,algoQD,90,375,0.9999813937918387,5.61884835595265
9095,algoQD,90,375,0.9999813937918387,5.178918377961963
9096,algoQD,90,375,0.9999813937918387,4.753789509064518
9097,algoQD,90,375,0.9999813937918387,4.310823175008409
9098,algoQD,90,375,0.9999813937918387,5.214918832993135
9099,algoQD,90,375,0.9999813937918387,5.0585394450463355
9100,algoQD,91,375,0.9999813937918387,4.860548201017082
9101,algoQD,91,375,0.9999813937918387,4.465860298019834
9102,algoQD,91,375,0.9999813937918387,4.527484938967973
9103,algoQD,91,375,0.9999813937918387,5.152757939067669
9104,algoQD,91,375,0.9999813937918387,5.295369248022325
9105,algoQD,91,375,0.9999813937918387,5.15988352894783
9106,algoQD,91,375,0.9999813937918387,5.087674012989737
9107,algoQD,91,375,0.9999813937918387,5.408699663938023
9108,algoQD,91,375,0.9999813937918387,5.284385869977996
9109,algoQD,91,375,0.9999813937918387,5.347683230997063
9110,algoQD,91,375,0.9999813937918387,5.349799129064195
9111,algoQD,91,375,0.9999813937918387,5.148633757955395
9112,algoQD,91,375,0.9999813937918387,4.581971326027997
9113,algoQD,91,375,0.9999813937918387,5.069526558974758
9114,algoQD,91,375,0.9999813937918387,5.228228655993007
9115,algoQD,91,375,0.9999813937918387,4.987026643939316
9116,algoQD,91,375,0.9999813937918387,4.570183848962188
9117,algoQD,91,375,0.9999813937918387,4.828594979015179
9118,algoQD,91,375,0.9999813937918387,4.826162404031493
9119,algoQD,91,375,0.9999813937918387,5.320918783079833
9120,algoQD,91,375,0.9999813937918387,5.112148085027002
9121,algoQD,91,375,0.9999813937918387,5.125044947955757
9122,algoQD,91,375,0.9999813937918387,5.380417236941867
9123,algoQD,91,375,0.9999813937918387,5.10450406500604
9124,algoQD,91,375,0.9999813937918387,5.0721268829656765
9125,algoQD,91,375,0.9999813937918387,4.492184374015778
9126,algoQD,91,375,0.9999813937918387,5.285925118019804
9127,algoQD,91,375,0.9999813937918387,5.242490064934827
9128,algoQD,91,375,0.9999813937918387,4.689499652013183
9129,algoQD,91,375,0.9999813937918387,5.125228113029152
9130,algoQD,91,375,0.9999813937918387,5.122716719051823
9131,algoQD,91,375,0.9999813937918387,4.566107218037359
9132,algoQD,91,375,0.9999813937918387,5.192165701999329
9133,algoQD,91,375,0.9999813937918387,4.968850448960438
9134,algoQD,91,375,0.9999813937918387,5.16152504994534
9135,algoQD,91,375,0.9999813937918387,5.0470850869314745
9136,algoQD,91,375,0.9999813937918387,4.935390080092475
9137,algoQD,91,375,0.9999813937918387,5.128958820947446
9138,algoQD,91,375,0.9999813937918387,5.083334445022047
9139,algoQD,91,375,0.9999813937918387,5.725551653071307
9140,algoQD,91,375,0.9999813937918387,5.186449974076822
9141,algoQD,91,375,0.9999813937918387,4.960795241990127
9142,algoQD,91,375,0.9999813937918387,5.1779621510067955
9143,algoQD,91,375,0.9999813937918387,5.645864209975116
9144,algoQD,91,375,0.9999813937918387,5.304468367015943
9145,algoQD,91,375,0.9999813937918387,4.799826315022074
9146,algoQD,91,375,0.9999813937918387,5.212154804961756
9147,algoQD,91,375,0.9999813937918387,4.373706912971102
9148,algoQD,91,375,0.9999813937918387,4.583607897977345
9149,algoQD,91,375,0.9999813937918387,5.284934357041493
9150,algoQD,91,376,0.9999813937918387,4.879332134965807
9151,algoQD,91,376,0.9999813937918387,5.28912875300739
9152,algoQD,91,376,0.9999813937918387,4.966571007971652
9153,algoQD,91,376,0.9999813937918387,5.147272141999565
9154,algoQD,91,376,0.9999813937918387,5.508439518976957
9155,algoQD,91,376,0.9999813937918387,4.345957381068729
9156,algoQD,91,376,0.9999813937918387,5.118986597983167
9157,algoQD,91,376,0.9999813937918387,5.297604128019884
9158,algoQD,91,376,0.9999813937918387,5.326837231055833
9159,algoQD,91,376,0.9999813937918387,5.043542359955609
9160,algoQD,91,376,0.9999813937918387,5.027128056972288
9161,algoQD,91,376,0.9999813937918387,4.78854850307107
9162,algoQD,91,376,0.9999813937918387,5.020690492005087
9163,algoQD,91,376,0.9999813937918387,4.861340670031495
9164,algoQD,91,376,0.9999813937918387,5.384406224009581
9165,algoQD,91,376,0.9999813937918387,5.42650193197187
9166,algoQD,91,376,0.9999813937918387,5.596580946003087
9167,algoQD,91,376,0.9999813937918387,5.378499452956021
9168,algoQD,91,376,0.9999813937918387,5.298469461966306
9169,algoQD,91,376,0.9999813937918387,4.97573269798886
9170,algoQD,91,376,0.9999813937918387,4.813036632956937
9171,algoQD,91,376,0.9999813937918387,5.0780484289862216
9172,algoQD,91,376,0.9999813937918387,4.877756817964837
9173,algoQD,91,376,0.9999813937918387,5.27333674300462
9174,algoQD,91,376,0.9999813937918387,4.311006142990664
9175,algoQD,91,376,0.9999813937918387,4.561143954982981
9176,algoQD,91,376,0.9999813937918387,5.1163721369812265
9177,algoQD,91,376,0.9999813937918387,5.533570562954992
9178,algoQD,91,376,0.9999813937918387,5.269969311077148
9179,algoQD,91,376,0.9999813937918387,5.442942996043712
9180,algoQD,91,376,0.9999813937918387,4.342160907923244
9181,algoQD,91,376,0.9999813937918387,5.123249441036023
9182,algoQD,91,376,0.9999813937918387,5.029999191057868
9183,algoQD,91,376,0.9999813937918387,4.948622775031254
9184,algoQD,91,376,0.9999813937918387,4.798986023990437
9185,algoQD,91,376,0.9999813937918387,5.370582244941033
9186,algoQD,91,376,0.9999813937918387,4.675298293004744
9187,algoQD,91,376,0.9999813937918387,4.809959920006804
9188,algoQD,91,376,0.9999813937918387,4.9378156659659
9189,algoQD,91,376,0.9999813937918387,4.85054480296094
9190,algoQD,91,376,0.9999813937918387,4.785120937041938
9191,algoQD,91,376,0.9999813937918387,4.931826789979823
9192,algoQD,91,376,0.9999813937918387,4.857927290024236
9193,algoQD,91,376,0.9999813937918387,4.98325358692091
9194,algoQD,91,376,0.9999813937918387,5.226151930983178
9195,algoQD,91,376,0.9999813937918387,4.754496673936956
9196,algoQD,91,376,0.9999813937918387,4.884460553061217
9197,algoQD,91,376,0.9999813937918387,4.672322730068117
9198,algoQD,91,376,0.9999813937918387,4.839391027926467
9199,algoQD,91,376,0.9999813937918387,4.982074560015462
9200,algoQD,92,376,0.9999813937918387,4.768822702928446
9201,algoQD,92,376,0.9999813937918387,4.871918176999316
9202,algoQD,92,376,0.9999813937918387,5.061527932994068
9203,algoQD,92,376,0.9999813937918387,4.8616457970347255
9204,algoQD,92,376,0.9999813937918387,4.678449106053449
9205,algoQD,92,376,0.9999813937918387,4.852709042024799
9206,algoQD,92,376,0.9999813937918387,5.189803251065314
9207,algoQD,92,376,0.9999813937918387,4.616314567043446
9208,algoQD,92,376,0.9999813937918387,4.966868570074439
9209,algoQD,92,376,0.9999813937918387,4.370392250013538
9210,algoQD,92,376,0.9999813937918387,4.402305337018333
9211,algoQD,92,376,0.9999813937918387,4.948460718034767
9212,algoQD,92,376,0.9999813937918387,4.923232260975055
9213,algoQD,92,376,0.9999813937918387,4.909602839034051
9214,algoQD,92,376,0.9999813937918387,5.114335933001712
9215,algoQD,92,376,0.9999813937918387,5.165967385983095
9216,algoQD,92,376,0.9999813937918387,5.050457466044463
9217,algoQD,92,376,0.9999813937918387,4.961052970029414
9218,algoQD,92,376,0.9999813937918387,4.829595920047723
9219,algoQD,92,376,0.9999813937918387,4.912062957067974
9220,algoQD,92,376,0.9999813937918387,4.947247005999088
9221,algoQD,92,376,0.9999813937918387,4.643635367974639
9222,algoQD,92,376,0.9999813937918387,4.496759484987706
9223,algoQD,92,376,0.9999813937918387,4.88347460096702
9224,algoQD,92,376,0.9999813937918387,5.281728663947433
9225,algoQD,92,376,0.9999813937918387,4.896241391892545
9226,algoQD,92,376,0.9999813937918387,5.067280799965374
9227,algoQD,92,376,0.9999813937918387,5.030409478000365
9228,algoQD,92,376,0.9999813937918387,5.544033903046511
9229,algoQD,92,376,0.9999813937918387,4.864291468053125
9230,algoQD,92,376,0.9999813937918387,4.428033132920973
9231,algoQD,92,376,0.9999813937918387,4.691204768954776
9232,algoQD,92,376,0.9999813937918387,4.690874996944331
9233,algoQD,92,376,0.9999813937918387,5.069063929026015
9234,algoQD,92,376,0.9999813937918387,4.612119221943431
9235,algoQD,92,376,0.9999813937918387,4.753638357040472
9236,algoQD,92,376,0.9999813937918387,5.239902478992008
9237,algoQD,92,376,0.9999813937918387,4.223858110024594
9238,algoQD,92,376,0.9999813937918387,5.038791954983026
9239,algoQD,92,376,0.9999813937918387,4.84015644795727
9240,algoQD,92,376,0.9999813937918387,4.94641184899956
9241,algoQD,92,376,0.9999813937918387,5.0266701630316675
9242,algoQD,92,377,0.9999813937918387,5.156712174066342
9243,algoQD,92,377,0.9999813937918387,4.802208754932508
9244,algoQD,92,377,0.9999813937918387,4.951079548918642
9245,algoQD,92,377,0.9999813937918387,4.603846922982484
9246,algoQD,92,377,0.9999813937918387,4.979368643951602
9247,algoQD,92,377,0.9999813937918387,4.96836518694181
9248,algoQD,92,377,0.9999813937918387,4.562635009991936
9249,algoQD,92,377,0.9999813937918387,4.771878328057937
9250,algoQD,92,377,0.9999813937918387,4.380530725931749
9251,algoQD,92,377,0.9999813937918387,4.842361603979953
9252,algoQD,92,377,0.9999813937918387,4.847312897909433
9253,algoQD,92,377,0.9999813937918387,5.18213868397288
9254,algoQD,92,377,0.9999813937918387,4.787533427006565
9255,algoQD,92,377,0.9999813937918387,4.571118588093668
9256,algoQD,92,377,0.9999813937918387,4.788256492000073
9257,algoQD,92,377,0.9999813937918387,4.431122319074348
9258,algoQD,92,377,0.9999813937918387,4.490565726999193
9259,algoQD,92,377,0.9999813937918387,4.373168386053294
9260,algoQD,92,377,0.9999813937918387,4.5470607549650595
9261,algoQD,92,377,0.9999813937918387,5.034871646901593
9262,algoQD,92,377,0.9999813937918387,4.782813778962009
9263,algoQD,92,377,0.9999813937918387,5.130543854087591
9264,algoQD,92,377,0.9999813937918387,4.859440130996518
9265,algoQD,92,377,0.9999813937918387,4.471162657951936
9266,algoQD,92,377,0.9999813937918387,4.2278178909327835
9267,algoQD,92,377,0.9999813937918387,4.778813160024583
9268,algoQD,92,377,0.9999813937918387,4.877024904009886
9269,algoQD,92,377,0.9999813937918387,4.6419267079327255
9270,algoQD,92,377,0.9999813937918387,4.958568347035907
9271,algoQD,92,377,0.9999813937918387,4.488697778899223
9272,algoQD,92,377,0.9999813937918387,5.162551257060841
9273,algoQD,92,377,0.9999813937918387,4.361403399030678
9274,algoQD,92,377,0.9999813937918387,5.151512531912886
9275,algoQD,92,377,0.9999813937918387,5.019516839063726
9276,algoQD,92,377,0.9999813937918387,5.376144413952716
9277,algoQD,92,377,0.9999813937918387,4.563510834937915
9278,algoQD,92,377,0.9999813937918387,5.097697958000936
9279,algoQD,92,377,0.9999813937918387,4.14113428699784
9280,algoQD,92,377,0.9999813937918387,4.720477074966766
9281,algoQD,92,377,0.9999813937918387,4.8846161279361695
9282,algoQD,92,377,0.9999813937918387,5.013359615928493
9283,algoQD,92,377,0.9999813937918387,4.952423527021892
9284,algoQD,92,377,0.9999813937918387,5.014410699950531
9285,algoQD,92,377,0.9999813937918387,4.476198583026417
9286,algoQD,92,377,0.9999813937918387,4.852568328962661
9287,algoQD,92,377,0.9999813937918387,4.834917480009608
9288,algoQD,92,377,0.9999813937918387,4.684288203017786
9289,algoQD,92,377,0.9999813937918387,4.673469281988218
9290,algoQD,92,377,0.9999813937918387,4.869251720025204
9291,algoQD,92,377,0.9999813937918387,4.238979490008205
9292,algoQD,92,377,0.9999813937918387,5.043764369911514
9293,algoQD,92,377,0.9999813937918387,5.097715220064856
9294,algoQD,92,377,0.9999813937918387,4.817691453965381
9295,algoQD,92,378,0.9999813937918387,4.871454289997928
9296,algoQD,92,378,0.9999813937918387,4.897426088922657
9297,algoQD,92,378,0.9999813937918387,4.966609498951584
9298,algoQD,92,378,0.9999813937918387,4.2890269559575245
9299,algoQD,92,378,0.9999813937918387,4.871722055017017
9300,algoQD,93,378,0.9999813937918387,4.8184050030540675
9301,algoQD,93,378,0.9999813937918387,4.73480470397044
9302,algoQD,93,378,0.9999813937918387,4.920634305919521
9303,algoQD,93,378,0.9999813937918387,4.989739348995499
9304,algoQD,93,378,0.9999813937918387,4.747699677012861
9305,algoQD,93,378,0.9999813937918387,5.164774736971594
9306,algoQD,93,378,0.9999813937918387,5.0693253530189395
9307,algoQD,93,378,0.9999813937918387,4.9670474079903215
9308,algoQD,93,378,0.9999813937918387,4.863006197963841
9309,algoQD,93,378,0.9999813937918387,4.23735653294716
9310,algoQD,93,378,0.9999813937918387,4.597306465962902
9311,algoQD,93,378,0.9999813937918387,5.053100638906471
9312,algoQD,93,378,0.9999813937918387,5.130787865025923
9313,algoQD,93,378,0.9999813937918387,4.778966951067559
9314,algoQD,93,378,0.9999813937918387,4.932357033947483
9315,algoQD,93,378,0.9999813937918387,4.986926123034209
9316,algoQD,93,378,0.9999813937918387,4.996225894079544
9317,algoQD,93,378,0.9999813937918387,4.84530259098392
9318,algoQD,93,378,0.9999813937918387,4.926633283030242
9319,algoQD,93,378,0.9999813937918387,4.090090100071393
9320,algoQD,93,378,0.9999813937918387,4.762051902944222
9321,algoQD,93,378,0.9999813937918387,5.383326424052939
9322,algoQD,93,378,0.9999813937918387,5.014439977006987
9323,algoQD,93,378,0.9999813937918387,5.097848822013475
9324,algoQD,93,378,0.9999813937918387,4.410780676989816
9325,algoQD,93,378,0.9999813937918387,4.857990270946175
9326,algoQD,93,378,0.9999813937918387,4.81251727801282
9327,algoQD,93,378,0.9999813937918387,4.719947725068778
9328,algoQD,93,378,0.9999813937918387,4.870279569993727
9329,algoQD,93,378,0.9999813937918387,5.059291815967299
9330,algoQD,93,378,0.9999813937918387,5.132510840892792
9331,algoQD,93,378,0.9999813937918387,5.108822525944561
9332,algoQD,93,378,0.9999813937918387,4.740019836928695
9333,algoQD,93,378,0.9999813937918387,5.255430568009615
9334,algoQD,93,378,0.9999813937918387,4.616984935011715
9335,algoQD,93,378,0.9999813937918387,4.881406232947484
9336,algoQD,93,378,0.9999813937918387,4.881730404915288
9337,algoQD,93,378,0.9999813937918387,4.867968133999966
9338,algoQD,93,378,0.9999813937918387,5.245781264966354
9339,algoQD,93,378,0.9999813937918387,5.151460904045962
9340,algoQD,93,378,0.9999813937918387,5.0964193609543145
9341,algoQD,93,378,0.9999813937918387,5.152857822948135
9342,algoQD,93,378,0.9999813937918387,5.026428406010382
9343,algoQD,93,378,0.9999813937918387,4.870655009057373
9344,algoQD,93,378,0.9999813937918387,4.898766282014549
9345,algoQD,93,378,0.9999813937918387,4.90742921794299
9346,algoQD,93,378,0.9999813937918387,4.86281736206729
9347,algoQD,93,378,0.9999813937918387,4.947053410927765
9348,algoQD,93,378,0.9999813937918387,4.9119721229653805
9349,algoQD,93,378,0.9999813937918387,4.783808909007348
9350,algoQD,93,378,0.9999813937918387,4.898042863002047
9351,algoQD,93,378,0.9999813937918387,4.522300343960524
9352,algoQD,93,378,0.9999813937918387,4.894166230922565
9353,algoQD,93,378,0.9999813937918387,4.762860871036537
9354,algoQD,93,378,0.9999813937918387,4.81466186104808
9355,algoQD,93,378,0.9999813937918387,4.628505069995299
9356,algoQD,93,378,0.9999813937918387,4.793689155951142
9357,algoQD,93,378,0.9999813937918387,4.844749154988676
9358,algoQD,93,378,0.9999813937918387,4.76904651906807
9359,algoQD,93,378,0.9999813937918387,4.92850375501439
9360,algoQD,93,378,0.9999813937918387,4.995012791943736
9361,algoQD,93,378,0.9999813937918387,5.131016297964379
9362,algoQD,93,378,0.9999813937918387,4.33173470501788
9363,algoQD,93,378,0.9999813937918387,4.96019052201882
9364,algoQD,93,378,0.9999813937918387,5.061604334972799
9365,algoQD,93,378,0.9999813937918387,5.0228147089947015
9366,algoQD,93,378,0.9999813937918387,4.836319177062251
9367,algoQD,93,378,0.9999813937918387,4.7234132930170745
9368,algoQD,93,378,0.9999813937918387,5.190197419025935
9369,algoQD,93,378,0.9999813937918387,4.221769583993591
9370,algoQD,93,378,0.9999813937918387,4.823568667983636
9371,algoQD,93,378,0.9999813937918387,4.971969806938432
9372,algoQD,93,378,0.9999813937918387,4.121693157008849
9373,algoQD,93,378,0.9999813937918387,4.820709737017751
9374,algoQD,93,378,0.9999813937918387,4.738579235039651
9375,algoQD,93,378,0.9999813937918387,4.274963384028524
9376,algoQD,93,378,0.9999813937918387,4.968971672002226
9377,algoQD,93,378,0.9999813937918387,4.726359028951265
9378,algoQD,93,378,0.9999813937918387,4.867905345978215
9379,algoQD,93,378,0.9999813937918387,5.190975419944152
9380,algoQD,93,378,0.9999813937918387,4.753453258075751
9381,algoQD,93,378,0.9999813937918387,5.116766303079203
9382,algoQD,93,378,0.9999813937918387,4.494723754003644
9383,algoQD,93,378,0.9999813937918387,4.696883036987856
9384,algoQD,93,378,0.9999813937918387,4.4254939360544086
9385,algoQD,93,378,0.9999813937918387,5.145123640890233
9386,algoQD,93,378,0.9999813937918387,4.265035668038763
9387,algoQD,93,378,0.9999813937918387,5.010597325977869
9388,algoQD,93,378,0.9999813937918387,5.239309489028528
9389,algoQD,93,378,0.9999813937918387,4.777813832042739
9390,algoQD,93,378,0.9999813937918387,4.989779025083408
9391,algoQD,93,378,0.9999813937918387,4.856686408049427
9392,algoQD,93,378,0.9999813937918387,3.9822346259607
9393,algoQD,93,378,0.9999813937918387,4.944391622906551
9394,algoQD,93,378,0.9999813937918387,4.402825447963551
9395,algoQD,93,378,0.9999813937918387,4.858411918976344
9396,algoQD,93,378,0.9999813937918387,4.949337986065075
9397,algoQD,93,378,0.9999813937918387,5.027084274915978
9398,algoQD,93,378,0.9999813937918387,4.847272271988913
9399,algoQD,93,378,0.9999813937918387,4.265672891982831
9400,algoQD,94,378,0.9999813937918387,4.407676142058335
9401,algoQD,94,378,0.9999813937918387,4.872306330013089
9402,algoQD,94,378,0.9999813937918387,5.006155043025501
9403,algoQD,94,378,0.9999813937918387,4.70660096895881
9404,algoQD,94,378,0.9999813937918387,5.008137698983774
9405,algoQD,94,378,0.9999813937918387,4.728576636989601
9406,algoQD,94,378,0.9999813937918387,4.272367118974216
9407,algoQD,94,378,0.9999813937918387,4.662166656926274
9408,algoQD,94,378,0.9999813937918387,4.820488158962689
9409,algoQD,94,378,0.9999813937918387,4.883902178960852
9410,algoQD,94,378,0.9999813937918387,4.827900342992507
9411,algoQD,94,379,0.9999813937918387,5.039534877985716
9412,algoQD,94,379,0.9999813937918387,4.947410746011883
9413,algoQD,94,379,0.9999813937918387,4.6403509909287095
9414,algoQD,94,379,0.9999813937918387,5.021867691073567
9415,algoQD,94,379,0.9999813937918387,5.003918427973986
9416,algoQD,94,379,0.9999813937918387,4.932572170975618
9417,algoQD,94,379,0.9999813937918387,5.200639666989446
9418,algoQD,94,379,0.9999813937918387,5.134977801004425
9419,algoQD,94,379,0.9999813937918387,5.289821079932153
9420,algoQD,94,379,0.9999813937918387,5.1158450829098
9421,algoQD,94,379,0.9999813937918387,4.840317251975648
9422,algoQD,94,379,0.9999813937918387,4.170466566924006
9423,algoQD,94,379,0.9999813937918387,4.637258848990314
9424,algoQD,94,379,0.9999813937918387,4.880954099004157
9425,algoQD,94,379,0.9999813937918387,4.544698912999593
9426,algoQD,94,379,0.9999813937918387,4.948742011911236
9427,algoQD,94,379,0.9999813937918387,4.8388948540668935
9428,algoQD,94,379,0.9999813937918387,5.008012713049538
9429,algoQD,94,379,0.9999813937918387,4.796466703992337
9430,algoQD,94,379,0.9999813937918387,4.279709231923334
9431,algoQD,94,379,0.9999813937918387,5.033771298942156
9432,algoQD,94,379,0.9999813937918387,4.970193610992283
9433,algoQD,94,379,0.9999813937918387,4.624387549934909
9434,algoQD,94,379,0.9999813937918387,5.073668838944286
9435,algoQD,94,379,0.9999813937918387,4.866049468051642
9436,algoQD,94,379,0.9999813937918387,4.777106916997582
9437,algoQD,94,379,0.9999813937918387,4.784870253992267
9438,algoQD,94,379,0.9999813937918387,4.84156702994369
9439,algoQD,94,379,0.9999813937918387,4.50659672904294
9440,algoQD,94,379,0.9999813937918387,4.648246415075846
9441,algoQD,94,379,0.9999813937918387,4.509921940974891
9442,algoQD,94,379,0.9999813937918387,4.921059553977102
9443,algoQD,94,379,0.9999813937918387,4.33056933991611
9444,algoQD,94,379,0.9999813937918387,4.803773651947267
9445,algoQD,94,379,0.9999813937918387,5.077299037016928
9446,algoQD,94,379,0.9999813937918387,4.829609252978116
9447,algoQD,94,379,0.9999813937918387,4.407254055025987
9448,algoQD,94,379,0.9999813937918387,4.88583846995607
9449,algoQD,94,379,0.9999813937918387,5.021893996978179
9450,algoQD,94,379,0.9999813937918387,5.097133892006241
9451,algoQD,94,379,0.9999813937918387,5.079473754973151
9452,algoQD,94,379,0.9999813937918387,5.05863798991777
9453,algoQD,94,379,0.9999813937918387,5.316248556948267
9454,algoQD,94,379,0.9999813937918387,4.961243698024191
9455,algoQD,94,379,0.9999813937918387,4.5316020409809425
9456,algoQD,94,379,0.9999813937918387,5.054602273972705
9457,algoQD,94,379,0.9999813937918387,4.806430922006257
9458,algoQD,94,379,0.9999813937918387,5.046867560013197
9459,algoQD,94,379,0.9999813937918387,5.160942107904702
9460,algoQD,94,379,0.9999813937918387,4.351552363950759
9461,algoQD,94,379,0.9999813937918387,4.67675937502645
9462,algoQD,94,379,0.9999813937918387,4.526246121968143
9463,algoQD,94,379,0.9999813937918387,4.740292340982705
9464,algoQD,94,379,0.9999813937918387,4.3474547730293125
9465,algoQD,94,379,0.9999813937918387,4.78912881098222
9466,algoQD,94,379,0.9999813937918387,4.40501716802828
9467,algoQD,94,379,0.9999813937918387,4.908557293005288
9468,algoQD,94,379,0.9999813937918387,4.974022630020045
9469,algoQD,94,379,0.9999813937918387,4.862533578998409
9470,algoQD,94,379,0.9999813937918387,4.721882609999739
9471,algoQD,94,379,0.9999813937918387,4.986360342008993
9472,algoQD,94,379,0.9999813937918387,4.9811269929632545
9473,algoQD,94,379,0.9999813937918387,4.8713132669217885
9474,algoQD,94,379,0.9999813937918387,5.116122688981704
9475,algoQD,94,379,0.9999813937918387,4.909603349980898
9476,algoQD,94,379,0.9999813937918387,4.592684017959982
9477,algoQD,94,379,0.9999813937918387,4.958985561970621
9478,algoQD,94,379,0.9999813937918387,4.879366492968984
9479,algoQD,94,379,0.9999813937918387,4.915012200945057
9480,algoQD,94,379,0.9999813937918387,4.967177849961445
9481,algoQD,94,379,0.9999813937918387,5.122000414063223
9482,algoQD,94,379,0.9999813937918387,4.964142623008229
9483,algoQD,94,379,0.9999813937918387,4.60607273504138
9484,algoQD,94,379,0.9999813937918387,5.095172927016392
9485,algoQD,94,379,0.9999813937918387,4.631128002074547
9486,algoQD,94,379,0.9999813937918387,5.152833197964355
9487,algoQD,94,379,0.9999813937918387,4.752882478991523
9488,algoQD,94,379,0.9999813937918387,4.856602793908678
9489,algoQD,94,379,0.9999813937918387,4.372289063059725
9490,algoQD,94,379,0.9999813937918387,4.711000869981945
9491,algoQD,94,379,0.9999813937918387,5.131012310972437
9492,algoQD,94,379,0.9999813937918387,4.704027123982087
9493,algoQD,94,379,0.9999813937918387,4.613585226936266
9494,algoQD,94,379,0.9999813937918387,4.658545934013091
9495,algoQD,94,379,0.9999813937918387,4.4054683309514076
9496,algoQD,94,379,0.9999813937918387,4.99041540408507
9497,algoQD,94,379,0.9999813937918387,4.835371321998537
9498,algoQD,94,379,0.9999813937918387,5.044152893009596
9499,algoQD,94,379,0.9999813937918387,4.612238051951863
9500,algoQD,95,379,0.9999813937918387,5.415783051983453
9501,algoQD,95,379,0.9999813937918387,5.167544352938421
9502,algoQD,95,379,0.9999813937918387,4.449579232023098
9503,algoQD,95,379,0.9999813937918387,4.636042207013816
9504,algoQD,95,379,0.9999813937918387,4.679660617024638
9505,algoQD,95,379,0.9999813937918387,4.971472483011894
9506,algoQD,95,379,0.9999813937918387,4.757905328995548
9507,algoQD,95,379,0.9999813937918387,4.153279997990467
9508,algoQD,95,379,0.9999813937918387,4.786579704959877
9509,algoQD,95,379,0.9999813937918387,4.672604886931367
9510,algoQD,95,379,0.9999813937918387,4.8545918728923425
9511,algoQD,95,379,0.9999813937918387,4.847573695005849
9512,algoQD,95,379,0.9999813937918387,4.885447059990838
9513,algoQD,95,379,0.9999813937918387,4.914925124961883
9514,algoQD,95,379,0.9999813937918387,4.660927784978412
9515,algoQD,95,379,0.9999813937918387,4.443404766032472
9516,algoQD,95,379,0.9999813937918387,4.566038333927281
9517,algoQD,95,379,0.9999813937918387,5.1678324460517615
9518,algoQD,95,379,0.9999813937918387,4.795133567065932
9519,algoQD,95,379,0.9999813937918387,4.169214603025466
9520,algoQD,95,379,0.9999813937918387,4.53282903903164
9521,algoQD,95,379,0.9999813937918387,4.679165491950698
9522,algoQD,95,379,0.9999813937918387,4.912416775943711
9523,algoQD,95,379,0.9999813937918387,4.916109703946859
9524,algoQD,95,379,0.9999813937918387,4.869269613060169
9525,algoQD,95,379,0.9999813937918387,4.995279200025834
9526,algoQD,95,379,0.9999813937918387,4.765797025989741
9527,algoQD,95,379,0.9999813937918387,4.85134927299805
9528,algoQD,95,379,0.9999813937918387,4.105543090030551
9529,algoQD,95,379,0.9999813937918387,4.33902011194732
9530,algoQD,95,379,0.9999813937918387,3.9100352040259168
9531,algoQD,95,379,0.9999813937918387,4.695563432993367
9532,algoQD,95,379,0.9999813937918387,4.928977363975719
9533,algoQD,95,379,0.9999813937918387,4.573418283020146
9534,algoQD,95,379,0.9999813937918387,4.688461345038377
9535,algoQD,95,379,0.9999813937918387,3.854832098004408
9536,algoQD,95,379,0.9999813937918387,4.50971680006478
9537,algoQD,95,379,0.9999813937918387,4.913053900934756
9538,algoQD,95,379,0.9999813937918387,4.431667902041227
9539,algoQD,95,379,0.9999813937918387,4.882290749927051
9540,algoQD,95,379,0.9999813937918387,4.57342422392685
9541,algoQD,95,379,0.9999813937918387,4.946793735027313
9542,algoQD,95,379,0.9999813937918387,5.054160886909813
9543,algoQD,95,379,0.9999813937918387,5.048206458101049
9544,algoQD,95,379,0.9999813937918387,4.847034430014901
9545,algoQD,95,379,0.9999813937918387,5.016188974957913
9546,algoQD,95,379,0.9999813937918387,4.863040519994684
9547,algoQD,95,379,0.9999813937918387,4.766564966994338
9548,algoQD,95,379,0.9999813937918387,4.653364066034555
9549,algoQD,95,379,0.9999813937918387,4.937662353971973
9550,algoQD,95,379,0.9999813937918387,4.686769147985615
9551,algoQD,95,379,0.9999813937918387,4.505845147068612
9552,algoQD,95,379,0.9999813937918387,4.676766570075415
9553,algoQD,95,379,0.9999813937918387,4.965813520015217
9554,algoQD,95,379,0.9999813937918387,4.605798789998516
9555,algoQD,95,379,0.9999813937918387,4.690461574005894
9556,algoQD,95,379,0.9999813937918387,5.232969522010535
9557,algoQD,95,379,0.9999813937918387,3.9492219699313864
9558,algoQD,95,379,0.9999813937918387,4.72587497101631
9559,algoQD,95,379,0.9999813937918387,4.528481864952482
9560,algoQD,95,379,0.9999813937918387,4.153899360913783
9561,algoQD,95,379,0.9999813937918387,4.595234649954364
9562,algoQD,95,379,0.9999813937918387,4.276521892985329
9563,algoQD,95,379,0.9999813937918387,4.887352582067251
9564,algoQD,95,379,0.9999813937918387,4.650891665020026
9565,algoQD,95,379,0.9999813937918387,4.496056112111546
9566,algoQD,95,379,0.9999813937918387,4.394606200046837
9567,algoQD,95,379,0.9999813937918387,4.677998707978986
9568,algoQD,95,379,0.9999813937918387,4.6143793620867655
9569,algoQD,95,379,0.9999813937918387,4.591788358986378
9570,algoQD,95,379,0.9999813937918387,4.603468636982143
9571,algoQD,95,379,0.9999813937918387,4.631232149899006
9572,algoQD,95,379,0.9999813937918387,4.68995258200448
9573,algoQD,95,379,0.9999813937918387,4.793332961038686
9574,algoQD,95,379,0.9999813937918387,4.427431007963605
9575,algoQD,95,379,0.9999813937918387,4.858009896008298
9576,algoQD,95,379,0.9999813937918387,4.723931699059904
9577,algoQD,95,379,0.9999813937918387,4.422700330032967
9578,algoQD,95,379,0.9999813937918387,4.70925277704373
9579,algoQD,95,379,0.9999813937918387,4.846507263020612
9580,algoQD,95,379,0.9999813937918387,4.7740703070303425
9581,algoQD,95,379,0.9999813937918387,4.468375413911417
9582,algoQD,95,379,0.9999813937918387,5.02916799695231
9583,algoQD,95,379,0.9999813937918387,4.80766708299052
9584,algoQD,95,379,0.9999813937918387,5.002395846997388
9585,algoQD,95,379,0.9999813937918387,4.833689036080614
9586,algoQD,95,379,0.9999813937918387,5.01383574004285
9587,algoQD,95,379,0.9999813937918387,4.976734452997334
9588,algoQD,95,379,0.9999813937918387,4.760221312986687
9589,algoQD,95,379,0.9999813937918387,4.62537928391248
9590,algoQD,95,379,0.9999813937918387,3.933221988962032
9591,algoQD,95,379,0.9999813937918387,4.5030570978997275
9592,algoQD,95,379,0.9999813937918387,4.5718332880642265
9593,algoQD,95,379,0.9999813937918387,4.269738395931199
9594,algoQD,95,379,0.9999813937918387,4.567608244949952
9595,algoQD,95,379,0.9999813937918387,4.845101427985355
9596,algoQD,95,379,0.9999813937918387,4.324373428942636
9597,algoQD,95,379,0.9999813937918387,4.894911192939617
9598,algoQD,95,379,0.9999813937918387,4.673464361927472
9599,algoQD,95,379,0.9999813937918387,4.910192676004954
9600,algoQD,96,379,0.9999813937918387,4.811895281076431
9601,algoQD,96,379,0.9999813937918387,4.636496327002533
9602,algoQD,96,379,0.9999813937918387,4.67184008192271
9603,algoQD,96,379,0.9999813937918387,4.662797849043272
9604,algoQD,96,379,0.9999813937918387,4.791096896980889
9605,algoQD,96,379,0.9999813937918387,4.708674113964662
9606,algoQD,96,379,0.9999813937918387,4.84949494805187
9607,algoQD,96,379,0.9999813937918387,4.40367771894671
9608,algoQD,96,379,0.9999813937918387,4.913466269965284
9609,algoQD,96,379,0.9999813937918387,5.004282450070605
9610,algoQD,96,379,0.9999813937918387,4.156141416053288
9611,algoQD,96,379,0.9999813937918387,4.748910031979904
9612,algoQD,96,379,0.9999813937918387,4.440140408929437
9613,algoQD,96,379,0.9999813937918387,4.945827980991453
9614,algoQD,96,379,0.9999813937918387,4.460706193931401
9615,algoQD,96,379,0.9999813937918387,4.81234893691726
9616,algoQD,96,379,0.9999813937918387,4.703251147991978
9617,algoQD,96,379,0.9999813937918387,4.598519716993906
9618,algoQD,96,379,0.9999813937918387,4.789381695911288
9619,algoQD,96,379,0.9999813937918387,4.269492232007906
9620,algoQD,96,379,0.9999813937918387,4.700134549057111
9621,algoQD,96,379,0.9999813937918387,4.5914390900870785
9622,algoQD,96,379,0.9999813937918387,4.477754575083964
9623,algoQD,96,379,0.9999813937918387,4.970781557029113
9624,algoQD,96,379,0.9999813937918387,4.415541392983869
9625,algoQD,96,379,0.9999813937918387,4.289384984993376
9626,algoQD,96,379,0.9999813937918387,4.877337401965633
9627,algoQD,96,379,0.9999813937918387,4.508483401034027
9628,algoQD,96,379,0.9999813937918387,4.9818321850616485
9629,algoQD,96,379,0.9999813937918387,4.157167655066587
9630,algoQD,96,379,0.9999813937918387,4.050206321990117
9631,algoQD,96,379,0.9999813937918387,4.721217061043717
9632,algoQD,96,379,0.9999813937918387,4.085294533986598
9633,algoQD,96,379,0.9999813937918387,4.652790000080131
9634,algoQD,96,379,0.9999813937918387,4.617101281066425
9635,algoQD,96,379,0.9999813937918387,4.88111049705185
9636,algoQD,96,379,0.9999813937918387,4.392877776059322
9637,algoQD,96,379,0.9999813937918387,4.6981769669801
9638,algoQD,96,379,0.9999813937918387,4.913368215085939
9639,algoQD,96,379,0.9999813937918387,5.01655869896058
9640,algoQD,96,379,0.9999813937918387,4.492929651052691
9641,algoQD,96,379,0.9999813937918387,4.902726266998798
9642,algoQD,96,379,0.9999813937918387,4.975482170004398
9643,algoQD,96,379,0.9999813937918387,4.714247312047519
9644,algoQD,96,379,0.9999813937918387,4.436991472961381
9645,algoQD,96,379,0.9999813937918387,4.804124291986227
9646,algoQD,96,379,0.9999813937918387,4.235884967958555
9647,algoQD,96,379,0.9999813937918387,4.637440663995221
9648,algoQD,96,379,0.9999813937918387,5.078340357984416
9649,algoQD,96,379,0.9999813937918387,4.986908197985031
9650,algoQD,96,379,0.9999813937918387,4.190946763032116
9651,algoQD,96,379,0.9999813937918387,4.828201051917858
9652,algoQD,96,379,0.9999813937918387,4.703690084978007
9653,algoQD,96,379,0.9999813937918387,4.962741588009521
9654,algoQD,96,379,0.9999813937918387,4.783209557062946
9655,algoQD,96,379,0.9999813937918387,4.622662583948113
9656,algoQD,96,379,0.9999813937918387,4.5646179249743
9657,algoQD,96,379,0.9999813937918387,4.837940644007176
9658,algoQD,96,379,0.9999813937918387,4.384376714006066
9659,algoQD,96,379,0.9999813937918387,4.685490328934975
9660,algoQD,96,379,0.9999813937918387,4.283772736904211
9661,algoQD,96,379,0.9999813937918387,4.676714116940275
9662,algoQD,96,379,0.9999813937918387,4.8825186679605395
9663,algoQD,96,379,0.9999813937918387,4.796358419931494
9664,algoQD,96,379,0.9999813937918387,4.964953267015517
9665,algoQD,96,379,0.9999813937918387,4.716281664907001
9666,algoQD,96,379,0.9999813937918387,4.586261007934809
9667,algoQD,96,379,0.9999813937918387,4.8956013639690354
9668,algoQD,96,379,0.9999813937918387,4.346088032936677
9669,algoQD,96,379,0.9999813937918387,4.655184659990482
9670,algoQD,96,379,0.9999813937918387,4.848276741919108
9671,algoQD,96,379,0.9999813937918387,4.735813427949324
9672,algoQD,96,379,0.9999813937918387,4.519763398915529
9673,algoQD,96,379,0.9999813937918387,4.677838349947706
9674,algoQD,96,379,0.9999813937918387,4.516897855093703
9675,algoQD,96,379,0.9999813937918387,4.068862020969391
9676,algoQD,96,379,0.9999813937918387,4.996392557048239
9677,algoQD,96,379,0.9999813937918387,4.636814472032711
9678,algoQD,96,379,0.9999813937918387,5.021675815922208
9679,algoQD,96,379,0.9999813937918387,4.437989448080771
9680,algoQD,96,379,0.9999813937918387,4.624652193975635
9681,algoQD,96,379,0.9999813937918387,4.893293165951036
9682,algoQD,96,379,0.9999813937918387,5.1140810860088095
9683,algoQD,96,379,0.9999813937918387,4.742878035991453
9684,algoQD,96,379,0.9999813937918387,4.762079293956049
9685,algoQD,96,379,0.9999813937918387,4.691180548979901
9686,algoQD,96,379,0.9999813937918387,4.280238298000768
9687,algoQD,96,379,0.9999813937918387,4.2629750409396365
9688,algoQD,96,379,0.9999813937918387,5.061540105030872
9689,algoQD,96,379,0.9999813937918387,4.830917505081743
9690,algoQD,96,379,0.9999813937918387,4.696085487026721
9691,algoQD,96,379,0.9999813937918387,4.6097532730782405
9692,algoQD,96,379,0.9999813937918387,4.448437939048745
9693,algoQD,96,379,0.9999813937918387,4.572553739999421
9694,algoQD,96,379,0.9999813937918387,4.862213303917088
9695,algoQD,96,379,0.9999813937918387,4.697493938961998
9696,algoQD,96,379,0.9999813937918387,4.56267390307039
9697,algoQD,96,379,0.9999813937918387,4.543414816027507
9698,algoQD,96,379,0.9999813937918387,4.456774328951724
9699,algoQD,96,379,0.9999813937918387,3.9355710640084
9700,algoQD,97,379,0.9999813937918387,4.556596009992063
9701,algoQD,97,379,0.9999813937918387,4.674866455956362
9702,algoQD,97,379,0.9999813937918387,4.607669787015766
9703,algoQD,97,379,0.9999813937918387,4.8640859021106735
9704,algoQD,97,379,0.9999813937918387,4.83914516994264
9705,algoQD,97,379,0.9999813937918387,4.8937776199309155
9706,algoQD,97,379,0.9999813937918387,4.795381444040686
9707,algoQD,97,379,0.9999813937918387,4.638341818004847
9708,algoQD,97,379,0.9999813937918387,4.716639801044948
9709,algoQD,97,379,0.9999813937918387,4.7265934069873765
9710,algoQD,97,379,0.9999813937918387,4.882029174012132
9711,algoQD,97,379,0.9999813937918387,5.083086525090039
9712,algoQD,97,379,0.9999813937918387,4.707769102067687
9713,algoQD,97,379,0.9999813937918387,4.668592702015303
9714,algoQD,97,379,0.9999813937918387,4.75736245198641
9715,algoQD,97,379,0.9999813937918387,4.960563672939315
9716,algoQD,97,379,0.9999813937918387,4.7524380589602515
9717,algoQD,97,379,0.9999813937918387,4.59906999906525
9718,algoQD,97,379,0.9999813937918387,4.824447228922509
9719,algoQD,97,379,0.9999813937918387,4.5489619160071015
9720,algoQD,97,379,0.9999813937918387,4.674819167936221
9721,algoQD,97,379,0.9999813937918387,4.709078215062618
9722,algoQD,97,379,0.9999813937918387,4.992409250931814
9723,algoQD,97,379,0.9999813937918387,4.860465802019462
9724,algoQD,97,379,0.9999813937918387,4.6497903290437534
9725,algoQD,97,379,0.9999813937918387,4.558907738071866
9726,algoQD,97,379,0.9999813937918387,4.72468993999064
9727,algoQD,97,380,0.9999813937918387,4.803285948000848
9728,algoQD,97,380,0.9999813937918387,4.697431449079886
9729,algoQD,97,380,0.9999813937918387,4.601304980926216
9730,algoQD,97,380,0.9999813937918387,4.672995912027545
9731,algoQD,97,380,0.9999813937918387,4.591841040994041
9732,algoQD,97,380,0.9999813937918387,4.7030613160459325
9733,algoQD,97,380,0.9999813937918387,4.505224870983511
9734,algoQD,97,380,0.9999813937918387,4.871556967031211
9735,algoQD,97,380,0.9999813937918387,4.863714621053077
9736,algoQD,97,380,0.9999813937918387,4.7772983179893345
9737,algoQD,97,380,0.9999813937918387,4.600578188081272
9738,algoQD,97,380,0.9999813937918387,4.155702244024724
9739,algoQD,97,380,0.9999813937918387,4.286388659034856
9740,algoQD,97,380,0.9999813937918387,4.844237201032229
9741,algoQD,97,380,0.9999813937918387,4.061160739976913
9742,algoQD,97,380,0.9999813937918387,4.7954501720378175
9743,algoQD,97,380,0.9999813937918387,4.673733775969595
9744,algoQD,97,380,0.9999813937918387,4.751832755981013
9745,algoQD,97,380,0.9999813937918387,4.695951072964817
9746,algoQD,97,380,0.9999813937918387,4.720958131947555
9747,algoQD,97,380,0.9999813937918387,4.279928071075119
9748,algoQD,97,380,0.9999813937918387,4.793245740002021
9749,algoQD,97,380,0.9999813937918387,4.584342885063961
9750,algoQD,97,380,0.9999813937918387,4.887656557955779
9751,algoQD,97,380,0.9999813937918387,4.289566442021169
9752,algoQD,97,380,0.9999813937918387,4.5987415390554816
9753,algoQD,97,380,0.9999813937918387,4.369328172993846
9754,algoQD,97,380,0.9999813937918387,4.7432364439591765
9755,algoQD,97,380,0.9999813937918387,4.623781477916054
9756,algoQD,97,380,0.9999813937918387,4.808523296029307
9757,algoQD,97,380,0.9999813937918387,4.359761386993341
9758,algoQD,97,380,0.9999813937918387,4.900436405092478
9759,algoQD,97,380,0.9999813937918387,5.031483628903516
9760,algoQD,97,380,0.9999813937918387,4.633707982953638
9761,algoQD,97,380,0.9999813937918387,4.3952204319648445
9762,algoQD,97,380,0.9999813937918387,4.579941187985241
9763,algoQD,97,380,0.9999813937918387,4.639018959016539
9764,algoQD,97,380,0.9999813937918387,4.751963554066606
9765,algoQD,97,380,0.9999813937918387,4.672024869010784
9766,algoQD,97,380,0.9999813937918387,4.90358521300368
9767,algoQD,97,380,0.9999813937918387,4.4047808550531045
9768,algoQD,97,380,0.9999813937918387,4.775788647937588
9769,algoQD,97,380,0.9999813937918387,4.731780839967541
9770,algoQD,97,380,0.9999813937918387,4.730783786042593
9771,algoQD,97,380,0.9999813937918387,4.843151000095531
9772,algoQD,97,380,0.9999813937918387,4.778517303057015
9773,algoQD,97,380,0.9999813937918387,4.96061741898302
9774,algoQD,97,380,0.9999813937918387,4.523382137063891
9775,algoQD,97,380,0.9999813937918387,4.855683548026718
9776,algoQD,97,380,0.9999813937918387,4.636428814032115
9777,algoQD,97,380,0.9999813937918387,5.07023046805989
9778,algoQD,97,380,0.9999813937918387,4.265870402916335
9779,algoQD,97,380,0.9999813937918387,4.615169718977995
9780,algoQD,97,380,0.9999813937918387,4.8219349349383265
9781,algoQD,97,380,0.9999813937918387,4.345942617976107
9782,algoQD,97,380,0.9999813937918387,3.946180628030561
9783,algoQD,97,380,0.9999813937918387,5.032472088932991
9784,algoQD,97,380,0.9999813937918387,4.314887483022176
9785,algoQD,97,380,0.9999813937918387,4.266889296937734
9786,algoQD,97,380,0.9999813937918387,4.669635435100645
9787,algoQD,97,380,0.9999813937918387,4.778176720021293
9788,algoQD,97,380,0.9999813937918387,5.011615121969953
9789,algoQD,97,380,0.9999813937918387,4.881172797060572
9790,algoQD,97,380,0.9999813937918387,4.751813278067857
9791,algoQD,97,380,0.9999813937918387,4.853981142048724
9792,algoQD,97,380,0.9999813937918387,4.6216239728964865
9793,algoQD,97,380,0.9999813937918387,4.923604216077365
9794,algoQD,97,380,0.9999813937918387,4.197056486969814
9795,algoQD,97,380,0.9999813937918387,4.989801628049463
9796,algoQD,97,380,0.9999813937918387,4.7392269590636715
9797,algoQD,97,380,0.9999813937918387,4.774586996994913
9798,algoQD,97,380,0.9999813937918387,4.6656169729540125
9799,algoQD,97,380,0.9999813937918387,5.078713516006246
9800,algoQD,98,380,0.9999813937918387,3.9107445559930056
9801,algoQD,98,380,0.9999813937918387,4.3967259069904685
9802,algoQD,98,380,0.9999813937918387,4.934822671930306
9803,algoQD,98,380,0.9999813937918387,4.78288093698211
9804,algoQD,98,380,0.9999813937918387,4.429246210027486
9805,algoQD,98,380,0.9999813937918387,4.646466800011694
9806,algoQD,98,380,0.9999813937918387,4.203848397941329
9807,algoQD,98,380,0.9999813937918387,4.792677708086558
9808,algoQD,98,380,0.9999813937918387,4.570492165978067
9809,algoQD,98,380,0.9999813937918387,4.576676300028339
9810,algoQD,98,380,0.9999813937918387,5.081174524966627
9811,algoQD,98,380,0.9999813937918387,5.0917358989827335
9812,algoQD,98,380,0.9999813937918387,4.233651207992807
9813,algoQD,98,380,0.9999813937918387,4.858127977000549
9814,algoQD,98,380,0.9999813937918387,4.80497945996467
9815,algoQD,98,380,0.9999813937918387,4.938078003004193
9816,algoQD,98,380,0.9999813937918387,4.856177811976522
9817,algoQD,98,380,0.9999813937918387,4.542772672954015
9818,algoQD,98,380,0.9999813937918387,4.8950754650868475
9819,algoQD,98,380,0.9999813937918387,4.399108477984555
9820,algoQD,98,380,0.9999813937918387,5.068497375003062
9821,algoQD,98,380,0.9999813937918387,4.707731632981449
9822,algoQD,98,380,0.9999813937918387,4.2076482670381665
9823,algoQD,98,380,0.9999813937918387,4.484066486009397
9824,algoQD,98,380,0.9999813937918387,4.4541287020547315
9825,algoQD,98,380,0.9999813937918387,4.922297377954237
9826,algoQD,98,380,0.9999813937918387,5.054580600000918
9827,algoQD,98,380,0.9999813937918387,4.513947784085758
9828,algoQD,98,380,0.9999813937918387,4.786413963069208
9829,algoQD,98,380,0.9999813937918387,4.342860735021532
9830,algoQD,98,380,0.9999813937918387,4.408252564026043
9831,algoQD,98,380,0.9999813937918387,4.350141772069037
9832,algoQD,98,380,0.9999813937918387,4.41309587599244
9833,algoQD,98,380,0.9999813937918387,4.8150274539366364
9834,algoQD,98,380,0.9999813937918387,4.903137197019532
9835,algoQD,98,380,0.9999813937918387,4.517103253980167
9836,algoQD,98,380,0.9999813937918387,4.675735359080136
9837,algoQD,98,380,0.9999813937918387,4.630497085978277
9838,algoQD,98,380,0.9999813937918387,4.658517848001793
9839,algoQD,98,380,0.9999813937918387,4.846606650040485
9840,algoQD,98,380,0.9999813937918387,4.757525671971962
9841,algoQD,98,380,0.9999813937918387,4.004794833017513
9842,algoQD,98,380,0.9999813937918387,4.109329667058773
9843,algoQD,98,380,0.9999813937918387,4.891761735081673
9844,algoQD,98,380,0.9999813937918387,4.599015727988444
9845,algoQD,98,380,0.9999813937918387,4.983832409023307
9846,algoQD,98,380,0.9999813937918387,3.8756775109795853
9847,algoQD,98,380,0.9999813937918387,4.942963924026117
9848,algoQD,98,380,0.9999813937918387,4.497946360032074
9849,algoQD,98,380,0.9999813937918387,4.540042786044069
9850,algoQD,98,380,0.9999813937918387,4.73833275900688
9851,algoQD,98,380,0.9999813937918387,4.6342956949956715
9852,algoQD,98,380,0.9999813937918387,4.828752595931292
9853,algoQD,98,380,0.9999813937918387,4.65123328496702
9854,algoQD,98,380,0.9999813937918387,4.6394116500159726
9855,algoQD,98,380,0.9999813937918387,3.9991907050134614
9856,algoQD,98,380,0.9999813937918387,4.749103790032677
9857,algoQD,98,380,0.9999813937918387,4.564667591941543
9858,algoQD,98,380,0.9999813937918387,4.5939624309539795
9859,algoQD,98,380,0.9999813937918387,4.806431884993799
9860,algoQD,98,380,0.9999813937918387,4.617171532008797
9861,algoQD,98,380,0.9999813937918387,4.542656593956053
9862,algoQD,98,380,0.9999813937918387,4.455792875960469
9863,algoQD,98,380,0.9999813937918387,5.189176411018707
9864,algoQD,98,380,0.9999813937918387,4.799372485955246
9865,algoQD,98,380,0.9999813937918387,4.857613354921341
9866,algoQD,98,380,0.9999813937918387,4.475090365973301
9867,algoQD,98,380,0.9999813937918387,4.815452608047053
9868,algoQD,98,380,0.9999813937918387,4.923516390030272
9869,algoQD,98,380,0.9999813937918387,4.962396260001697
9870,algoQD,98,380,0.9999813937918387,4.396264574956149
9871,algoQD,98,380,0.9999813937918387,5.267592268064618
9872,algoQD,98,380,0.9999813937918387,4.780799304018728
9873,algoQD,98,380,0.9999813937918387,4.295027059968561
9874,algoQD,98,380,0.9999813937918387,4.595710202003829
9875,algoQD,98,380,0.9999813937918387,4.886468102922663
9876,algoQD,98,380,0.9999813937918387,4.72386018501129
9877,algoQD,98,380,0.9999813937918387,4.768900663009845
9878,algoQD,98,380,0.9999813937918387,4.941959296003915
9879,algoQD,98,380,0.9999813937918387,5.034806858981028
9880,algoQD,98,380,0.9999813937918387,4.879319455940276
9881,algoQD,98,380,0.9999813937918387,4.6109310099855065
9882,algoQD,98,380,0.9999813937918387,4.90124370995909
9883,algoQD,98,380,0.9999813937918387,4.649008353007957
9884,algoQD,98,380,0.9999813937918387,4.688686628011055
9885,algoQD,98,380,0.9999813937918387,4.380925853969529
9886,algoQD,98,381,0.9999813937918387,4.826861013076268
9887,algoQD,98,381,0.9999813937918387,4.0419077220140025
9888,algoQD,98,381,0.9999813937918387,4.6915296310326084
9889,algoQD,98,381,0.9999813937918387,4.669268943020143
9890,algoQD,98,381,0.9999813937918387,4.537436992977746
9891,algoQD,98,381,0.9999813937918387,4.86170589691028
9892,algoQD,98,381,0.9999813937918387,3.8326586519833654
9893,algoQD,98,381,0.9999813937918387,4.850950908032246
9894,algoQD,98,381,0.9999813937918387,4.179609914077446
9895,algoQD,98,381,0.9999813937918387,4.91670292604249
9896,algoQD,98,381,0.9999813937918387,4.722514464054257
9897,algoQD,98,381,0.9999813937918387,4.669730274006724
9898,algoQD,98,381,0.9999813937918387,4.794741856982
9899,algoQD,98,381,0.9999813937918387,4.9186624879948795
9900,algoQD,99,381,0.9999813937918387,4.564683942007832
9901,algoQD,99,381,0.9999813937918387,4.6398212149506435
9902,algoQD,99,381,0.9999813937918387,4.942844429053366
9903,algoQD,99,381,0.9999813937918387,4.304914481006563
9904,algoQD,99,381,0.9999813937918387,4.312497226987034
9905,algoQD,99,381,0.9999813937918387,4.667521059978753
9906,algoQD,99,381,0.9999813937918387,4.635269455029629
9907,algoQD,99,381,0.9999813937918387,4.569141183979809
9908,algoQD,99,381,0.9999813937918387,4.556202849023975
9909,algoQD,99,381,0.9999813937918387,4.778082120930776
9910,algoQD,99,381,0.9999813937918387,5.00252319406718
9911,algoQD,99,381,0.9999813937918387,4.931821592035703
9912,algoQD,99,381,0.9999813937918387,4.791634127032012
9913,algoQD,99,381,0.9999813937918387,4.6546167499618605
9914,algoQD,99,381,0.9999813937918387,4.812781951040961
9915,algoQD,99,381,0.9999813937918387,4.045414507971145
9916,algoQD,99,381,0.9999813937918387,4.412465163040906
9917,algoQD,99,381,0.9999813937918387,4.966948029003106
9918,algoQD,99,381,0.9999813937918387,4.649009975953959
9919,algoQD,99,381,0.9999813937918387,5.01915523794014
9920,algoQD,99,381,0.9999813937918387,4.140753959887661
9921,algoQD,99,381,0.9999813937918387,3.684342559077777
9922,algoQD,99,381,0.9999813937918387,4.807436652947217
9923,algoQD,99,381,0.9999813937918387,4.6063195979222655
9924,algoQD,99,381,0.9999813937918387,4.981049231020734
9925,algoQD,99,381,0.9999813937918387,4.753312112065032
9926,algoQD,99,381,0.9999813937918387,4.583665906917304
9927,algoQD,99,381,0.9999813937918387,4.89435064594727
9928,algoQD,99,381,0.9999813937918387,4.034079552046023
9929,algoQD,99,381,0.9999813937918387,4.447164203971624
9930,algoQD,99,381,0.9999813937918387,4.206734732957557
9931,algoQD,99,381,0.9999813937918387,4.178386492072605
9932,algoQD,99,381,0.9999813937918387,4.42190491897054
9933,algoQD,99,381,0.9999813937918387,4.3222607739735395
9934,algoQD,99,381,0.9999813937918387,4.47282207000535
9935,algoQD,99,381,0.9999813937918387,4.181974772014655
9936,algoQD,99,381,0.9999813937918387,3.8269576120655984
9937,algoQD,99,381,0.9999813937918387,4.073940756032243
9938,algoQD,99,381,0.9999813937918387,4.141991949058138
9939,algoQD,99,381,0.9999813937918387,4.183024154044688
9940,algoQD,99,381,0.9999813937918387,4.21152577502653
9941,algoQD,99,381,0.9999813937918387,3.8676875570090488
9942,algoQD,99,381,0.9999813937918387,3.742172742029652
9943,algoQD,99,381,0.9999813937918387,4.483690844965167
9944,algoQD,99,381,0.9999813937918387,4.050566873047501
9945,algoQD,99,381,0.9999813937918387,4.124103410053067
9946,algoQD,99,381,0.9999813937918387,4.026968166930601
9947,algoQD,99,381,0.9999813937918387,4.235893112956546
9948,algoQD,99,381,0.9999813937918387,4.530618870980106
9949,algoQD,99,381,0.9999813937918387,4.281692245043814
9950,algoQD,99,381,0.9999813937918387,4.148353519034572
9951,algoQD,99,381,0.9999813937918387,3.80928404990118
9952,algoQD,99,381,0.9999813937918387,4.374566358979791
9953,algoQD,99,381,0.9999813937918387,4.6821016370086
9954,algoQD,99,381,0.9999813937918387,4.390044633066282
9955,algoQD,99,381,0.9999813937918387,4.005304343998432
9956,algoQD,99,381,0.9999813937918387,4.185659443028271
9957,algoQD,99,381,0.9999813937918387,4.309046599082649
9958,algoQD,99,381,0.9999813937918387,4.168096451088786
9959,algoQD,99,381,0.9999813937918387,4.416232321062125
9960,algoQD,99,381,0.9999813937918387,4.138915688032284
9961,algoQD,99,381,0.9999813937918387,3.8043150319717824
9962,algoQD,99,381,0.9999813937918387,4.153628956060857
9963,algoQD,99,381,0.9999813937918387,4.086142217973247
9964,algoQD,99,381,0.9999813937918387,3.4620851919753477
9965,algoQD,99,381,0.9999813937918387,4.205410600057803
9966,algoQD,99,381,0.9999813937918387,4.1025170859647915
9967,algoQD,99,381,0.9999813937918387,4.365113680018112
9968,algoQD,99,381,0.9999813937918387,3.8189463960006833
9969,algoQD,99,381,0.9999813937918387,4.197034234064631
9970,algoQD,99,381,0.9999813937918387,3.886086078011431
9971,algoQD,99,381,0.9999813937918387,4.169245580909774
9972,algoQD,99,381,0.9999813937918387,4.209252308937721
9973,algoQD,99,381,0.9999813937918387,3.7002110600005835
9974,algoQD,99,381,0.9999813937918387,4.019863193039782
9975,algoQD,99,381,0.9999813937918387,4.27461772901006
9976,algoQD,99,381,0.9999813937918387,3.9861650849925354
9977,algoQD,99,381,0.9999813937918387,4.198275370057672
9978,algoQD,99,381,0.9999813937918387,4.585996570065618
9979,algoQD,99,381,0.9999813937918387,4.049174292944372
9980,algoQD,99,381,0.9999813937918387,3.468326232978143
9981,algoQD,99,381,0.9999813937918387,3.6942866679746658
9982,algoQD,99,381,0.9999813937918387,3.710250076954253
9983,algoQD,99,381,0.9999813937918387,3.751775636104867
9984,algoQD,99,381,0.9999813937918387,3.7541694659739733
9985,algoQD,99,381,0.9999813937918387,4.284386696061119
9986,algoQD,99,381,0.9999813937918387,4.233594320947304
9987,algoQD,99,381,0.9999813937918387,3.927455911063589
9988,algoQD,99,381,0.9999813937918387,4.001898159971461
9989,algoQD,99,381,0.9999813937918387,3.9307488119229674
9990,algoQD,99,381,0.9999813937918387,3.734010179992765
9991,algoQD,99,381,0.9999813937918387,3.8673410509945825
9992,algoQD,99,381,0.9999813937918387,3.617193438927643
9993,algoQD,99,381,0.9999813937918387,4.252037656959146
9994,algoQD,99,381,0.9999813937918387,4.026288731954992
9995,algoQD,99,381,0.9999813937918387,3.6358787030912936
9996,algoQD,99,381,0.9999813937918387,3.58310949197039
9997,algoQD,99,381,0.9999813937918387,3.647214750992134
9998,algoQD,99,381,0.9999813937918387,3.886910676024854
9999,algoQD,99,381,0.9999813937918387,3.978287381003611
