,alg_name,iteration,cont_size,max0,elapsed
0,algoQD,0,1,0.8271908250523217,5.454226867295802
1,algoQD,0,2,0.8710562705993652,6.282750342041254
2,algoQD,0,3,0.8710562705993652,5.8627294967882335
3,algoQD,0,3,0.8710562705993652,5.811300227884203
4,algoQD,0,4,0.8710562705993652,5.973546342924237
5,algoQD,0,4,0.8710562705993652,5.2509628888219595
6,algoQD,0,5,0.8881056383196299,5.581402755808085
7,algoQD,0,6,0.8881056383196299,5.036704010795802
8,algoQD,0,6,0.8881056383196299,5.626603518612683
9,algoQD,0,7,0.8881056383196299,4.900869754143059
10,algoQD,0,7,0.8881056383196299,5.2177815129980445
11,algoQD,0,7,0.8881056383196299,5.934209867846221
12,algoQD,0,8,0.8881056383196299,4.961080813314766
13,algoQD,0,8,0.8881056383196299,6.045643078163266
14,algoQD,0,8,0.8881056383196299,5.6648825369775295
15,algoQD,0,8,0.8881056383196299,5.054847076069564
16,algoQD,0,8,0.8881056383196299,4.837473064195365
17,algoQD,0,8,0.9855509016248915,5.379750654101372
18,algoQD,0,8,0.9855509016248915,5.983101746067405
19,algoQD,0,9,0.9855509016248915,5.008235488086939
20,algoQD,0,9,0.9855509016248915,4.954208490904421
21,algoQD,0,9,0.9855509016248915,5.321001015137881
22,algoQD,0,9,0.9855509016248915,5.354718964081258
23,algoQD,0,9,0.9855509016248915,4.809195212088525
24,algoQD,0,9,0.9855509016248915,5.130650194827467
25,algoQD,0,9,0.9855509016248915,4.853877586312592
26,algoQD,0,9,0.9855509016248915,4.796784065198153
27,algoQD,0,10,0.9855509016248915,4.546433673240244
28,algoQD,0,10,0.9855509016248915,5.177627922967076
29,algoQD,0,11,0.9855509016248915,5.118077513296157
30,algoQD,0,12,0.9855509016248915,5.338386890012771
31,algoQD,0,12,0.9855509016248915,5.599235144909471
32,algoQD,0,12,0.9855509016248915,4.831414527725428
33,algoQD,0,13,0.9855509016248915,5.261318983975798
34,algoQD,0,14,0.9855509016248915,4.824359831400216
35,algoQD,0,14,0.9855509016248915,5.9090949120000005
36,algoQD,0,14,0.9855509016248915,5.232198067940772
37,algoQD,0,14,0.9855509016248915,5.959548890125006
38,algoQD,0,14,0.9855509016248915,4.929043759126216
39,algoQD,0,15,0.9855509016248915,5.766261701937765
40,algoQD,0,15,0.9855509016248915,5.2624858589842916
41,algoQD,0,16,0.9855509016248915,5.1197529579512775
42,algoQD,0,17,0.9855509016248915,6.218663488980383
43,algoQD,0,17,0.9855509016248915,5.490409801714122
44,algoQD,0,17,0.9855509016248915,5.243594919797033
45,algoQD,0,17,0.9855509016248915,5.14474671613425
46,algoQD,0,17,0.9855509016248915,6.558132203295827
47,algoQD,0,17,0.9855509016248915,5.94294081395492
48,algoQD,0,17,0.9855509016248915,4.972562826238573
49,algoQD,0,18,0.9855509016248915,5.3967461520805955
50,algoQD,0,18,0.9855509016248915,5.001818635966629
51,algoQD,0,19,0.9855509016248915,5.378620648756623
52,algoQD,0,19,0.9855509016248915,5.383753656875342
53,algoQD,0,19,0.9855509016248915,5.872814440634102
54,algoQD,0,20,0.9855509016248915,5.962726082187146
55,algoQD,0,20,0.9855509016248915,6.427126578055322
56,algoQD,0,20,0.9855509016248915,5.926534648984671
57,algoQD,0,20,0.9855509016248915,5.532693173736334
58,algoQD,0,20,0.9855509016248915,5.127874641213566
59,algoQD,0,20,0.9855509016248915,6.438819658011198
60,algoQD,0,20,0.9855509016248915,5.38864330528304
61,algoQD,0,20,0.9855509016248915,5.200119655113667
62,algoQD,0,20,0.9855509016248915,4.945717910304666
63,algoQD,0,20,0.9855509016248915,6.19318422395736
64,algoQD,0,20,0.9855509016248915,5.23945672204718
65,algoQD,0,20,0.9855509016248915,6.0093128136359155
66,algoQD,0,20,0.9855509016248915,5.2624112269841135
67,algoQD,0,20,0.9855509016248915,6.453927510883659
68,algoQD,0,20,0.9855509016248915,5.4732689103111625
69,algoQD,0,21,0.9855509016248915,5.284691498614848
70,algoQD,0,21,0.9855509016248915,5.207332311663777
71,algoQD,0,21,0.9855509016248915,5.39635483501479
72,algoQD,0,22,0.9855509016248915,6.072408895008266
73,algoQD,0,22,0.9855509016248915,6.159026342909783
74,algoQD,0,23,0.9855509016248915,5.027168605942279
75,algoQD,0,23,0.9855509016248915,5.780329752247781
76,algoQD,0,23,0.9855509016248915,5.667322512716055
77,algoQD,0,24,0.9855509016248915,5.142961852252483
78,algoQD,0,24,0.9855509016248915,5.232405956368893
79,algoQD,0,24,0.9855509016248915,5.290659290738404
80,algoQD,0,25,0.9855509016248915,4.977673473302275
81,algoQD,0,25,0.9855509016248915,5.121071557980031
82,algoQD,0,25,0.9855509016248915,5.12071921210736
83,algoQD,0,26,0.9855509016248915,6.368545014876872
84,algoQD,0,27,0.9855509016248915,5.748609885107726
85,algoQD,0,28,0.9855509016248915,5.276424593292177
86,algoQD,0,28,0.9855509016248915,5.964712975081056
87,algoQD,0,28,0.9855509016248915,6.089099179022014
88,algoQD,0,28,0.9855509016248915,5.880064127035439
89,algoQD,0,28,0.9855509016248915,5.568462885916233
90,algoQD,0,28,0.9855509016248915,5.17237793514505
91,algoQD,0,28,0.9855509016248915,6.107033495791256
92,algoQD,0,28,0.9855509016248915,5.08036436419934
93,algoQD,0,28,0.9855509016248915,5.249492081813514
94,algoQD,0,28,0.9855509016248915,4.954520030878484
95,algoQD,0,29,0.9855509016248915,6.1383850439451635
96,algoQD,0,30,0.9855509016248915,6.517994395922869
97,algoQD,0,30,0.9855509016248915,5.327510907780379
98,algoQD,0,30,0.9855509016248915,6.640339978039265
99,algoQD,0,30,0.9970333056317435,5.421910245902836
100,algoQD,1,30,0.9970333056317435,6.354315503966063
101,algoQD,1,31,0.9970333056317435,5.726345796138048
102,algoQD,1,31,0.9970333056317435,6.2673066621646285
103,algoQD,1,31,0.9970333056317435,6.863822808954865
104,algoQD,1,31,0.9970333056317435,5.101876181084663
105,algoQD,1,31,0.9970333056317435,6.753424077760428
106,algoQD,1,31,0.9970333056317435,5.787215339019895
107,algoQD,1,31,0.9970333056317435,5.662504797801375
108,algoQD,1,31,0.9970333056317435,5.335067335981876
109,algoQD,1,31,0.9970333056317435,6.354863240383565
110,algoQD,1,31,0.9970333056317435,5.7035639910027385
111,algoQD,1,32,0.9970333056317435,5.535100880078971
112,algoQD,1,32,0.9970333056317435,6.729288815986365
113,algoQD,1,32,0.9970333056317435,6.344938355963677
114,algoQD,1,32,0.9970333056317435,6.542619355022907
115,algoQD,1,32,0.9970333056317435,5.695752751082182
116,algoQD,1,32,0.9970333056317435,5.425144024193287
117,algoQD,1,33,0.9970333056317435,6.489204226061702
118,algoQD,1,33,0.9970333056317435,5.4573386576958
119,algoQD,1,33,0.9970333056317435,5.466434944886714
120,algoQD,1,33,0.9970333056317435,6.102395941969007
121,algoQD,1,33,0.9970333056317435,5.410722496919334
122,algoQD,1,33,0.9970333056317435,6.093527415767312
123,algoQD,1,33,0.9970333056317435,5.352415336295962
124,algoQD,1,33,0.9970333056317435,5.268008318264037
125,algoQD,1,33,0.9970333056317435,5.326000485103577
126,algoQD,1,33,0.9970333056317435,6.242295052856207
127,algoQD,1,33,0.9970333056317435,6.369636033196002
128,algoQD,1,33,0.9970333056317435,5.89431580575183
129,algoQD,1,33,0.9970333056317435,6.774380476213992
130,algoQD,1,33,0.9970333056317435,5.3686798070557415
131,algoQD,1,33,0.9970333056317435,5.703609135001898
132,algoQD,1,34,0.9970333056317435,6.669726614840329
133,algoQD,1,34,0.9970333056317435,5.888379770331085
134,algoQD,1,34,0.9970333056317435,5.351669196039438
135,algoQD,1,34,0.9970333056317435,5.954530742019415
136,algoQD,1,35,0.9970333056317435,5.56750597897917
137,algoQD,1,35,0.9970333056317435,6.348634390160441
138,algoQD,1,35,0.9970333056317435,5.579575183801353
139,algoQD,1,35,0.9970333056317435,5.555867156945169
140,algoQD,1,35,0.9970333056317435,6.213421946857125
141,algoQD,1,35,0.9970333056317435,5.35910455416888
142,algoQD,1,35,0.9970333056317435,5.417020837310702
143,algoQD,1,35,0.9970333056317435,5.333543366752565
144,algoQD,1,35,0.9970333056317435,5.908306300174445
145,algoQD,1,35,0.9970333056317435,5.122197819873691
146,algoQD,1,35,0.9970333056317435,5.0486464337445796
147,algoQD,1,35,0.9970333056317435,5.70160520914942
148,algoQD,1,36,0.9970333056317435,5.754530221223831
149,algoQD,1,36,0.9970333056317435,5.932004778645933
150,algoQD,1,36,0.9970333056317435,5.42120640585199
151,algoQD,1,36,0.9970333056317435,5.464328585192561
152,algoQD,1,36,0.9970333056317435,5.719676615204662
153,algoQD,1,36,0.9970333056317435,5.378310274332762
154,algoQD,1,36,0.9970333056317435,6.2460364499129355
155,algoQD,1,36,0.9970333056317435,5.950841040816158
156,algoQD,1,36,0.9970333056317435,6.253798998892307
157,algoQD,1,36,0.9970333056317435,6.148230697028339
158,algoQD,1,36,0.9970333056317435,5.317003934178501
159,algoQD,1,36,0.9970333056317435,5.119436752982438
160,algoQD,1,36,0.9970333056317435,5.665364040993154
161,algoQD,1,36,0.9970333056317435,5.134687338024378
162,algoQD,1,36,0.9970333056317435,6.077561198268086
163,algoQD,1,36,0.9970333056317435,6.05804205685854
164,algoQD,1,36,0.9970333056317435,5.579488239251077
165,algoQD,1,36,0.9970333056317435,5.8589563043788075
166,algoQD,1,36,0.9970333056317435,6.448621493764222
167,algoQD,1,36,0.9970333056317435,5.3534049252048135
168,algoQD,1,36,0.9970333056317435,5.655492147896439
169,algoQD,1,36,0.9970333056317435,5.922366716898978
170,algoQD,1,36,0.9970333056317435,5.688460923731327
171,algoQD,1,36,0.9970333056317435,6.13085558777675
172,algoQD,1,36,0.9970333056317435,5.6133717517368495
173,algoQD,1,36,0.9970333056317435,5.3495088829658926
174,algoQD,1,36,0.9970333056317435,5.2658791351132095
175,algoQD,1,36,0.9970333056317435,5.120261751115322
176,algoQD,1,36,0.9970333056317435,6.194345568772405
177,algoQD,1,36,0.9970333056317435,5.130365127697587
178,algoQD,1,36,0.9970333056317435,5.652353020384908
179,algoQD,1,36,0.9970333056317435,6.682877819985151
180,algoQD,1,36,0.9970333056317435,5.7249085288494825
181,algoQD,1,36,0.9999283181296454,5.282268892042339
182,algoQD,1,36,0.9999283181296454,5.948618844151497
183,algoQD,1,36,0.9999283181296454,5.264324126299471
184,algoQD,1,36,0.9999283181296454,6.076328433118761
185,algoQD,1,36,0.9999283181296454,5.296939670108259
186,algoQD,1,37,0.9999283181296454,5.084546237252653
187,algoQD,1,37,0.9999283181296454,4.80792889604345
188,algoQD,1,37,0.9999283181296454,5.753144579939544
189,algoQD,1,38,0.9999283181296454,5.710041269194335
190,algoQD,1,38,0.9999283181296454,5.066028468310833
191,algoQD,1,38,0.9999283181296454,4.824368577916175
192,algoQD,1,38,0.9999283181296454,5.379673201125115
193,algoQD,1,38,0.9999283181296454,4.680122655350715
194,algoQD,1,38,0.9999283181296454,5.879174243658781
195,algoQD,1,38,0.9999283181296454,5.920901253819466
196,algoQD,1,38,0.9999283181296454,5.031666324939579
197,algoQD,1,38,0.9999283181296454,5.669798462186009
198,algoQD,1,39,0.9999283181296454,4.987287983763963
199,algoQD,1,39,0.9999283181296454,4.705353868193924
200,algoQD,2,39,0.9999283181296454,5.708096093032509
201,algoQD,2,40,0.9999283181296454,5.378262423910201
202,algoQD,2,40,0.9999283181296454,5.608957948163152
203,algoQD,2,40,0.9999283181296454,5.957336735911667
204,algoQD,2,40,0.9999283181296454,4.875507751945406
205,algoQD,2,40,0.9999283181296454,5.302907606121153
206,algoQD,2,40,0.9999283181296454,4.8350261258892715
207,algoQD,2,40,0.9999283181296454,5.75076979259029
208,algoQD,2,40,0.9999283181296454,5.428748454898596
209,algoQD,2,40,0.9999283181296454,5.383509728126228
210,algoQD,2,40,0.9999283181296454,6.300860403105617
211,algoQD,2,40,0.9999283181296454,5.672829830087721
212,algoQD,2,40,0.9999283181296454,5.961987753864378
213,algoQD,2,40,0.9999283181296454,4.981739720329642
214,algoQD,2,40,0.9999283181296454,5.105596027802676
215,algoQD,2,40,0.9999283181296454,6.149988119024783
216,algoQD,2,40,0.9999283181296454,5.374202914070338
217,algoQD,2,40,0.9999283181296454,5.805966833140701
218,algoQD,2,40,0.9999283181296454,5.333939688280225
219,algoQD,2,40,0.9999283181296454,5.16165391728282
220,algoQD,2,40,0.9999283181296454,5.435537502169609
221,algoQD,2,40,0.9999283181296454,6.135315776802599
222,algoQD,2,40,0.9999283181296454,6.5140099339187145
223,algoQD,2,40,0.9999283181296454,5.679773289244622
224,algoQD,2,40,0.9999283181296454,5.22562063857913
225,algoQD,2,40,0.9999283181296454,5.05640817200765
226,algoQD,2,40,0.9999283181296454,5.053832234814763
227,algoQD,2,40,0.9999283181296454,5.163910600356758
228,algoQD,2,41,0.9999283181296454,5.362399782985449
229,algoQD,2,41,0.9999283181296454,5.094496718142182
230,algoQD,2,41,0.9999283181296454,5.2079839440993965
231,algoQD,2,41,0.9999283181296454,5.396072054747492
232,algoQD,2,41,0.9999283181296454,5.917405358981341
233,algoQD,2,41,0.9999283181296454,5.8974472507834435
234,algoQD,2,41,0.9999283181296454,5.189579179044813
235,algoQD,2,41,0.9999283181296454,5.454131004400551
236,algoQD,2,41,0.9999283181296454,5.712251354940236
237,algoQD,2,41,0.9999283181296454,6.026854565832764
238,algoQD,2,41,0.9999283181296454,6.022290273103863
239,algoQD,2,41,0.9999283181296454,5.96140688797459
240,algoQD,2,41,0.9999283181296454,6.199650502763689
241,algoQD,2,41,0.9999283181296454,5.300231220200658
242,algoQD,2,41,0.9999283181296454,5.710351685062051
243,algoQD,2,41,0.9999283181296454,6.6192945428192616
244,algoQD,2,41,0.9999283181296454,5.346409460064024
245,algoQD,2,41,0.9999283181296454,5.436787683982402
246,algoQD,2,41,0.9999283181296454,5.459989883005619
247,algoQD,2,41,0.9999283181296454,5.350529354996979
248,algoQD,2,41,0.9999283181296454,5.170329708140343
249,algoQD,2,41,0.9999283181296454,5.322050406131893
250,algoQD,2,41,0.9999283181296454,5.217651830986142
251,algoQD,2,41,0.9999283181296454,5.3697382980026305
252,algoQD,2,41,0.9999283181296454,5.159450854174793
253,algoQD,2,41,0.9999283181296454,4.959567707963288
254,algoQD,2,41,0.9999283181296454,5.133356971200556
255,algoQD,2,41,0.9999283181296454,6.120605160947889
256,algoQD,2,41,0.9999283181296454,5.106942772865295
257,algoQD,2,42,0.9999283181296454,4.841995764989406
258,algoQD,2,42,0.9999283181296454,5.425835001282394
259,algoQD,2,42,0.9999283181296454,5.97393410699442
260,algoQD,2,42,0.9999283181296454,4.799065951257944
261,algoQD,2,42,0.9999283181296454,4.992921938188374
262,algoQD,2,42,0.9999283181296454,5.253032108768821
263,algoQD,2,42,0.9999283181296454,5.104961099103093
264,algoQD,2,42,0.9999283181296454,6.025824170093983
265,algoQD,2,42,0.9999283181296454,5.98452510824427
266,algoQD,2,42,0.9999283181296454,6.003991677891463
267,algoQD,2,42,0.9999283181296454,5.48422258766368
268,algoQD,2,43,0.9999283181296454,5.069241128861904
269,algoQD,2,43,0.9999283181296454,5.340018949005753
270,algoQD,2,43,0.9999283181296454,5.269476260058582
271,algoQD,2,43,0.9999283181296454,5.945321280043572
272,algoQD,2,43,0.9999283181296454,5.42086832318455
273,algoQD,2,43,0.9999283181296454,5.828576622065157
274,algoQD,2,43,0.9999283181296454,4.7987369280308485
275,algoQD,2,43,0.9999283181296454,5.969721265137196
276,algoQD,2,43,0.9999283181296454,5.135510151274502
277,algoQD,2,43,0.9999283181296454,5.26239991793409
278,algoQD,2,43,0.9999283181296454,5.239814721047878
279,algoQD,2,43,0.9999283181296454,5.1294880718924105
280,algoQD,2,43,0.9999283181296454,5.190012437291443
281,algoQD,2,43,0.9999283181296454,5.356873941142112
282,algoQD,2,43,0.9999283181296454,5.4896878018043935
283,algoQD,2,43,0.9999283181296454,6.041816815268248
284,algoQD,2,43,0.9999283181296454,5.742088006809354
285,algoQD,2,43,0.9999283181296454,6.273099354933947
286,algoQD,2,43,0.9999283181296454,5.566571277100593
287,algoQD,2,43,0.9999283181296454,6.621921274811029
288,algoQD,2,43,0.9999283181296454,5.530789706856012
289,algoQD,2,43,0.9999283181296454,5.4219442759640515
290,algoQD,2,43,0.9999283181296454,6.071404822170734
291,algoQD,2,43,0.9999283181296454,6.2575928759761155
292,algoQD,2,43,0.9999283181296454,5.440062650945038
293,algoQD,2,44,0.9999283181296454,6.533319937996566
294,algoQD,2,44,0.9999283181296454,6.418933148030192
295,algoQD,2,44,0.9999283181296454,5.510981206782162
296,algoQD,2,44,0.9999283181296454,5.387002231087536
297,algoQD,2,44,0.9999283181296454,6.182748431805521
298,algoQD,2,44,0.9999283181296454,5.426763602998108
299,algoQD,2,44,0.9999283181296454,5.564705673139542
300,algoQD,3,44,0.9999283181296454,6.45954643888399
301,algoQD,3,44,0.9999283181296454,6.540648827329278
302,algoQD,3,44,0.9999283181296454,6.635480445809662
303,algoQD,3,44,0.9999283181296454,5.752490072045475
304,algoQD,3,44,0.9999283181296454,5.473643355071545
305,algoQD,3,44,0.9999283181296454,5.930739855859429
306,algoQD,3,44,0.9999283181296454,6.235084053128958
307,algoQD,3,44,0.9999283181296454,6.293924085330218
308,algoQD,3,44,0.9999283181296454,5.7027579001151025
309,algoQD,3,44,0.9999283181296454,5.551397806964815
310,algoQD,3,44,0.9999283181296454,5.450492097996175
311,algoQD,3,44,0.9999283181296454,6.805612332187593
312,algoQD,3,44,0.9999283181296454,5.880887498147786
313,algoQD,3,44,0.9999283181296454,5.868231252301484
314,algoQD,3,44,0.9999283181296454,5.356951960362494
315,algoQD,3,44,0.9999283181296454,5.214101403951645
316,algoQD,3,44,0.9999283181296454,5.740772089920938
317,algoQD,3,44,0.9999283181296454,5.772661877796054
318,algoQD,3,44,0.9999283181296454,6.265265342313796
319,algoQD,3,44,0.9999283181296454,5.235913309734315
320,algoQD,3,44,0.9999283181296454,5.866959489881992
321,algoQD,3,44,0.9999283181296454,5.852587842848152
322,algoQD,3,44,0.9999283181296454,5.779216474853456
323,algoQD,3,44,0.9999283181296454,5.680558544117957
324,algoQD,3,44,0.9999283181296454,5.5964122442528605
325,algoQD,3,44,0.9999283181296454,6.244864684063941
326,algoQD,3,44,0.9999283181296454,5.623835181817412
327,algoQD,3,44,0.9999283181296454,5.293288381770253
328,algoQD,3,44,0.9999283181296454,5.325135059189051
329,algoQD,3,44,0.9999283181296454,5.189969395287335
330,algoQD,3,44,0.9999283181296454,5.257671951781958
331,algoQD,3,44,0.9999283181296454,5.258814242202789
332,algoQD,3,44,0.9999283181296454,5.472984001040459
333,algoQD,3,44,0.9999283181296454,6.400355574209243
334,algoQD,3,44,0.9999283181296454,5.895133707206696
335,algoQD,3,44,0.9999283181296454,5.86644184216857
336,algoQD,3,44,0.9999283181296454,6.386845165863633
337,algoQD,3,44,0.9999283181296454,5.7306295349262655
338,algoQD,3,44,0.9999283181296454,5.638610017951578
339,algoQD,3,44,0.9999283181296454,5.330600205808878
340,algoQD,3,44,0.9999283181296454,5.503425739705563
341,algoQD,3,44,0.9999283181296454,5.413366578053683
342,algoQD,3,44,0.9999283181296454,6.358402660116553
343,algoQD,3,44,0.9999283181296454,6.356459598988295
344,algoQD,3,44,0.9999283181296454,5.922777374275029
345,algoQD,3,44,0.9999283181296454,5.976907684002072
346,algoQD,3,44,0.9999283181296454,5.545410793274641
347,algoQD,3,44,0.9999283181296454,5.7754133879207075
348,algoQD,3,45,0.9999283181296454,5.598158814013004
349,algoQD,3,45,0.9999283181296454,5.481014462187886
350,algoQD,3,45,0.9999283181296454,5.290492147672921
351,algoQD,3,45,0.9999283181296454,5.61386763677001
352,algoQD,3,45,0.9999283181296454,5.456624808255583
353,algoQD,3,45,0.9999283181296454,5.647379790432751
354,algoQD,3,45,0.9999283181296454,5.851722238119692
355,algoQD,3,45,0.9999283181296454,5.227150892373174
356,algoQD,3,45,0.9999283181296454,5.2738236538134515
357,algoQD,3,45,0.9999283181296454,5.808347351849079
358,algoQD,3,45,0.9999283181296454,5.563445630948991
359,algoQD,3,45,0.9999283181296454,5.516774929128587
360,algoQD,3,45,0.9999283181296454,5.2778040948323905
361,algoQD,3,45,0.9999283181296454,5.867749131750315
362,algoQD,3,46,0.9999283181296454,5.2763049732893705
363,algoQD,3,46,0.9999283181296454,5.421031749807298
364,algoQD,3,46,0.9999283181296454,5.920145999174565
365,algoQD,3,46,0.9999283181296454,5.975378412753344
366,algoQD,3,46,0.9999283181296454,5.637374519836158
367,algoQD,3,46,0.9999283181296454,5.288595736026764
368,algoQD,3,46,0.9999283181296454,5.272854964248836
369,algoQD,3,46,0.9999283181296454,5.419808649923652
370,algoQD,3,46,0.9999283181296454,5.576006282120943
371,algoQD,3,46,0.9999283181296454,5.220829209312797
372,algoQD,3,46,0.9999283181296454,5.423345562070608
373,algoQD,3,46,0.9999283181296454,5.951838493812829
374,algoQD,3,46,0.9999283181296454,5.095544216688722
375,algoQD,3,46,0.9999283181296454,5.757147605996579
376,algoQD,3,46,0.9999283181296454,5.0871836501173675
377,algoQD,3,46,0.9999283181296454,5.273662551306188
378,algoQD,3,46,0.9999283181296454,5.2633431809954345
379,algoQD,3,46,0.9999283181296454,6.5539550287649035
380,algoQD,3,46,0.9999283181296454,5.4492540578357875
381,algoQD,3,46,0.9999283181296454,6.563101893290877
382,algoQD,3,46,0.9999283181296454,5.921849699225277
383,algoQD,3,46,0.9999283181296454,5.88644310599193
384,algoQD,3,46,0.9999283181296454,5.463922454044223
385,algoQD,3,46,0.9999283181296454,5.339618808124214
386,algoQD,3,46,0.9999283181296454,5.3841472351923585
387,algoQD,3,46,0.9999283181296454,5.892798325046897
388,algoQD,3,46,0.9999283181296454,6.154754141811281
389,algoQD,3,46,0.9999283181296454,5.401482091285288
390,algoQD,3,46,0.9999283181296454,5.512513580266386
391,algoQD,3,46,0.9999283181296454,5.418371784966439
392,algoQD,3,46,0.9999283181296454,5.177344573196024
393,algoQD,3,46,0.9999283181296454,5.186400895006955
394,algoQD,3,46,0.9999283181296454,5.139368886128068
395,algoQD,3,46,0.9999283181296454,5.71777402004227
396,algoQD,3,46,0.9999283181296454,6.536830551922321
397,algoQD,3,46,0.9999283181296454,5.560203260742128
398,algoQD,3,46,0.9999283181296454,5.189139760565013
399,algoQD,3,46,0.9999283181296454,5.320754242129624
400,algoQD,4,46,0.9999283181296454,5.1008684579283
401,algoQD,4,46,0.9999283181296454,5.775922833941877
402,algoQD,4,46,0.9999283181296454,5.3234250782988966
403,algoQD,4,46,0.9999283181296454,6.0804919907823205
404,algoQD,4,46,0.9999283181296454,5.515233669895679
405,algoQD,4,46,0.9999283181296454,5.69835005607456
406,algoQD,4,46,0.9999283181296454,5.093279588967562
407,algoQD,4,46,0.9999283181296454,5.8758510407060385
408,algoQD,4,46,0.9999283181296454,4.856667689047754
409,algoQD,4,46,0.9999283181296454,5.784446627832949
410,algoQD,4,46,0.9999283181296454,5.189575273077935
411,algoQD,4,47,0.9999283181296454,5.124431020114571
412,algoQD,4,47,0.9999283181296454,4.954599795863032
413,algoQD,4,47,0.9999283181296454,5.8774144859053195
414,algoQD,4,47,0.9999283181296454,5.667433196678758
415,algoQD,4,47,0.9999283181296454,5.069110430311412
416,algoQD,4,48,0.9999283181296454,5.586800158023834
417,algoQD,4,48,0.9999283181296454,5.213121824897826
418,algoQD,4,48,0.9999283181296454,6.109623375814408
419,algoQD,4,48,0.9999283181296454,5.163519728928804
420,algoQD,4,48,0.9999283181296454,5.119802112691104
421,algoQD,4,48,0.9999283181296454,5.645342727191746
422,algoQD,4,48,0.9999283181296454,5.543721137102693
423,algoQD,4,48,0.9999283181296454,5.775575167033821
424,algoQD,4,48,0.9999283181296454,5.475102639757097
425,algoQD,4,48,0.9999283181296454,5.492790091317147
426,algoQD,4,48,0.9999283181296454,5.098728003911674
427,algoQD,4,48,0.9999283181296454,5.669041185174137
428,algoQD,4,48,0.9999283181296454,6.460742621216923
429,algoQD,4,48,0.9999283181296454,6.3210984650067985
430,algoQD,4,48,0.9999283181296454,6.40367422811687
431,algoQD,4,48,0.9999283181296454,5.6409309101291
432,algoQD,4,48,0.9999283181296454,5.6653804876841605
433,algoQD,4,48,0.9999283181296454,6.100628548767418
434,algoQD,4,48,0.9999283181296454,5.145297097042203
435,algoQD,4,48,0.9999283181296454,6.4982238239608705
436,algoQD,4,48,0.9999283181296454,5.57930443296209
437,algoQD,4,49,0.9999283181296454,5.947499444708228
438,algoQD,4,50,0.9999283181296454,5.832482334692031
439,algoQD,4,50,0.9999283181296454,5.231008913833648
440,algoQD,4,50,0.9999283181296454,5.29204915324226
441,algoQD,4,50,0.9999283181296454,5.905672600958496
442,algoQD,4,50,0.9999283181296454,7.147405089344829
443,algoQD,4,50,0.9999283181296454,5.643129826057702
444,algoQD,4,50,0.9999283181296454,5.559321714099497
445,algoQD,4,50,0.9999283181296454,5.54066298995167
446,algoQD,4,50,0.9999283181296454,6.0791644607670605
447,algoQD,4,50,0.9999283181296454,5.409396064933389
448,algoQD,4,50,0.9999283181296454,5.3354794648475945
449,algoQD,4,50,0.9999283181296454,6.295343040022999
450,algoQD,4,50,0.9999283181296454,6.493596098385751
451,algoQD,4,50,0.9999283181296454,5.764730142895132
452,algoQD,4,50,0.9999283181296454,5.193083395715803
453,algoQD,4,50,0.9999283181296454,6.036129071842879
454,algoQD,4,50,0.9999283181296454,5.299954724032432
455,algoQD,4,50,0.9999283181296454,5.321494634728879
456,algoQD,4,50,0.9999283181296454,5.552288621664047
457,algoQD,4,50,0.9999283181296454,5.363282684236765
458,algoQD,4,50,0.9999283181296454,5.753460805863142
459,algoQD,4,50,0.9999283181296454,5.763988669030368
460,algoQD,4,50,0.9999283181296454,5.169989108107984
461,algoQD,4,50,0.9999283181296454,5.25735723413527
462,algoQD,4,50,0.9999283181296454,6.105675332248211
463,algoQD,4,50,0.9999283181296454,5.2886301460675895
464,algoQD,4,51,0.9999283181296454,5.218600420746952
465,algoQD,4,51,0.9999283181296454,5.221957684028894
466,algoQD,4,51,0.9999283181296454,5.410539008677006
467,algoQD,4,51,0.9999283181296454,4.999528114218265
468,algoQD,4,51,0.9999283181296454,5.398523125331849
469,algoQD,4,51,0.9999283181296454,5.521456533111632
470,algoQD,4,51,0.9999283181296454,5.980743248015642
471,algoQD,4,51,0.9999283181296454,5.921708116773516
472,algoQD,4,51,0.9999283181296454,5.56482715299353
473,algoQD,4,51,0.9999283181296454,5.872388646006584
474,algoQD,4,51,0.9999283181296454,5.881790320854634
475,algoQD,4,51,0.9999283181296454,4.792717384174466
476,algoQD,4,51,0.9999283181296454,5.537979462649673
477,algoQD,4,51,0.9999283181296454,4.596112058963627
478,algoQD,4,51,0.9999283181296454,5.47214461537078
479,algoQD,4,51,0.9999283181296454,4.985835039056838
480,algoQD,4,51,0.9999283181296454,4.857319532893598
481,algoQD,4,51,0.9999283181296454,4.852138233371079
482,algoQD,4,51,0.9999283181296454,5.426695878151804
483,algoQD,4,51,0.9999283181296454,5.462375756818801
484,algoQD,4,52,0.9999283181296454,5.968610372394323
485,algoQD,4,53,0.9999283181296454,4.93769505713135
486,algoQD,4,53,0.9999283181296454,5.078973398078233
487,algoQD,4,53,0.9999283181296454,4.475912325084209
488,algoQD,4,53,0.9999283181296454,4.8896100469864905
489,algoQD,4,53,0.9999283181296454,4.73697324283421
490,algoQD,4,53,0.9999283181296454,4.949511122889817
491,algoQD,4,53,0.9999283181296454,5.000340908765793
492,algoQD,4,53,0.9999283181296454,4.492302164901048
493,algoQD,4,53,0.9999283181296454,4.822030533105135
494,algoQD,4,53,0.9999283181296454,4.708435819949955
495,algoQD,4,54,0.9999283181296454,4.865255308803171
496,algoQD,4,54,0.9999283181296454,4.593542744405568
497,algoQD,4,54,0.9999283181296454,5.337497722823173
498,algoQD,4,54,0.9999283181296454,4.783746222965419
499,algoQD,4,54,0.9999283181296454,4.789031980093569
500,algoQD,5,54,0.9999283181296454,5.03963434509933
501,algoQD,5,54,0.9999283181296454,5.161629762034863
502,algoQD,5,54,0.9999283181296454,6.076780583709478
503,algoQD,5,54,0.9999283181296454,5.4360326603055
504,algoQD,5,54,0.9999283181296454,5.093026603106409
505,algoQD,5,54,0.9999283181296454,5.043892071116716
506,algoQD,5,54,0.9999283181296454,5.283212809823453
507,algoQD,5,54,0.9999283181296454,5.948260698933154
508,algoQD,5,54,0.9999283181296454,5.999541657045484
509,algoQD,5,54,0.9999283181296454,5.361654409207404
510,algoQD,5,54,0.9999283181296454,5.252913717646152
511,algoQD,5,54,0.9999283181296454,4.815286910161376
512,algoQD,5,54,0.9999283181296454,6.228169292211533
513,algoQD,5,54,0.9999283181296454,6.060707893688232
514,algoQD,5,54,0.9999283181296454,5.164005541242659
515,algoQD,5,54,0.9999283181296454,5.291326259728521
516,algoQD,5,54,0.9999283181296454,6.02836574241519
517,algoQD,5,54,0.9999283181296454,4.710273702163249
518,algoQD,5,54,0.9999283181296454,5.911678455770016
519,algoQD,5,54,0.9999283181296454,5.959466484375298
520,algoQD,5,54,0.9999283181296454,5.645885276142508
521,algoQD,5,54,0.9999283181296454,5.920958681032062
522,algoQD,5,54,0.9999283181296454,5.425137952901423
523,algoQD,5,54,0.9999283181296454,6.519642984960228
524,algoQD,5,54,0.9999283181296454,6.016178543213755
525,algoQD,5,54,0.9999283181296454,5.583397152833641
526,algoQD,5,54,0.9999283181296454,5.290955730713904
527,algoQD,5,54,0.9999283181296454,6.587744266260415
528,algoQD,5,54,0.9999283181296454,5.68495204532519
529,algoQD,5,54,0.9999283181296454,5.444497372955084
530,algoQD,5,54,0.9999283181296454,5.257720509078354
531,algoQD,5,54,0.9999283181296454,5.168395166285336
532,algoQD,5,54,0.9999283181296454,5.400121645070612
533,algoQD,5,54,0.9999283181296454,6.35464226687327
534,algoQD,5,54,0.9999283181296454,6.387975662946701
535,algoQD,5,54,0.9999283181296454,5.958316319622099
536,algoQD,5,54,0.9999283181296454,5.172953909263015
537,algoQD,5,54,0.9999283181296454,5.147161683067679
538,algoQD,5,54,0.9999283181296454,5.5979457828216255
539,algoQD,5,54,0.9999283181296454,5.8766325251199305
540,algoQD,5,54,0.9999283181296454,5.711463721003383
541,algoQD,5,54,0.9999283181296454,5.502395706251264
542,algoQD,5,54,0.9999283181296454,5.4218926122412086
543,algoQD,5,54,0.9999283181296454,5.479146196041256
544,algoQD,5,54,0.9999283181296454,5.547994858119637
545,algoQD,5,54,0.9999283181296454,5.197093342896551
546,algoQD,5,54,0.9999283181296454,5.462203986942768
547,algoQD,5,54,0.9999283181296454,6.24707821989432
548,algoQD,5,54,0.9999283181296454,5.902999809011817
549,algoQD,5,54,0.9999283181296454,5.503663515206426
550,algoQD,5,54,0.9999283181296454,5.577046406920999
551,algoQD,5,54,0.9999283181296454,5.980930753983557
552,algoQD,5,54,0.9999283181296454,5.438845169264823
553,algoQD,5,54,0.9999283181296454,5.767486761789769
554,algoQD,5,54,0.9999283181296454,5.077291758731008
555,algoQD,5,54,0.9999283181296454,5.417334002908319
556,algoQD,5,54,0.9999283181296454,5.45521572092548
557,algoQD,5,54,0.9999283181296454,5.634327861946076
558,algoQD,5,54,0.9999283181296454,5.416355352848768
559,algoQD,5,54,0.9999283181296454,5.503014630172402
560,algoQD,5,54,0.9999283181296454,5.447555205784738
561,algoQD,5,54,0.9999283181296454,6.198986406903714
562,algoQD,5,54,0.9999283181296454,5.844496143050492
563,algoQD,5,54,0.9999283181296454,5.118404283188283
564,algoQD,5,54,0.9999283181296454,5.488966525066644
565,algoQD,5,54,0.9999283181296454,5.485964111983776
566,algoQD,5,54,0.9999283181296454,5.9600861561484635
567,algoQD,5,54,0.9999283181296454,5.415398134849966
568,algoQD,5,54,0.9999283181296454,5.405079978983849
569,algoQD,5,54,0.9999283181296454,6.361001480836421
570,algoQD,5,54,0.9999283181296454,5.503753014840186
571,algoQD,5,54,0.9999283181296454,5.777936307247728
572,algoQD,5,54,0.9999283181296454,6.707170133013278
573,algoQD,5,54,0.9999283181296454,5.633377035148442
574,algoQD,5,54,0.9999283181296454,5.3516104547306895
575,algoQD,5,54,0.9999283181296454,6.09225059626624
576,algoQD,5,54,0.9999283181296454,5.247934735380113
577,algoQD,5,54,0.9999283181296454,5.633087058085948
578,algoQD,5,54,0.9999283181296454,5.6437566466629505
579,algoQD,5,54,0.9999283181296454,4.994325018022209
580,algoQD,5,54,0.9999283181296454,5.241468837950379
581,algoQD,5,54,0.9999283181296454,5.384334949310869
582,algoQD,5,55,0.9999283181296454,6.118055033963174
583,algoQD,5,55,0.9999283181296454,5.61602097004652
584,algoQD,5,56,0.9999283181296454,5.2597420159727335
585,algoQD,5,56,0.9999283181296454,5.6307727843523026
586,algoQD,5,56,0.9999283181296454,5.767150304745883
587,algoQD,5,56,0.9999283181296454,5.282998881302774
588,algoQD,5,57,0.9999283181296454,5.197645401116461
589,algoQD,5,57,0.9999283181296454,5.221688692923635
590,algoQD,5,57,0.9999283181296454,6.4310497418046
591,algoQD,5,57,0.9999283181296454,6.006127102300525
592,algoQD,5,57,0.9999283181296454,5.338704919908196
593,algoQD,5,57,0.9999283181296454,5.301160007249564
594,algoQD,5,57,0.9999283181296454,6.4019076162949204
595,algoQD,5,57,0.9999283181296454,6.052363328170031
596,algoQD,5,58,0.9999283181296454,5.576247917022556
597,algoQD,5,58,0.9999283181296454,5.211924972943962
598,algoQD,5,58,0.9999283181296454,6.296696125064045
599,algoQD,5,58,0.9999283181296454,5.798746549058706
600,algoQD,6,58,0.9999283181296454,5.174929468892515
601,algoQD,6,58,0.9999283181296454,5.137088227085769
602,algoQD,6,59,0.9999283181296454,5.437834880314767
603,algoQD,6,59,0.9999283181296454,5.263885646127164
604,algoQD,6,59,0.9999283181296454,5.766328611876816
605,algoQD,6,59,0.9999283181296454,6.10139703983441
606,algoQD,6,59,0.9999283181296454,5.789430594071746
607,algoQD,6,59,0.9999283181296454,5.8020558608695865
608,algoQD,6,59,0.9999283181296454,6.333995904773474
609,algoQD,6,59,0.9999283181296454,5.6211983631365
610,algoQD,6,59,0.9999283181296454,6.227924667298794
611,algoQD,6,59,0.9999283181296454,5.529451332986355
612,algoQD,6,59,0.9999283181296454,5.3486189832910895
613,algoQD,6,59,0.9999283181296454,5.390192246995866
614,algoQD,6,59,0.9999283181296454,5.1908798879012465
615,algoQD,6,59,0.9999719053506851,5.499434625264257
616,algoQD,6,59,0.9999719053506851,5.407519226893783
617,algoQD,6,59,0.9999719053506851,5.1553172511048615
618,algoQD,6,59,0.9999719053506851,6.3820599229075015
619,algoQD,6,59,0.9999719053506851,5.4296642118133605
620,algoQD,6,59,0.9999719053506851,5.075347124133259
621,algoQD,6,59,0.9999719053506851,5.64122720900923
622,algoQD,6,59,0.9999719053506851,5.086896366905421
623,algoQD,6,59,0.9999719053506851,5.521048143971711
624,algoQD,6,59,0.9999719053506851,6.404525452759117
625,algoQD,6,59,0.9999719053506851,5.691254387143999
626,algoQD,6,59,0.9999719053506851,5.9906502878293395
627,algoQD,6,59,0.9999719053506851,5.798386757727712
628,algoQD,6,59,0.9999719053506851,6.099466992076486
629,algoQD,6,59,0.9999719053506851,5.373148952610791
630,algoQD,6,59,0.9999719053506851,5.639771597925574
631,algoQD,6,59,0.9999719053506851,5.847853807732463
632,algoQD,6,59,0.9999719053506851,6.8070122981444
633,algoQD,6,59,0.9999719053506851,5.810410457197577
634,algoQD,6,59,0.9999719053506851,5.475836385041475
635,algoQD,6,59,0.9999719053506851,6.828386635985225
636,algoQD,6,59,0.9999719053506851,5.922126369085163
637,algoQD,6,59,0.9999719053506851,5.828979668207467
638,algoQD,6,59,0.9999719053506851,5.603355834260583
639,algoQD,6,60,0.9999719053506851,5.46211747918278
640,algoQD,6,60,0.9999719053506851,5.849444747902453
641,algoQD,6,60,0.9999719053506851,5.88782635005191
642,algoQD,6,60,0.9999719053506851,5.220526403281838
643,algoQD,6,60,0.9999719053506851,5.993226148188114
644,algoQD,6,60,0.9999719053506851,5.41748185781762
645,algoQD,6,60,0.9999719053506851,5.903479417786002
646,algoQD,6,60,0.9999719053506851,5.690408672671765
647,algoQD,6,60,0.9999719053506851,5.347831540741026
648,algoQD,6,60,0.9999719053506851,6.540499039925635
649,algoQD,6,60,0.9999719053506851,5.4120448138564825
650,algoQD,6,60,0.9999719053506851,6.028192027006298
651,algoQD,6,60,0.9999719053506851,6.1135223810561
652,algoQD,6,60,0.9999719053506851,6.443466584198177
653,algoQD,6,60,0.9999719053506851,5.4243788700550795
654,algoQD,6,60,0.9999719053506851,5.321891727857292
655,algoQD,6,60,0.9999719053506851,5.608653264120221
656,algoQD,6,61,0.9999719053506851,5.567370808683336
657,algoQD,6,61,0.9999719053506851,5.540978459641337
658,algoQD,6,61,0.9999719053506851,5.605109477881342
659,algoQD,6,61,0.9999719053506851,5.568321095313877
660,algoQD,6,61,0.9999719053506851,5.67391743324697
661,algoQD,6,62,0.9999719053506851,6.683627736289054
662,algoQD,6,62,0.9999719053506851,5.453614952974021
663,algoQD,6,62,0.9999719053506851,5.276126512791961
664,algoQD,6,62,0.9999719053506851,6.294422289356589
665,algoQD,6,63,0.9999719053506851,5.334761856123805
666,algoQD,6,63,0.9999719053506851,5.518360200803727
667,algoQD,6,63,0.9999719053506851,5.33718144800514
668,algoQD,6,63,0.9999719053506851,6.104145174380392
669,algoQD,6,63,0.9999719053506851,5.4588415790349245
670,algoQD,6,63,0.9999719053506851,5.814110240899026
671,algoQD,6,63,0.9999719053506851,6.00395146291703
672,algoQD,6,63,0.9999719053506851,5.551039309706539
673,algoQD,6,63,0.9999719053506851,5.219005619641393
674,algoQD,6,63,0.9999719053506851,5.550814523827285
675,algoQD,6,63,0.9999719053506851,5.665545172058046
676,algoQD,6,63,0.9999719053506851,5.268162965774536
677,algoQD,6,63,0.9999719053506851,5.681004434358329
678,algoQD,6,63,0.9999719053506851,5.343825893010944
679,algoQD,6,63,0.9999719053506851,5.459049392025918
680,algoQD,6,63,0.9999719053506851,5.043142380192876
681,algoQD,6,63,0.9999719053506851,6.253818778321147
682,algoQD,6,63,0.9999719053506851,5.210084954742342
683,algoQD,6,63,0.9999719053506851,5.419162704143673
684,algoQD,6,63,0.9999719053506851,5.692471109796315
685,algoQD,6,63,0.9999719053506851,5.225694349035621
686,algoQD,6,63,0.9999719053506851,6.238220382947475
687,algoQD,6,63,0.9999719053506851,4.893464478198439
688,algoQD,6,63,0.9999719053506851,5.462175597902387
689,algoQD,6,63,0.9999719053506851,6.241180497221649
690,algoQD,6,63,0.9999719053506851,5.646112684160471
691,algoQD,6,63,0.9999719053506851,5.095000217668712
692,algoQD,6,63,0.9999719053506851,5.6778401038609445
693,algoQD,6,63,0.9999719053506851,5.112520571798086
694,algoQD,6,63,0.9999719053506851,5.013637478929013
695,algoQD,6,63,0.9999719053506851,5.127248891163617
696,algoQD,6,63,0.9999719053506851,5.872172262053937
697,algoQD,6,63,0.9999719053506851,5.1455485499463975
698,algoQD,6,63,0.9999719053506851,5.6056979787535965
699,algoQD,6,63,0.9999719053506851,4.9867596621625125
700,algoQD,7,63,0.9999719053506851,5.461799447890371
701,algoQD,7,63,0.9999719053506851,5.277419456280768
702,algoQD,7,63,0.9999719053506851,4.936192775145173
703,algoQD,7,63,0.9999719053506851,5.433089700061828
704,algoQD,7,63,0.9999719053506851,5.789859238546342
705,algoQD,7,64,0.9999719053506851,5.989588655065745
706,algoQD,7,64,0.9999719053506851,6.4492432894185185
707,algoQD,7,65,0.9999719053506851,5.768913581967354
708,algoQD,7,65,0.9999719053506851,5.063514703884721
709,algoQD,7,65,0.9999719053506851,4.878302610013634
710,algoQD,7,65,0.9999719053506851,4.925413758028299
711,algoQD,7,65,0.9999719053506851,5.211611368693411
712,algoQD,7,65,0.9999719053506851,5.297602471895516
713,algoQD,7,65,0.9999719053506851,4.97729041101411
714,algoQD,7,65,0.9999719053506851,4.708910346031189
715,algoQD,7,65,0.9999719053506851,5.207987770903856
716,algoQD,7,65,0.9999719053506851,4.9797992911189795
717,algoQD,7,65,0.9999719053506851,4.798792972695082
718,algoQD,7,65,0.9999719053506851,5.383584999013692
719,algoQD,7,65,0.9999719053506851,4.706921287812293
720,algoQD,7,65,0.9999719053506851,4.482791505753994
721,algoQD,7,65,0.9999719053506851,4.4085152191109955
722,algoQD,7,65,0.9999719053506851,5.465333285275847
723,algoQD,7,65,0.9999719053506851,4.766110769007355
724,algoQD,7,66,0.9999719053506851,5.795994661748409
725,algoQD,7,66,0.9999719053506851,4.637902354821563
726,algoQD,7,66,0.9999719053506851,4.610405388753861
727,algoQD,7,66,0.9999719053506851,4.777272229082882
728,algoQD,7,67,0.9999719053506851,5.420229819137603
729,algoQD,7,67,0.9999719053506851,5.029175769072026
730,algoQD,7,67,0.9999719053506851,4.568510066252202
731,algoQD,7,67,0.9999719053506851,4.787984675727785
732,algoQD,7,67,0.9999719053506851,5.330633416771889
733,algoQD,7,67,0.9999719053506851,5.174841605126858
734,algoQD,7,67,0.9999719053506851,4.686962414998561
735,algoQD,7,67,0.9999719053506851,4.448637743946165
736,algoQD,7,67,0.9999719053506851,4.338665799237788
737,algoQD,7,67,0.9999719053506851,5.168349266983569
738,algoQD,7,67,0.9999719053506851,4.976477371063083
739,algoQD,7,67,0.9999719053506851,4.853702905122191
740,algoQD,7,67,0.9999719053506851,5.229640849865973
741,algoQD,7,67,0.9999719053506851,4.550691528245807
742,algoQD,7,67,0.9999719053506851,5.345010292250663
743,algoQD,7,68,0.9999719053506851,4.715139085892588
744,algoQD,7,68,0.9999719053506851,5.12618195079267
745,algoQD,7,68,0.9999719053506851,4.983661112841219
746,algoQD,7,68,0.9999719053506851,4.51904067164287
747,algoQD,7,68,0.9999719053506851,5.039628245867789
748,algoQD,7,68,0.9999719053506851,4.945902889128774
749,algoQD,7,68,0.9999719053506851,4.67609341815114
750,algoQD,7,68,0.9999719053506851,5.08510823128745
751,algoQD,7,68,0.9999719053506851,4.540447341278195
752,algoQD,7,68,0.9999719053506851,5.423335139639676
753,algoQD,7,68,0.9999719053506851,5.576472626067698
754,algoQD,7,68,0.9999719053506851,4.863387124147266
755,algoQD,7,68,0.9999719053506851,4.544746974948794
756,algoQD,7,68,0.9999719053506851,4.786948510911316
757,algoQD,7,68,0.9999719053506851,4.640620911028236
758,algoQD,7,68,0.9999719053506851,4.949507249053568
759,algoQD,7,68,0.9999719053506851,5.496619932819158
760,algoQD,7,68,0.9999719053506851,4.902561555150896
761,algoQD,7,69,0.9999719053506851,5.214952013920993
762,algoQD,7,69,0.9999719053506851,5.258296194951981
763,algoQD,7,69,0.9999719053506851,5.3236954980529845
764,algoQD,7,69,0.9999719053506851,5.234924061689526
765,algoQD,7,69,0.9999719053506851,4.838769588153809
766,algoQD,7,69,0.9999719053506851,5.178100682795048
767,algoQD,7,69,0.9999719053506851,5.334750858135521
768,algoQD,7,69,0.9999719053506851,5.960410848259926
769,algoQD,7,69,0.9999719053506851,5.142424661200494
770,algoQD,7,69,0.9999719053506851,5.227956035174429
771,algoQD,7,69,0.9999719053506851,5.339972744695842
772,algoQD,7,70,0.9999719053506851,5.94465467473492
773,algoQD,7,70,0.9999719053506851,5.915447206702083
774,algoQD,7,70,0.9999719053506851,5.881360169034451
775,algoQD,7,70,0.9999719053506851,5.537591769825667
776,algoQD,7,70,0.9999719053506851,6.471947569865733
777,algoQD,7,70,0.9999719053506851,5.707031802274287
778,algoQD,7,70,0.9999719053506851,5.793022152967751
779,algoQD,7,70,0.9999719053506851,5.772959013003856
780,algoQD,7,70,0.9999719053506851,5.4274005317129195
781,algoQD,7,70,0.9999719053506851,5.481207230128348
782,algoQD,7,70,0.9999719053506851,5.937269422225654
783,algoQD,7,70,0.9999719053506851,5.53062205016613
784,algoQD,7,70,0.9999719053506851,5.451839218381792
785,algoQD,7,70,0.9999719053506851,5.462951575871557
786,algoQD,7,71,0.9999719053506851,5.546619338914752
787,algoQD,7,71,0.9999719053506851,5.454305328894407
788,algoQD,7,71,0.9999719053506851,5.285142231266946
789,algoQD,7,71,0.9999719053506851,5.242648276966065
790,algoQD,7,71,0.9999719053506851,5.249146184884012
791,algoQD,7,71,0.9999719053506851,5.315306867938489
792,algoQD,7,71,0.9999719053506851,6.488626053091139
793,algoQD,7,71,0.9999719053506851,6.342019617091864
794,algoQD,7,71,0.9999719053506851,5.414110450074077
795,algoQD,7,71,0.9999719053506851,5.363022337201983
796,algoQD,7,71,0.9999719053506851,5.325626998208463
797,algoQD,7,71,0.9999719053506851,6.05814716219902
798,algoQD,7,72,0.9999719053506851,5.038181882817298
799,algoQD,7,72,0.9999719053506851,5.326535114087164
800,algoQD,8,73,0.9999719053506851,5.4872428849339485
801,algoQD,8,73,0.9999719053506851,5.692832351662219
802,algoQD,8,73,0.9999719053506851,5.935266376007348
803,algoQD,8,73,0.9999719053506851,5.835499935783446
804,algoQD,8,73,0.9999719053506851,5.820356792304665
805,algoQD,8,73,0.9999719053506851,5.586298783309758
806,algoQD,8,73,0.9999719053506851,5.462426504120231
807,algoQD,8,73,0.9999719053506851,5.7550852708518505
808,algoQD,8,73,0.9999719053506851,5.908740765880793
809,algoQD,8,73,0.9999719053506851,5.422227506060153
810,algoQD,8,73,0.9999719053506851,5.605761769693345
811,algoQD,8,73,0.9999719053506851,5.354517446830869
812,algoQD,8,73,0.9999719053506851,5.5867516486905515
813,algoQD,8,73,0.9999719053506851,5.984264560043812
814,algoQD,8,73,0.9999719053506851,5.623803489841521
815,algoQD,8,73,0.9999719053506851,5.8196828700602055
816,algoQD,8,73,0.9999719053506851,6.35876923520118
817,algoQD,8,74,0.9999719053506851,5.329058873001486
818,algoQD,8,74,0.9999719053506851,5.982084660790861
819,algoQD,8,74,0.9999719053506851,5.304671050980687
820,algoQD,8,74,0.9999719053506851,6.389562009833753
821,algoQD,8,74,0.9999719053506851,6.146346347872168
822,algoQD,8,74,0.9999719053506851,5.309145976789296
823,algoQD,8,74,0.9999719053506851,5.5769483358599246
824,algoQD,8,74,0.9999719053506851,5.246342958882451
825,algoQD,8,74,0.9999719053506851,5.357401956804097
826,algoQD,8,74,0.9999719053506851,5.413098437245935
827,algoQD,8,74,0.9999719053506851,6.130176415666938
828,algoQD,8,74,0.9999719053506851,6.064022128004581
829,algoQD,8,74,0.9999719053506851,5.7340949811041355
830,algoQD,8,74,0.9999719053506851,5.691722996998578
831,algoQD,8,74,0.9999719053506851,5.543307069689035
832,algoQD,8,74,0.9999719053506851,5.774145618081093
833,algoQD,8,74,0.9999719053506851,5.801963769830763
834,algoQD,8,74,0.9999719053506851,5.810880508739501
835,algoQD,8,74,0.9999719053506851,5.380333487410098
836,algoQD,8,74,0.9999719053506851,6.395846791099757
837,algoQD,8,74,0.9999719053506851,5.54966729786247
838,algoQD,8,74,0.9999719053506851,5.454635314177722
839,algoQD,8,74,0.9999719053506851,5.853401835076511
840,algoQD,8,74,0.9999719053506851,5.3931855210103095
841,algoQD,8,74,0.9999719053506851,6.790507936384529
842,algoQD,8,74,0.9999719053506851,5.57552627986297
843,algoQD,8,74,0.9999719053506851,5.836863024160266
844,algoQD,8,74,0.9999719053506851,5.630680756177753
845,algoQD,8,74,0.9999719053506851,5.57504726620391
846,algoQD,8,74,0.9999719053506851,6.306036911904812
847,algoQD,8,74,0.9999719053506851,5.636857737787068
848,algoQD,8,74,0.9999719053506851,5.959664581343532
849,algoQD,8,74,0.9999719053506851,5.550518145784736
850,algoQD,8,74,0.9999719053506851,5.827946975827217
851,algoQD,8,74,0.9999719053506851,5.403454384766519
852,algoQD,8,74,0.9999719053506851,6.016264928970486
853,algoQD,8,74,0.9999719053506851,5.567366762086749
854,algoQD,8,74,0.9999719053506851,5.893145740963519
855,algoQD,8,74,0.9999719053506851,5.648570088669658
856,algoQD,8,74,0.9999719053506851,5.591369715984911
857,algoQD,8,74,0.9999719053506851,5.477039175108075
858,algoQD,8,74,0.9999719053506851,6.042198550887406
859,algoQD,8,74,0.9999719053506851,5.858121511992067
860,algoQD,8,74,0.9999719053506851,5.28791973926127
861,algoQD,8,74,0.9999719053506851,6.525679333135486
862,algoQD,8,74,0.9999719053506851,5.819297274108976
863,algoQD,8,74,0.9999719053506851,6.271695823874325
864,algoQD,8,74,0.9999719053506851,7.2997042066417634
865,algoQD,8,74,0.9999719053506851,5.739241364877671
866,algoQD,8,74,0.9999719053506851,5.879672775045037
867,algoQD,8,74,0.9999719053506851,5.743064769078046
868,algoQD,8,74,0.9999719053506851,6.200328562874347
869,algoQD,8,74,0.9999719053506851,5.720698788296431
870,algoQD,8,74,0.9999719053506851,5.222390790004283
871,algoQD,8,74,0.9999719053506851,6.044735623989254
872,algoQD,8,74,0.9999719053506851,5.344503405038267
873,algoQD,8,74,0.9999719053506851,5.426604177802801
874,algoQD,8,74,0.9999719053506851,5.324912517797202
875,algoQD,8,74,0.9999719053506851,5.478731913957745
876,algoQD,8,74,0.9999719053506851,5.712898739147931
877,algoQD,8,74,0.9999719053506851,5.342906336765736
878,algoQD,8,74,0.9999719053506851,5.559720914810896
879,algoQD,8,75,0.9999719053506851,6.195054377894849
880,algoQD,8,75,0.9999719053506851,5.914019342977554
881,algoQD,8,75,0.9999719053506851,5.844732073135674
882,algoQD,8,75,0.9999719053506851,6.601059146225452
883,algoQD,8,75,0.9999719053506851,6.2256252518855035
884,algoQD,8,76,0.9999719053506851,5.532884506043047
885,algoQD,8,76,0.9999719053506851,5.722239087801427
886,algoQD,8,76,0.9999719053506851,5.898036142345518
887,algoQD,8,76,0.9999719053506851,5.7383082821033895
888,algoQD,8,76,0.9999719053506851,5.755213875789195
889,algoQD,8,76,0.9999719053506851,5.550515923183411
890,algoQD,8,76,0.9999719053506851,5.5893813688308
891,algoQD,8,76,0.9999719053506851,5.45958550600335
892,algoQD,8,76,0.9999719053506851,5.1890754089690745
893,algoQD,8,76,0.9999719053506851,6.179901554714888
894,algoQD,8,76,0.9999719053506851,5.602510177064687
895,algoQD,8,77,0.9999719053506851,5.571456158999354
896,algoQD,8,77,0.9999719053506851,5.1010909378528595
897,algoQD,8,77,0.9999719053506851,6.001871671993285
898,algoQD,8,77,0.9999719053506851,5.830527173355222
899,algoQD,8,77,0.9999719053506851,5.880957732908428
900,algoQD,9,77,0.9999719053506851,5.577635143883526
901,algoQD,9,77,0.9999719053506851,5.751058011781424
902,algoQD,9,77,0.9999719053506851,5.9590111169964075
903,algoQD,9,77,0.9999719053506851,6.375225887168199
904,algoQD,9,77,0.9999719053506851,5.623527850955725
905,algoQD,9,77,0.9999719053506851,6.120682550128549
906,algoQD,9,77,0.9999719053506851,5.433426216710359
907,algoQD,9,77,0.9999719053506851,5.727390080690384
908,algoQD,9,77,0.9999719053506851,5.9694221881218255
909,algoQD,9,77,0.9999719053506851,5.213974858168513
910,algoQD,9,77,0.9999719053506851,5.265315145719796
911,algoQD,9,77,0.9999719053506851,6.38163086026907
912,algoQD,9,77,0.9999719053506851,6.27304867003113
913,algoQD,9,77,0.9999719053506851,5.457968382164836
914,algoQD,9,77,0.9999719053506851,5.992398112080991
915,algoQD,9,77,0.9999719053506851,6.732029388193041
916,algoQD,9,77,0.9999719053506851,5.651617777068168
917,algoQD,9,77,0.9999719053506851,5.868680234998465
918,algoQD,9,77,0.9999719053506851,5.28803581232205
919,algoQD,9,77,0.9999719053506851,6.198314127046615
920,algoQD,9,77,0.9999719053506851,5.524342298042029
921,algoQD,9,77,0.9999719053506851,5.371335712727159
922,algoQD,9,77,0.9999719053506851,5.171148981899023
923,algoQD,9,77,0.9999719053506851,5.690928186755627
924,algoQD,9,77,0.9999719053506851,5.5324658658355474
925,algoQD,9,77,0.9999719053506851,5.492791827768087
926,algoQD,9,77,0.9999719053506851,6.374909267295152
927,algoQD,9,77,0.9999719053506851,5.807873196899891
928,algoQD,9,77,0.9999719053506851,5.317054366692901
929,algoQD,9,78,0.9999719053506851,6.02687664097175
930,algoQD,9,78,0.9999719053506851,5.52925768494606
931,algoQD,9,78,0.9999719053506851,5.290960406884551
932,algoQD,9,78,0.9999719053506851,5.675148632843047
933,algoQD,9,78,0.9999719053506851,5.0347157209180295
934,algoQD,9,78,0.9999719053506851,5.270239388104528
935,algoQD,9,78,0.9999719053506851,5.418556502088904
936,algoQD,9,78,0.9999719053506851,5.155770094599575
937,algoQD,9,78,0.9999719053506851,6.14621917065233
938,algoQD,9,78,0.9999719053506851,5.085358052980155
939,algoQD,9,78,0.9999719053506851,6.227868395391852
940,algoQD,9,78,0.9999719053506851,5.41155044361949
941,algoQD,9,78,0.9999719053506851,6.030045156832784
942,algoQD,9,78,0.9999719053506851,5.9795498652383685
943,algoQD,9,78,0.9999719053506851,5.090284269768745
944,algoQD,9,79,0.9999719053506851,6.480752261355519
945,algoQD,9,79,0.9999719053506851,5.2968726279214025
946,algoQD,9,79,0.9999719053506851,5.404838441871107
947,algoQD,9,79,0.9999719053506851,5.899582678917795
948,algoQD,9,79,0.9999719053506851,5.960658031050116
949,algoQD,9,79,0.9999719053506851,5.367165494244546
950,algoQD,9,79,0.9999719053506851,5.142565647605807
951,algoQD,9,79,0.9999719053506851,5.037935644388199
952,algoQD,9,79,0.9999719053506851,5.994650203734636
953,algoQD,9,79,0.9999719053506851,6.187103325966746
954,algoQD,9,79,0.9999719053506851,5.334486864041537
955,algoQD,9,79,0.9999719053506851,5.601441154722124
956,algoQD,9,79,0.9999719053506851,5.588104174938053
957,algoQD,9,79,0.9999719053506851,5.389126778114587
958,algoQD,9,79,0.9999719053506851,5.015136059373617
959,algoQD,9,79,0.9999719053506851,5.1415089010261
960,algoQD,9,79,0.9999719053506851,5.178439345210791
961,algoQD,9,79,0.9999719053506851,4.744423257187009
962,algoQD,9,79,0.9999719053506851,5.069583137985319
963,algoQD,9,79,0.9999719053506851,5.093999919947237
964,algoQD,9,79,0.9999719053506851,5.5130009688436985
965,algoQD,9,80,0.9999719053506851,5.914792024064809
966,algoQD,9,80,0.9999719053506851,5.774489743169397
967,algoQD,9,80,0.9999719053506851,5.497285136952996
968,algoQD,9,81,0.9999719053506851,5.315668259281665
969,algoQD,9,82,0.9999719053506851,5.9461891539394855
970,algoQD,9,82,0.9999719053506851,4.894924176856875
971,algoQD,9,82,0.9999719053506851,5.152363168075681
972,algoQD,9,82,0.9999719053506851,5.91041836887598
973,algoQD,9,82,0.9999719053506851,6.03554375609383
974,algoQD,9,82,0.9999719053506851,5.579498686827719
975,algoQD,9,82,0.9999719053506851,5.529060692060739
976,algoQD,9,82,0.9999719053506851,6.241188199725002
977,algoQD,9,82,0.9999719053506851,5.810980597976595
978,algoQD,9,82,0.9999719053506851,4.933740993961692
979,algoQD,9,82,0.9999719053506851,5.335250306874514
980,algoQD,9,82,0.9999719053506851,5.398873593658209
981,algoQD,9,82,0.9999719053506851,5.779927168041468
982,algoQD,9,82,0.9999719053506851,5.602072407025844
983,algoQD,9,82,0.9999719053506851,5.787979559972882
984,algoQD,9,82,0.9999719053506851,5.617030227091163
985,algoQD,9,82,0.9999719053506851,5.4912997502833605
986,algoQD,9,82,0.9999719053506851,5.381245889235288
987,algoQD,9,82,0.9999719053506851,5.382625134196132
988,algoQD,9,82,0.9999719053506851,5.527578951790929
989,algoQD,9,82,0.9999719053506851,5.376479000784457
990,algoQD,9,82,0.9999719053506851,5.903145058080554
991,algoQD,9,82,0.9999719053506851,4.818769061937928
992,algoQD,9,82,0.9999719053506851,5.069233287125826
993,algoQD,9,82,0.9999719053506851,5.42215108172968
994,algoQD,9,82,0.9999719053506851,6.096130365971476
995,algoQD,9,82,0.9999719053506851,5.677178558893502
996,algoQD,9,82,0.9999719053506851,5.1439234730787575
997,algoQD,9,82,0.9999719053506851,5.493698941078037
998,algoQD,9,82,0.9999719053506851,5.226192098110914
999,algoQD,9,82,0.9999719053506851,5.39059826079756
1000,algoQD,10,82,0.9999719053506851,5.648913136217743
1001,algoQD,10,82,0.9999719053506851,5.281423278152943
1002,algoQD,10,82,0.9999719053506851,5.151652276050299
1003,algoQD,10,82,0.9999719053506851,4.882574723102152
1004,algoQD,10,82,0.9999719053506851,5.078040927182883
1005,algoQD,10,82,0.9999719053506851,5.0428757281042635
1006,algoQD,10,82,0.9999719053506851,5.730721560772508
1007,algoQD,10,82,0.9999719053506851,4.956045235041529
1008,algoQD,10,82,0.9999719053506851,5.726922492962331
1009,algoQD,10,82,0.9999719053506851,5.210100144147873
1010,algoQD,10,82,0.9999719053506851,5.666197852231562
1011,algoQD,10,82,0.9999719053506851,5.731959266122431
1012,algoQD,10,82,0.9999719053506851,5.447896311059594
1013,algoQD,10,82,0.9999719053506851,5.327260375954211
1014,algoQD,10,82,0.9999719053506851,5.571884881705046
1015,algoQD,10,83,0.9999719053506851,4.990362578071654
1016,algoQD,10,83,0.9999719053506851,6.3905111802741885
1017,algoQD,10,83,0.9999719053506851,5.3142501139082015
1018,algoQD,10,83,0.9999719053506851,5.143749697133899
1019,algoQD,10,83,0.9999719053506851,5.3121220911853015
1020,algoQD,10,83,0.9999719053506851,6.300288341008127
1021,algoQD,10,83,0.9999719053506851,5.085963748861104
1022,algoQD,10,83,0.9999719053506851,5.498104332014918
1023,algoQD,10,83,0.9999719053506851,5.805591548327357
1024,algoQD,10,83,0.9999719053506851,5.1082116169855
1025,algoQD,10,83,0.9999719053506851,5.987719052005559
1026,algoQD,10,83,0.9999719053506851,5.263440627139062
1027,algoQD,10,83,0.9999719053506851,5.252607056871057
1028,algoQD,10,83,0.9999719053506851,5.3729571318253875
1029,algoQD,10,83,0.9999719053506851,5.727214842103422
1030,algoQD,10,83,0.9999719053506851,5.675860927905887
1031,algoQD,10,84,0.9999719053506851,6.223133114166558
1032,algoQD,10,84,0.9999719053506851,5.297939112875611
1033,algoQD,10,84,0.9999719053506851,5.31505382200703
1034,algoQD,10,84,0.9999719053506851,5.342864751815796
1035,algoQD,10,84,0.9999719053506851,4.871924305334687
1036,algoQD,10,84,0.9999719053506851,5.487314812839031
1037,algoQD,10,84,0.9999719053506851,5.463735980913043
1038,algoQD,10,84,0.9999719053506851,4.861956140957773
1039,algoQD,10,84,0.9999719053506851,5.140672073233873
1040,algoQD,10,85,0.9999719053506851,5.096921664662659
1041,algoQD,10,85,0.9999719053506851,5.194223610218614
1042,algoQD,10,85,0.9999719053506851,5.131351802032441
1043,algoQD,10,85,0.9999719053506851,5.669585180003196
1044,algoQD,10,85,0.9999719053506851,6.459191362839192
1045,algoQD,10,85,0.9999719053506851,5.91938796825707
1046,algoQD,10,85,0.9999719053506851,5.8439924768172204
1047,algoQD,10,85,0.9999719053506851,4.9865701221860945
1048,algoQD,10,85,0.9999719053506851,5.252812325023115
1049,algoQD,10,85,0.9999719053506851,6.006017518229783
1050,algoQD,10,85,0.9999719053506851,5.656508049927652
1051,algoQD,10,85,0.9999719053506851,5.8718820149078965
1052,algoQD,10,85,0.9999719053506851,6.150604740250856
1053,algoQD,10,85,0.9999719053506851,5.979862839449197
1054,algoQD,10,85,0.9999719053506851,5.111013412009925
1055,algoQD,10,85,0.9999719053506851,5.570223151240498
1056,algoQD,10,85,0.9999719053506851,5.9307331359013915
1057,algoQD,10,85,0.9999719053506851,5.501519885845482
1058,algoQD,10,85,0.9999719053506851,6.442560769151896
1059,algoQD,10,85,0.9999719053506851,5.478597482200712
1060,algoQD,10,85,0.9999719053506851,6.806268795859069
1061,algoQD,10,86,0.9999719053506851,6.502508031204343
1062,algoQD,10,86,0.9999719053506851,5.575564273633063
1063,algoQD,10,86,0.9999719053506851,5.402568442281336
1064,algoQD,10,86,0.9999719053506851,6.140098497737199
1065,algoQD,10,86,0.9999719053506851,5.822565189097077
1066,algoQD,10,86,0.9999719053506851,5.181716406252235
1067,algoQD,10,86,0.9999719053506851,5.424599372316152
1068,algoQD,10,86,0.9999719053506851,5.736185271292925
1069,algoQD,10,86,0.9999719053506851,6.194693297147751
1070,algoQD,10,86,0.9999719053506851,6.1629823269322515
1071,algoQD,10,86,0.9999719053506851,6.500073821749538
1072,algoQD,10,86,0.9999719053506851,5.2773731728084385
1073,algoQD,10,86,0.9999719053506851,5.921233917120844
1074,algoQD,10,86,0.9999719053506851,5.460906554944813
1075,algoQD,10,86,0.9999719053506851,5.580258795060217
1076,algoQD,10,86,0.9999719053506851,6.210966505110264
1077,algoQD,10,86,0.9999719053506851,5.0800555450841784
1078,algoQD,10,86,0.9999719053506851,6.349598515313119
1079,algoQD,10,86,0.9999719053506851,5.598175408318639
1080,algoQD,10,87,0.9999719053506851,6.264139406383038
1081,algoQD,10,87,0.9999719053506851,5.54651420423761
1082,algoQD,10,87,0.9999719053506851,5.847034495323896
1083,algoQD,10,87,0.9999719053506851,5.057093637995422
1084,algoQD,10,87,0.9999719053506851,5.255914497189224
1085,algoQD,10,87,0.9999719053506851,5.967392333783209
1086,algoQD,10,87,0.9999719053506851,6.249461913015693
1087,algoQD,10,87,0.9999719053506851,6.122444350272417
1088,algoQD,10,87,0.9999719053506851,5.903267289046198
1089,algoQD,10,87,0.9999719053506851,5.535575945861638
1090,algoQD,10,87,0.9999719053506851,5.6676555229350924
1091,algoQD,10,87,0.9999719053506851,5.366323567926884
1092,algoQD,10,87,0.9999719053506851,6.253323188982904
1093,algoQD,10,87,0.9999719053506851,5.413407954853028
1094,algoQD,10,87,0.9999719053506851,5.432301464956254
1095,algoQD,10,87,0.9999719053506851,6.671385770197958
1096,algoQD,10,87,0.9999719053506851,4.861169041600078
1097,algoQD,10,87,0.9999719053506851,5.372057341039181
1098,algoQD,10,87,0.9999719053506851,5.298165109008551
1099,algoQD,10,87,0.9999719053506851,5.2718779691495
1100,algoQD,11,87,0.9999719053506851,4.998847608920187
1101,algoQD,11,87,0.9999719053506851,5.642111193854362
1102,algoQD,11,87,0.9999719053506851,5.104256493970752
1103,algoQD,11,87,0.9999719053506851,5.0757953631691635
1104,algoQD,11,87,0.9999719053506851,5.71480962401256
1105,algoQD,11,87,0.9999719053506851,5.922068063635379
1106,algoQD,11,87,0.9999719053506851,5.489738278090954
1107,algoQD,11,87,0.9999719053506851,5.386254763696343
1108,algoQD,11,87,0.9999719053506851,5.08346425415948
1109,algoQD,11,87,0.9999719053506851,5.219353517051786
1110,algoQD,11,87,0.9999719053506851,6.285274574998766
1111,algoQD,11,87,0.9999719053506851,5.537839361000806
1112,algoQD,11,88,0.9999719053506851,5.426847551018
1113,algoQD,11,88,0.9999719053506851,5.40126224886626
1114,algoQD,11,88,0.9999719053506851,5.005000895354897
1115,algoQD,11,88,0.9999719053506851,6.2637065928429365
1116,algoQD,11,88,0.9999719053506851,5.752092055976391
1117,algoQD,11,88,0.9999719053506851,5.7954216450452805
1118,algoQD,11,88,0.9999719053506851,5.966512317769229
1119,algoQD,11,88,0.9999719053506851,5.2780278371647
1120,algoQD,11,88,0.9999719053506851,5.441543768160045
1121,algoQD,11,88,0.9999719053506851,5.358689883723855
1122,algoQD,11,88,0.9999719053506851,5.343560587149113
1123,algoQD,11,88,0.9999719053506851,5.029771646019071
1124,algoQD,11,88,0.9999719053506851,6.346630804240704
1125,algoQD,11,88,0.9999719053506851,6.320892964024097
1126,algoQD,11,88,0.9999719053506851,5.389891426078975
1127,algoQD,11,88,0.9999719053506851,5.048307738732547
1128,algoQD,11,88,0.9999719053506851,5.02107926318422
1129,algoQD,11,88,0.9999719053506851,5.882910235784948
1130,algoQD,11,88,0.9999719053506851,4.969257339835167
1131,algoQD,11,88,0.9999719053506851,5.541765290312469
1132,algoQD,11,88,0.9999719053506851,5.461288683582097
1133,algoQD,11,88,0.9999719053506851,5.239313951227814
1134,algoQD,11,88,0.9999719053506851,6.411864446010441
1135,algoQD,11,88,0.9999719053506851,5.345436681993306
1136,algoQD,11,88,0.9999719053506851,4.944894276093692
1137,algoQD,11,88,0.9999719053506851,5.430134991649538
1138,algoQD,11,88,0.9999719053506851,6.011623601894826
1139,algoQD,11,88,0.9999719053506851,5.8903334639035165
1140,algoQD,11,88,0.9999719053506851,5.671956857200712
1141,algoQD,11,88,0.9999719053506851,5.264324836898595
1142,algoQD,11,88,0.9999719053506851,5.004468136932701
1143,algoQD,11,88,0.9999719053506851,6.156191803049296
1144,algoQD,11,88,0.9999719053506851,5.344875379931182
1145,algoQD,11,88,0.9999719053506851,5.582164340652525
1146,algoQD,11,88,0.9999719053506851,5.398816008120775
1147,algoQD,11,88,0.9999719053506851,5.22030578693375
1148,algoQD,11,88,0.9999719053506851,5.865898394957185
1149,algoQD,11,88,0.9999719053506851,6.124885301105678
1150,algoQD,11,88,0.9999719053506851,6.035475387237966
1151,algoQD,11,88,0.9999719053506851,5.406106672249734
1152,algoQD,11,88,0.9999719053506851,6.476239247713238
1153,algoQD,11,88,0.9999719053506851,5.761535348836333
1154,algoQD,11,88,0.9999719053506851,5.604136334732175
1155,algoQD,11,88,0.9999719053506851,5.503644553013146
1156,algoQD,11,88,0.9999719053506851,5.616214787121862
1157,algoQD,11,88,0.9999719053506851,5.953019924927503
1158,algoQD,11,88,0.9999719053506851,6.060467639006674
1159,algoQD,11,88,0.9999719053506851,5.550421183928847
1160,algoQD,11,88,0.9999719053506851,5.246152300853282
1161,algoQD,11,88,0.9999719053506851,5.665507982950658
1162,algoQD,11,88,0.9999719053506851,5.46772446623072
1163,algoQD,11,88,0.9999719053506851,5.815989976748824
1164,algoQD,11,88,0.9999719053506851,6.5242640492506325
1165,algoQD,11,88,0.9999719053506851,5.908976817969233
1166,algoQD,11,88,0.9999719053506851,5.650059334002435
1167,algoQD,11,88,0.9999719053506851,6.1238843803294
1168,algoQD,11,88,0.9999719053506851,6.3083679783158
1169,algoQD,11,89,0.9999719053506851,6.375991186592728
1170,algoQD,11,89,0.9999719053506851,6.4638842339627445
1171,algoQD,11,89,0.9999719053506851,5.317177026998252
1172,algoQD,11,89,0.9999719053506851,6.00974943023175
1173,algoQD,11,89,0.9999719053506851,6.598045603372157
1174,algoQD,11,89,0.9999719053506851,5.394512897823006
1175,algoQD,11,89,0.9999719053506851,5.602625519968569
1176,algoQD,11,89,0.9999719053506851,6.129465744830668
1177,algoQD,11,89,0.9999719053506851,5.999791594687849
1178,algoQD,11,89,0.9999719053506851,5.283210209105164
1179,algoQD,11,89,0.9999719053506851,5.250867110211402
1180,algoQD,11,89,0.9999719053506851,5.605829203035682
1181,algoQD,11,89,0.9999719053506851,6.326762954238802
1182,algoQD,11,89,0.9999719053506851,5.31327904202044
1183,algoQD,11,89,0.9999719053506851,5.395890490151942
1184,algoQD,11,89,0.9999719053506851,5.498309954069555
1185,algoQD,11,89,0.9999719053506851,4.966005916241556
1186,algoQD,11,89,0.9999719053506851,5.969986140727997
1187,algoQD,11,89,0.9999719053506851,5.87304243305698
1188,algoQD,11,89,0.9999719053506851,5.182455100119114
1189,algoQD,11,89,0.9999719053506851,5.574993622023612
1190,algoQD,11,89,0.9999719053506851,5.703964333049953
1191,algoQD,11,89,0.9999719053506851,5.344479204155505
1192,algoQD,11,89,0.9999719053506851,5.260630737058818
1193,algoQD,11,89,0.9999719053506851,5.144229155033827
1194,algoQD,11,89,0.9999719053506851,5.874850458931178
1195,algoQD,11,89,0.9999719053506851,5.0615306426770985
1196,algoQD,11,89,0.9999719053506851,5.171650446020067
1197,algoQD,11,89,0.9999719053506851,4.953638250008225
1198,algoQD,11,89,0.9999719053506851,5.023690845351666
1199,algoQD,11,89,0.9999719053506851,5.543421330861747
1200,algoQD,12,89,0.9999719053506851,5.839062848128378
1201,algoQD,12,89,0.9999719053506851,5.767634744755924
1202,algoQD,12,89,0.9999719053506851,4.843557620886713
1203,algoQD,12,89,0.9999719053506851,4.960130455903709
1204,algoQD,12,89,0.9999719053506851,5.239291504956782
1205,algoQD,12,89,0.9999719053506851,4.955478415824473
1206,algoQD,12,89,0.9999719053506851,5.741001300048083
1207,algoQD,12,89,0.9999719053506851,5.173780701123178
1208,algoQD,12,89,0.9999719053506851,5.308286621700972
1209,algoQD,12,89,0.9999719053506851,5.5380836562253535
1210,algoQD,12,89,0.9999719053506851,5.232983135152608
1211,algoQD,12,89,0.9999719053506851,5.586613352876157
1212,algoQD,12,89,0.9999719053506851,5.577520130202174
1213,algoQD,12,89,0.9999719053506851,5.250419941730797
1214,algoQD,12,89,0.9999719053506851,5.340010864194483
1215,algoQD,12,89,0.9999719053506851,6.084889590740204
1216,algoQD,12,89,0.9999719053506851,5.087881553918123
1217,algoQD,12,89,0.9999719053506851,5.805330049712211
1218,algoQD,12,89,0.9999719053506851,5.233164847828448
1219,algoQD,12,89,0.9999719053506851,5.057944918982685
1220,algoQD,12,89,0.9999719053506851,5.1555757517926395
1221,algoQD,12,89,0.9999719053506851,5.081116911023855
1222,algoQD,12,89,0.9999719053506851,6.134931955952197
1223,algoQD,12,89,0.9999719053506851,5.271584513131529
1224,algoQD,12,89,0.9999719053506851,5.773295079823583
1225,algoQD,12,89,0.9999719053506851,5.584591350983828
1226,algoQD,12,89,0.9999719053506851,6.127879300620407
1227,algoQD,12,89,0.9999719053506851,5.88235049135983
1228,algoQD,12,89,0.9999719053506851,5.432432848028839
1229,algoQD,12,89,0.9999719053506851,5.302113796584308
1230,algoQD,12,89,0.9999719053506851,5.789767384994775
1231,algoQD,12,89,0.9999719053506851,5.438782404176891
1232,algoQD,12,89,0.9999719053506851,5.5061285849660635
1233,algoQD,12,89,0.9999719053506851,4.835879553109407
1234,algoQD,12,89,0.9999719053506851,5.457700910978019
1235,algoQD,12,89,0.9999719053506851,5.936568135861307
1236,algoQD,12,89,0.9999719053506851,6.308483593631536
1237,algoQD,12,89,0.9999719053506851,5.93256349908188
1238,algoQD,12,89,0.9999719053506851,5.115230591036379
1239,algoQD,12,89,0.9999719053506851,6.258694966789335
1240,algoQD,12,89,0.9999719053506851,5.26656843489036
1241,algoQD,12,89,0.9999719053506851,5.402879826724529
1242,algoQD,12,89,0.9999719053506851,4.929738209117204
1243,algoQD,12,89,0.9999719053506851,4.7487138928845525
1244,algoQD,12,89,0.9999719053506851,5.213804896920919
1245,algoQD,12,89,0.9999719053506851,5.5486144931055605
1246,algoQD,12,89,0.9999719053506851,6.506182075943798
1247,algoQD,12,89,0.9999719053506851,4.700514259748161
1248,algoQD,12,89,0.9999719053506851,5.225517318118364
1249,algoQD,12,89,0.9999719053506851,5.8127501010894775
1250,algoQD,12,89,0.9999719053506851,5.3068046206608415
1251,algoQD,12,89,0.9999719053506851,5.346056638285518
1252,algoQD,12,89,0.9999719053506851,4.962222649715841
1253,algoQD,12,89,0.9999719053506851,5.828680270817131
1254,algoQD,12,89,0.9999719053506851,4.976016233209521
1255,algoQD,12,89,0.9999719053506851,5.471386850811541
1256,algoQD,12,89,0.9999719053506851,5.638143760152161
1257,algoQD,12,89,0.9999719053506851,5.194778705947101
1258,algoQD,12,89,0.9999719053506851,5.6177669069729745
1259,algoQD,12,89,0.9999719053506851,5.753964333795011
1260,algoQD,12,89,0.9999719053506851,4.861538355704397
1261,algoQD,12,89,0.9999719053506851,5.652586849872023
1262,algoQD,12,89,0.9999719053506851,5.010050090961158
1263,algoQD,12,89,0.9999719053506851,5.751307453028858
1264,algoQD,12,89,0.9999719053506851,5.771861461922526
1265,algoQD,12,90,0.9999719053506851,6.449000110849738
1266,algoQD,12,90,0.9999719053506851,5.378261680249125
1267,algoQD,12,90,0.9999719053506851,5.4872287241742015
1268,algoQD,12,90,0.9999719053506851,6.278191545046866
1269,algoQD,12,90,0.9999719053506851,5.399615367874503
1270,algoQD,12,90,0.9999719053506851,5.4203001712448895
1271,algoQD,12,90,0.9999719053506851,5.5780946356244385
1272,algoQD,12,90,0.9999719053506851,6.348342317622155
1273,algoQD,12,90,0.9999719053506851,5.2049380838871
1274,algoQD,12,90,0.9999719053506851,5.480154096614569
1275,algoQD,12,90,0.9999719053506851,4.834607581142336
1276,algoQD,12,90,0.9999719053506851,6.334185977932066
1277,algoQD,12,90,0.9999719053506851,5.107581166084856
1278,algoQD,12,90,0.9999719053506851,5.685288710985333
1279,algoQD,12,90,0.9999719053506851,4.7052419828251
1280,algoQD,12,90,0.9999719053506851,5.233580333180726
1281,algoQD,12,90,0.9999719053506851,4.815532867331058
1282,algoQD,12,90,0.9999719053506851,5.868395152036101
1283,algoQD,12,90,0.9999719053506851,5.248527665622532
1284,algoQD,12,90,0.9999719053506851,5.714268668554723
1285,algoQD,12,90,0.9999719053506851,4.9822655422613025
1286,algoQD,12,90,0.9999719053506851,5.673226049169898
1287,algoQD,12,90,0.9999719053506851,6.297675172332674
1288,algoQD,12,90,0.9999719053506851,5.018035457935184
1289,algoQD,12,90,0.9999719053506851,5.356101207900792
1290,algoQD,12,90,0.9999719053506851,5.649970704223961
1291,algoQD,12,90,0.9999719053506851,5.503121702931821
1292,algoQD,12,90,0.9999719053506851,5.853261470794678
1293,algoQD,12,90,0.9999719053506851,5.750032920856029
1294,algoQD,12,90,0.9999719053506851,5.077945701777935
1295,algoQD,12,90,0.9999719053506851,5.087819249834865
1296,algoQD,12,90,0.9999719053506851,5.286254544276744
1297,algoQD,12,90,0.9999719053506851,5.24801727430895
1298,algoQD,12,90,0.9999719053506851,6.239894904196262
1299,algoQD,12,90,0.9999719053506851,5.256959198974073
1300,algoQD,13,90,0.9999719053506851,7.017179571092129
1301,algoQD,13,90,0.9999719053506851,5.627657583449036
1302,algoQD,13,90,0.9999719053506851,5.079402257222682
1303,algoQD,13,90,0.9999719053506851,5.663432840723544
1304,algoQD,13,90,0.9999719053506851,5.193130855914205
1305,algoQD,13,90,0.9999719053506851,5.613415353000164
1306,algoQD,13,90,0.9999719053506851,5.559834863059223
1307,algoQD,13,90,0.9999719053506851,5.456346140708774
1308,algoQD,13,90,0.9999719053506851,5.375127709005028
1309,algoQD,13,90,0.9999719053506851,6.118476564064622
1310,algoQD,13,90,0.9999719053506851,5.820145840290934
1311,algoQD,13,90,0.9999719053506851,5.608147989027202
1312,algoQD,13,90,0.9999719053506851,5.702869766391814
1313,algoQD,13,90,0.9999719053506851,5.4759616041556
1314,algoQD,13,90,0.9999719053506851,6.929343364667147
1315,algoQD,13,90,0.9999719053506851,6.615975406952202
1316,algoQD,13,90,0.9999719053506851,5.213721702806652
1317,algoQD,13,90,0.9999719053506851,5.611237927805632
1318,algoQD,13,90,0.9999719053506851,6.263917895033956
1319,algoQD,13,90,0.9999719053506851,5.749362983740866
1320,algoQD,13,90,0.9999719053506851,5.437106016092002
1321,algoQD,13,90,0.9999719053506851,6.264966516755521
1322,algoQD,13,90,0.9999719053506851,6.200995423831046
1323,algoQD,13,90,0.9999719053506851,6.353806430008262
1324,algoQD,13,90,0.9999719053506851,6.039457187056541
1325,algoQD,13,90,0.9999719053506851,5.698358522262424
1326,algoQD,13,90,0.9999719053506851,5.723426818847656
1327,algoQD,13,90,0.9999719053506851,5.410682438872755
1328,algoQD,13,90,0.9999719053506851,5.487250885926187
1329,algoQD,13,90,0.9999719053506851,5.449954442679882
1330,algoQD,13,90,0.9999719053506851,6.36975034698844
1331,algoQD,13,90,0.9999719053506851,6.304929476231337
1332,algoQD,13,90,0.9999719053506851,5.908551991917193
1333,algoQD,13,90,0.9999719053506851,5.502458409871906
1334,algoQD,13,90,0.9999719053506851,5.561990885995328
1335,algoQD,13,90,0.9999719053506851,6.485892797354609
1336,algoQD,13,90,0.9999719053506851,5.324830302037299
1337,algoQD,13,90,0.9999719053506851,5.944076335988939
1338,algoQD,13,90,0.9999719053506851,5.719930913764983
1339,algoQD,13,90,0.9999719053506851,5.3531869519501925
1340,algoQD,13,90,0.9999719053506851,5.214504382107407
1341,algoQD,13,90,0.9999719053506851,5.526622598990798
1342,algoQD,13,90,0.9999719053506851,5.843589475844055
1343,algoQD,13,90,0.9999719053506851,6.683592990040779
1344,algoQD,13,90,0.9999719053506851,5.473390025086701
1345,algoQD,13,90,0.9999719053506851,5.3573605781421065
1346,algoQD,13,90,0.9999719053506851,5.841901757288724
1347,algoQD,13,90,0.9999719053506851,6.360377294942737
1348,algoQD,13,90,0.9999719053506851,5.836911299265921
1349,algoQD,13,90,0.9999719053506851,5.525902678258717
1350,algoQD,13,90,0.9999719053506851,5.1562885930761695
1351,algoQD,13,90,0.9999719053506851,6.566962937824428
1352,algoQD,13,90,0.9999719053506851,5.572706003207713
1353,algoQD,13,90,0.9999719053506851,5.889196441043168
1354,algoQD,13,90,0.9999719053506851,6.213615698739886
1355,algoQD,13,90,0.9999719053506851,5.269421015866101
1356,algoQD,13,90,0.9999719053506851,5.913580399006605
1357,algoQD,13,90,0.9999719053506851,5.414567037951201
1358,algoQD,13,90,0.9999719053506851,5.86452848976478
1359,algoQD,13,90,0.9999719053506851,5.346910192165524
1360,algoQD,13,90,0.9999719053506851,6.433878856245428
1361,algoQD,13,90,0.9999719053506851,6.1811627498827875
1362,algoQD,13,90,0.9999719053506851,5.600282727740705
1363,algoQD,13,90,0.9999719053506851,5.931544336955994
1364,algoQD,13,90,0.9999719053506851,5.413884840905666
1365,algoQD,13,90,0.9999719053506851,5.365012626629323
1366,algoQD,13,90,0.9999719053506851,5.379874588921666
1367,algoQD,13,90,0.9999719053506851,5.150585657916963
1368,algoQD,13,90,0.9999719053506851,5.375172840896994
1369,algoQD,13,90,0.9999719053506851,5.4181423732079566
1370,algoQD,13,90,0.9999719053506851,6.301686137914658
1371,algoQD,13,90,0.9999719053506851,5.314918234013021
1372,algoQD,13,90,0.9999719053506851,6.280527560040355
1373,algoQD,13,90,0.9999719053506851,5.673348676878959
1374,algoQD,13,90,0.9999719053506851,6.670948238577694
1375,algoQD,13,90,0.9999719053506851,6.575593705754727
1376,algoQD,13,91,0.9999719053506851,5.7909306371584535
1377,algoQD,13,91,0.9999719053506851,5.702683123294264
1378,algoQD,13,91,0.9999719053506851,6.193689269945025
1379,algoQD,13,91,0.9999719053506851,5.746338200289756
1380,algoQD,13,91,0.9999719053506851,6.937863961793482
1381,algoQD,13,91,0.9999719053506851,5.6907581221312284
1382,algoQD,13,91,0.9999719053506851,5.44440324511379
1383,algoQD,13,91,0.9999719053506851,5.64852337911725
1384,algoQD,13,91,0.9999719053506851,5.69035956915468
1385,algoQD,13,91,0.9999719053506851,6.048075282946229
1386,algoQD,13,91,0.9999719053506851,5.305754729080945
1387,algoQD,13,91,0.9999719053506851,5.593038901686668
1388,algoQD,13,91,0.9999719053506851,5.538017108105123
1389,algoQD,13,91,0.9999719053506851,5.463208467233926
1390,algoQD,13,91,0.9999719053506851,5.358512022998184
1391,algoQD,13,91,0.9999719053506851,5.766067408025265
1392,algoQD,13,91,0.9999719053506851,5.753701664041728
1393,algoQD,13,91,0.9999719053506851,5.710397036746144
1394,algoQD,13,91,0.9999719053506851,5.678895337041467
1395,algoQD,13,91,0.9999719053506851,5.559772685170174
1396,algoQD,13,91,0.9999719053506851,5.025092697702348
1397,algoQD,13,91,0.9999719053506851,5.479322616010904
1398,algoQD,13,91,0.9999719053506851,5.176194285042584
1399,algoQD,13,91,0.9999719053506851,5.238131363876164
1400,algoQD,14,91,0.9999719053506851,5.449073577765375
1401,algoQD,14,91,0.9999719053506851,5.092769844923168
1402,algoQD,14,91,0.9999719053506851,5.2850025170482695
1403,algoQD,14,91,0.9999719053506851,5.365758685860783
1404,algoQD,14,91,0.9999719053506851,5.643322431948036
1405,algoQD,14,92,0.9999719053506851,6.196761975064874
1406,algoQD,14,92,0.9999719053506851,5.382568607106805
1407,algoQD,14,92,0.9999719053506851,5.382117527071387
1408,algoQD,14,92,0.9999719053506851,5.292005820199847
1409,algoQD,14,92,0.9999719053506851,5.493880461901426
1410,algoQD,14,92,0.9999719053506851,5.281347983051091
1411,algoQD,14,92,0.9999719053506851,5.284583636093885
1412,algoQD,14,92,0.9999719053506851,5.81138379406184
1413,algoQD,14,92,0.9999719053506851,6.021099952049553
1414,algoQD,14,92,0.9999719053506851,6.083717857953161
1415,algoQD,14,92,0.9999719053506851,5.159988064318895
1416,algoQD,14,92,0.9999719053506851,5.663578154984862
1417,algoQD,14,92,0.9999719053506851,5.105042823590338
1418,algoQD,14,92,0.9999719053506851,5.316649434622377
1419,algoQD,14,92,0.9999719053506851,5.440732748247683
1420,algoQD,14,92,0.9999719053506851,4.925265586003661
1421,algoQD,14,92,0.9999719053506851,4.941811909899116
1422,algoQD,14,92,0.9999719053506851,5.502309869974852
1423,algoQD,14,92,0.9999719053506851,4.6318086492829025
1424,algoQD,14,92,0.9999719053506851,4.355254760943353
1425,algoQD,14,92,0.9999719053506851,4.967407623305917
1426,algoQD,14,92,0.9999719053506851,5.343041742686182
1427,algoQD,14,92,0.9999719053506851,4.873702296055853
1428,algoQD,14,92,0.9999719053506851,4.903141642920673
1429,algoQD,14,92,0.9999719053506851,5.874740896280855
1430,algoQD,14,92,0.9999719053506851,5.0278381747193635
1431,algoQD,14,93,0.9999719053506851,5.457479572854936
1432,algoQD,14,93,0.9999719053506851,5.423595278058201
1433,algoQD,14,93,0.9999719053506851,4.897478260565549
1434,algoQD,14,93,0.9999719053506851,4.778571466915309
1435,algoQD,14,93,0.9999719053506851,4.456344731152058
1436,algoQD,14,93,0.9999719053506851,4.837311015930027
1437,algoQD,14,93,0.9999719053506851,4.6923245238140225
1438,algoQD,14,93,0.9999719053506851,5.076220914721489
1439,algoQD,14,93,0.9999719053506851,5.54361434513703
1440,algoQD,14,93,0.9999719053506851,5.13875250890851
1441,algoQD,14,93,0.9999719053506851,5.134898114949465
1442,algoQD,14,93,0.9999719053506851,4.898377479985356
1443,algoQD,14,93,0.9999719053506851,5.322653899900615
1444,algoQD,14,93,0.9999719053506851,5.322769087739289
1445,algoQD,14,93,0.9999719053506851,4.419336393941194
1446,algoQD,14,93,0.9999719053506851,4.590601759962738
1447,algoQD,14,93,0.9999719053506851,4.275364609900862
1448,algoQD,14,93,0.9999719053506851,4.628597531002015
1449,algoQD,14,93,0.9999719053506851,5.014876425266266
1450,algoQD,14,93,0.9999719053506851,4.469528751913458
1451,algoQD,14,93,0.9999719053506851,5.205265094060451
1452,algoQD,14,93,0.9999719053506851,4.512914909981191
1453,algoQD,14,93,0.9999719053506851,4.472669005859643
1454,algoQD,14,93,0.9999719053506851,4.8111146772280335
1455,algoQD,14,93,0.9999719053506851,5.346210380084813
1456,algoQD,14,93,0.9999719053506851,5.718734732829034
1457,algoQD,14,93,0.9999719053506851,4.739043329842389
1458,algoQD,14,93,0.9999719053506851,4.804264513775706
1459,algoQD,14,93,0.9999719053506851,4.914542565122247
1460,algoQD,14,93,0.9999719053506851,4.7981864400208
1461,algoQD,14,93,0.9999719053506851,5.307938384823501
1462,algoQD,14,93,0.9999719053506851,4.809353780001402
1463,algoQD,14,93,0.9999719053506851,5.063323666807264
1464,algoQD,14,93,0.9999719053506851,5.195839475374669
1465,algoQD,14,93,0.9999719053506851,6.097034359816462
1466,algoQD,14,93,0.9999719053506851,4.956911890767515
1467,algoQD,14,93,0.9999719053506851,5.787898668088019
1468,algoQD,14,93,0.9999719053506851,5.331806113012135
1469,algoQD,14,93,0.9999719053506851,5.088260204065591
1470,algoQD,14,93,0.9999719053506851,5.429121399763972
1471,algoQD,14,94,0.9999719053506851,6.240460894070566
1472,algoQD,14,94,0.9999719053506851,5.689704882912338
1473,algoQD,14,94,0.9999719053506851,4.887489467859268
1474,algoQD,14,94,0.9999719053506851,5.145884104073048
1475,algoQD,14,94,0.9999719053506851,5.390983518678695
1476,algoQD,14,94,0.9999719053506851,5.8889925559051335
1477,algoQD,14,94,0.9999719053506851,5.540372717194259
1478,algoQD,14,94,0.9999719053506851,5.210766511969268
1479,algoQD,14,94,0.9999719053506851,5.697139468044043
1480,algoQD,14,94,0.9999719053506851,5.783740983810276
1481,algoQD,14,94,0.9999719053506851,5.2337548192590475
1482,algoQD,14,94,0.9999719053506851,5.066908559761941
1483,algoQD,14,94,0.9999719053506851,5.848146588075906
1484,algoQD,14,94,0.9999719053506851,5.456055618356913
1485,algoQD,14,94,0.9999719053506851,5.062424166593701
1486,algoQD,14,94,0.9999719053506851,5.343084557913244
1487,algoQD,14,94,0.9999719053506851,5.327253324910998
1488,algoQD,14,94,0.9999719053506851,5.162000237032771
1489,algoQD,14,94,0.9999719053506851,5.50905390875414
1490,algoQD,14,94,0.9999719053506851,6.5242771548219025
1491,algoQD,14,94,0.9999719053506851,6.101113733369857
1492,algoQD,14,94,0.9999719053506851,4.957929192110896
1493,algoQD,14,94,0.9999719053506851,5.946486704051495
1494,algoQD,14,94,0.9999719053506851,6.000135503243655
1495,algoQD,14,94,0.9999719053506851,5.752695553004742
1496,algoQD,14,94,0.9999719053506851,6.248829994350672
1497,algoQD,14,94,0.9999719053506851,5.696491095237434
1498,algoQD,14,94,0.9999719053506851,5.995469897054136
1499,algoQD,14,94,0.9999719053506851,5.326814536005259
1500,algoQD,15,95,0.9999719053506851,6.120106290094554
1501,algoQD,15,95,0.9999719053506851,6.163845455273986
1502,algoQD,15,95,0.9999719053506851,5.132325124926865
1503,algoQD,15,95,0.9999719053506851,5.873697528149933
1504,algoQD,15,95,0.9999719053506851,5.805215239990503
1505,algoQD,15,95,0.9999719053506851,6.1930649960413575
1506,algoQD,15,95,0.9999719053506851,5.376019809860736
1507,algoQD,15,95,0.9999719053506851,5.387546499725431
1508,algoQD,15,95,0.9999719053506851,5.087631727568805
1509,algoQD,15,95,0.9999719053506851,6.073627737816423
1510,algoQD,15,95,0.9999719053506851,5.157729096710682
1511,algoQD,15,95,0.9999719053506851,4.811712705064565
1512,algoQD,15,95,0.9999719053506851,5.351494038011879
1513,algoQD,15,95,0.9999719053506851,5.757180202752352
1514,algoQD,15,95,0.9999719053506851,6.337838826701045
1515,algoQD,15,95,0.9999719053506851,5.332016866188496
1516,algoQD,15,95,0.9999719053506851,5.172815433237702
1517,algoQD,15,95,0.9999719053506851,5.361591176595539
1518,algoQD,15,95,0.9999719053506851,5.512794848065823
1519,algoQD,15,95,0.9999719053506851,5.497711689211428
1520,algoQD,15,95,0.9999719053506851,5.235402052290738
1521,algoQD,15,95,0.9999719053506851,5.628780724015087
1522,algoQD,15,95,0.9999719053506851,5.878328336868435
1523,algoQD,15,95,0.9999719053506851,5.238023704849184
1524,algoQD,15,95,0.9999719053506851,6.29430743586272
1525,algoQD,15,95,0.9999719053506851,5.581669837702066
1526,algoQD,15,95,0.9999719053506851,5.171647992916405
1527,algoQD,15,95,0.9999719053506851,5.3483670791611075
1528,algoQD,15,95,0.9999719053506851,6.226131905801594
1529,algoQD,15,95,0.9999719053506851,6.448097331915051
1530,algoQD,15,95,0.9999719053506851,5.3943897490389645
1531,algoQD,15,95,0.9999719053506851,5.009724039118737
1532,algoQD,15,95,0.9999719053506851,6.340423631947488
1533,algoQD,15,95,0.9999719053506851,5.421440411824733
1534,algoQD,15,95,0.9999719053506851,6.169950620736927
1535,algoQD,15,95,0.9999719053506851,5.8572788941673934
1536,algoQD,15,95,0.9999719053506851,5.775283652823418
1537,algoQD,15,96,0.9999719053506851,5.84465047204867
1538,algoQD,15,96,0.9999719053506851,6.159739263821393
1539,algoQD,15,96,0.9999719053506851,5.752380155026913
1540,algoQD,15,96,0.9999719053506851,5.291437881067395
1541,algoQD,15,96,0.9999719053506851,6.247311653569341
1542,algoQD,15,96,0.9999719053506851,5.298290209379047
1543,algoQD,15,96,0.9999719053506851,5.212935830000788
1544,algoQD,15,97,0.9999719053506851,6.3119577947072685
1545,algoQD,15,97,0.9999719053506851,6.202486047055572
1546,algoQD,15,97,0.9999719053506851,5.315243463031948
1547,algoQD,15,97,0.9999719053506851,6.261736241169274
1548,algoQD,15,97,0.9999719053506851,5.151433190796524
1549,algoQD,15,97,0.9999719053506851,5.31414286326617
1550,algoQD,15,97,0.9999719053506851,5.181213821284473
1551,algoQD,15,97,0.9999719053506851,6.394228725228459
1552,algoQD,15,97,0.9999719053506851,6.254230899270624
1553,algoQD,15,97,0.9999719053506851,5.356045707594603
1554,algoQD,15,97,0.9999719053506851,5.612148927990347
1555,algoQD,15,97,0.9999719053506851,6.239728156011552
1556,algoQD,15,97,0.9999719053506851,5.360561311244965
1557,algoQD,15,98,0.9999719053506851,6.593552350997925
1558,algoQD,15,98,0.9999719053506851,6.199314884841442
1559,algoQD,15,98,0.9999719053506851,6.014825419988483
1560,algoQD,15,98,0.9999719053506851,6.649709830991924
1561,algoQD,15,98,0.9999719053506851,5.697431340813637
1562,algoQD,15,98,0.9999719053506851,5.666877838782966
1563,algoQD,15,98,0.9999719053506851,5.374819552060217
1564,algoQD,15,98,0.9999719053506851,5.532786744181067
1565,algoQD,15,98,0.9999719053506851,5.180091290269047
1566,algoQD,15,98,0.9999719053506851,5.123490542639047
1567,algoQD,15,98,0.9999719053506851,5.441378064919263
1568,algoQD,15,98,0.9999719053506851,5.452787113375962
1569,algoQD,15,98,0.9999719053506851,5.362920208834112
1570,algoQD,15,98,0.9999719053506851,5.121989347040653
1571,algoQD,15,98,0.9999719053506851,5.0275784260593355
1572,algoQD,15,98,0.9999719053506851,5.2512544840574265
1573,algoQD,15,98,0.9999719053506851,5.441914808936417
1574,algoQD,15,98,0.9999719053506851,6.07887796824798
1575,algoQD,15,98,0.9999719053506851,5.556640054099262
1576,algoQD,15,98,0.9999719053506851,5.507779179140925
1577,algoQD,15,98,0.9999719053506851,5.825215478893369
1578,algoQD,15,99,0.9999719053506851,5.755456618964672
1579,algoQD,15,99,0.9999719053506851,5.506415703799576
1580,algoQD,15,100,0.9999719053506851,6.40768742794171
1581,algoQD,15,100,0.9999719053506851,5.38651087321341
1582,algoQD,15,100,0.9999719053506851,6.538755071349442
1583,algoQD,15,100,0.9999719053506851,5.427546591032296
1584,algoQD,15,100,0.9999719053506851,6.183631190098822
1585,algoQD,15,100,0.9999719053506851,5.481008387636393
1586,algoQD,15,100,0.9999719053506851,6.293021073099226
1587,algoQD,15,100,0.9999719053506851,5.7744716592133045
1588,algoQD,15,100,0.9999719053506851,5.938546456862241
1589,algoQD,15,100,0.9999719053506851,5.587901430670172
1590,algoQD,15,100,0.9999719053506851,5.854829445015639
1591,algoQD,15,100,0.9999719053506851,5.7073119301348925
1592,algoQD,15,100,0.9999719053506851,5.315609984099865
1593,algoQD,15,100,0.9999719053506851,6.486655247397721
1594,algoQD,15,100,0.9999719053506851,5.656655624043196
1595,algoQD,15,100,0.9999719053506851,5.783663977868855
1596,algoQD,15,100,0.9999719053506851,6.566154153086245
1597,algoQD,15,101,0.9999719053506851,5.16806034790352
1598,algoQD,15,101,0.9999719053506851,5.73718175990507
1599,algoQD,15,101,0.9999719053506851,5.426425993442535
1600,algoQD,16,101,0.9999719053506851,6.417947413865477
1601,algoQD,16,101,0.9999719053506851,5.641065142117441
1602,algoQD,16,101,0.9999719053506851,5.680275022983551
1603,algoQD,16,101,0.9999719053506851,5.373483766801655
1604,algoQD,16,101,0.9999719053506851,6.569234110880643
1605,algoQD,16,101,0.9999719053506851,6.638108991086483
1606,algoQD,16,101,0.9999719053506851,5.139943080954254
1607,algoQD,16,101,0.9999719053506851,5.548232616856694
1608,algoQD,16,101,0.9999719053506851,5.522397221066058
1609,algoQD,16,101,0.9999719053506851,5.9611021392047405
1610,algoQD,16,101,0.9999719053506851,5.700142603367567
1611,algoQD,16,101,0.9999719053506851,5.5387807078659534
1612,algoQD,16,101,0.9999719053506851,5.88330045202747
1613,algoQD,16,101,0.9999719053506851,5.684399488847703
1614,algoQD,16,102,0.9999719053506851,6.544651861768216
1615,algoQD,16,102,0.9999719053506851,6.229438273701817
1616,algoQD,16,102,0.9999719053506851,5.953728346619755
1617,algoQD,16,102,0.9999719053506851,6.659509158227593
1618,algoQD,16,102,0.9999719053506851,5.630243287887424
1619,algoQD,16,102,0.9999719053506851,6.2673565107397735
1620,algoQD,16,102,0.9999719053506851,5.846017635893077
1621,algoQD,16,102,0.9999719053506851,6.094969313126057
1622,algoQD,16,102,0.9999719053506851,6.508668763097376
1623,algoQD,16,102,0.9999719053506851,6.61551882699132
1624,algoQD,16,102,0.9999719053506851,6.3676938861608505
1625,algoQD,16,102,0.9999719053506851,5.449071693234146
1626,algoQD,16,102,0.9999719053506851,5.593039781786501
1627,algoQD,16,102,0.9999719053506851,5.126730213873088
1628,algoQD,16,102,0.9999719053506851,5.321327237877995
1629,algoQD,16,102,0.9999719053506851,5.599292024970055
1630,algoQD,16,102,0.9999719053506851,5.156393584795296
1631,algoQD,16,102,0.9999719053506851,5.290352329146117
1632,algoQD,16,102,0.9999719053506851,6.116503652185202
1633,algoQD,16,102,0.9999719053506851,6.36069271992892
1634,algoQD,16,102,0.9999719053506851,5.71336190123111
1635,algoQD,16,102,0.9999719053506851,5.782915333751589
1636,algoQD,16,102,0.9999719053506851,5.82835392979905
1637,algoQD,16,102,0.9999719053506851,5.341818230226636
1638,algoQD,16,102,0.9999719053506851,5.230198998935521
1639,algoQD,16,102,0.9999719053506851,5.154595937114209
1640,algoQD,16,102,0.9999719053506851,5.995427316986024
1641,algoQD,16,102,0.9999719053506851,5.206665922887623
1642,algoQD,16,102,0.9999719053506851,4.927304565906525
1643,algoQD,16,102,0.9999719053506851,5.470508077181876
1644,algoQD,16,102,0.9999719053506851,5.414260988123715
1645,algoQD,16,102,0.9999719053506851,6.2862073997966945
1646,algoQD,16,102,0.9999719053506851,6.10438941186294
1647,algoQD,16,102,0.9999719053506851,5.4673544280231
1648,algoQD,16,102,0.9999719053506851,5.007826284039766
1649,algoQD,16,102,0.9999719053506851,5.92704206192866
1650,algoQD,16,102,0.9999719053506851,5.303690051659942
1651,algoQD,16,102,0.9999719053506851,6.069284040015191
1652,algoQD,16,102,0.9999719053506851,5.293748608324677
1653,algoQD,16,102,0.9999719053506851,5.223963839001954
1654,algoQD,16,102,0.9999719053506851,6.035232228692621
1655,algoQD,16,102,0.9999719053506851,6.3065550359897316
1656,algoQD,16,102,0.9999719053506851,5.107720664702356
1657,algoQD,16,102,0.9999719053506851,6.101847969926894
1658,algoQD,16,102,0.9999719053506851,5.36031957436353
1659,algoQD,16,102,0.9999719053506851,5.211927855852991
1660,algoQD,16,102,0.9999719053506851,5.282222418114543
1661,algoQD,16,102,0.9999719053506851,4.891187762841582
1662,algoQD,16,102,0.9999719053506851,4.71688009891659
1663,algoQD,16,102,0.9999719053506851,5.44751738384366
1664,algoQD,16,102,0.9999719053506851,5.847077989950776
1665,algoQD,16,102,0.9999719053506851,4.732933371327817
1666,algoQD,16,102,0.9999719053506851,4.987002236768603
1667,algoQD,16,102,0.9999719053506851,6.120526232756674
1668,algoQD,16,102,0.9999719053506851,5.971651622094214
1669,algoQD,16,102,0.9999719053506851,5.041179013904184
1670,algoQD,16,102,0.9999719053506851,5.500535665079951
1671,algoQD,16,102,0.9999719053506851,5.345465438440442
1672,algoQD,16,102,0.9999719053506851,5.643742294982076
1673,algoQD,16,102,0.9999719053506851,5.125365925952792
1674,algoQD,16,102,0.9999719053506851,5.360668793786317
1675,algoQD,16,102,0.9999719053506851,6.078613257966936
1676,algoQD,16,102,0.9999719053506851,5.080745235085487
1677,algoQD,16,102,0.9999719053506851,6.020539226010442
1678,algoQD,16,102,0.9999719053506851,6.037309836130589
1679,algoQD,16,102,0.9999719053506851,5.216805483214557
1680,algoQD,16,102,0.9999719053506851,4.901784438174218
1681,algoQD,16,102,0.9999719053506851,4.677320969756693
1682,algoQD,16,102,0.9999719053506851,4.854125875979662
1683,algoQD,16,103,0.9999719053506851,5.6576669649221
1684,algoQD,16,103,0.9999719053506851,5.108620305079967
1685,algoQD,16,103,0.9999719053506851,5.0963000459596515
1686,algoQD,16,103,0.9999719053506851,4.8218085509724915
1687,algoQD,16,103,0.9999719053506851,4.880125992931426
1688,algoQD,16,103,0.9999719053506851,5.920487517956644
1689,algoQD,16,103,0.9999719053506851,4.7594819641672075
1690,algoQD,16,103,0.9999719053506851,5.821581521071494
1691,algoQD,16,103,0.9999719053506851,4.940221283584833
1692,algoQD,16,103,0.9999719053506851,5.301588159054518
1693,algoQD,16,103,0.9999719053506851,4.83142161462456
1694,algoQD,16,103,0.9999719053506851,5.711082835216075
1695,algoQD,16,103,0.9999719053506851,5.118553854059428
1696,algoQD,16,103,0.9999719053506851,4.785339151043445
1697,algoQD,16,103,0.9999719053506851,4.756546888966113
1698,algoQD,16,103,0.9999719053506851,5.1771666733548045
1699,algoQD,16,103,0.9999719053506851,4.859089154284447
1700,algoQD,17,103,0.9999719053506851,5.049618499819189
1701,algoQD,17,103,0.9999719053506851,4.848683882970363
1702,algoQD,17,103,0.9999719053506851,4.799312585033476
1703,algoQD,17,103,0.9999719053506851,5.060795960947871
1704,algoQD,17,103,0.9999719053506851,4.7849757936783135
1705,algoQD,17,103,0.9999719053506851,5.745783023070544
1706,algoQD,17,103,0.9999719053506851,4.926635181996971
1707,algoQD,17,103,0.9999719053506851,4.806165784131736
1708,algoQD,17,103,0.9999719053506851,4.823573736939579
1709,algoQD,17,103,0.9999719053506851,4.646144079975784
1710,algoQD,17,103,0.9999719053506851,4.735002721194178
1711,algoQD,17,103,0.9999719053506851,5.532220723107457
1712,algoQD,17,104,0.9999719053506851,5.396429854910821
1713,algoQD,17,104,0.9999719053506851,4.487119741737843
1714,algoQD,17,104,0.9999719053506851,4.386868317145854
1715,algoQD,17,104,0.9999719053506851,4.962285412941128
1716,algoQD,17,104,0.9999719053506851,4.90758688095957
1717,algoQD,17,104,0.9999719053506851,5.679719283245504
1718,algoQD,17,104,0.9999719053506851,5.7018022569827735
1719,algoQD,17,104,0.9999719053506851,5.433334957808256
1720,algoQD,17,104,0.9999719053506851,5.77353858621791
1721,algoQD,17,104,0.9999719053506851,4.722787049133331
1722,algoQD,17,104,0.9999719053506851,5.658859919756651
1723,algoQD,17,104,0.9999719053506851,5.445295647252351
1724,algoQD,17,104,0.9999719053506851,4.859181838110089
1725,algoQD,17,105,0.9999719053506851,6.156017343979329
1726,algoQD,17,105,0.9999719053506851,5.269879998173565
1727,algoQD,17,105,0.9999719053506851,5.868872079998255
1728,algoQD,17,105,0.9999719053506851,5.422869402915239
1729,algoQD,17,105,0.9999719053506851,5.125156711321324
1730,algoQD,17,105,0.9999719053506851,5.236023535020649
1731,algoQD,17,105,0.9999719053506851,5.423131025861949
1732,algoQD,17,105,0.9999719053506851,5.58622459275648
1733,algoQD,17,105,0.9999719053506851,6.119860094971955
1734,algoQD,17,105,0.9999719053506851,5.007855609059334
1735,algoQD,17,105,0.9999719053506851,5.7282516760751605
1736,algoQD,17,105,0.9999719053506851,5.617538231890649
1737,algoQD,17,105,0.9999719053506851,5.395550643093884
1738,algoQD,17,105,0.9999719053506851,6.047399838920683
1739,algoQD,17,105,0.9999719053506851,6.399639769922942
1740,algoQD,17,105,0.9999719053506851,5.703897488769144
1741,algoQD,17,105,0.9999719053506851,5.358127371408045
1742,algoQD,17,105,0.9999719053506851,6.323887235950679
1743,algoQD,17,105,0.9999719053506851,6.324264097027481
1744,algoQD,17,105,0.9999719053506851,5.342432686127722
1745,algoQD,17,105,0.9999719053506851,5.306750163901597
1746,algoQD,17,105,0.9999719053506851,5.545246514957398
1747,algoQD,17,105,0.9999719053506851,5.559620907064527
1748,algoQD,17,105,0.9999719053506851,5.472362460102886
1749,algoQD,17,105,0.9999719053506851,5.5016061356291175
1750,algoQD,17,105,0.9999719053506851,5.237513670232147
1751,algoQD,17,105,0.9999719053506851,6.389671305660158
1752,algoQD,17,105,0.9999719053506851,5.230650463141501
1753,algoQD,17,105,0.9999719053506851,5.280569565016776
1754,algoQD,17,105,0.9999719053506851,6.32617102144286
1755,algoQD,17,105,0.9999719053506851,5.975447103846818
1756,algoQD,17,105,0.9999719053506851,5.036897893063724
1757,algoQD,17,105,0.9999719053506851,5.044719775207341
1758,algoQD,17,105,0.9999719053506851,4.883101585321128
1759,algoQD,17,105,0.9999719053506851,5.124784156680107
1760,algoQD,17,105,0.9999719053506851,6.45100554684177
1761,algoQD,17,105,0.9999719053506851,4.934318920597434
1762,algoQD,17,105,0.9999719053506851,6.1502464399673045
1763,algoQD,17,105,0.9999719053506851,5.5030676778405905
1764,algoQD,17,105,0.9999719053506851,5.942040401976556
1765,algoQD,17,105,0.9999719053506851,6.111575811170042
1766,algoQD,17,105,0.9999719053506851,6.410352133214474
1767,algoQD,17,105,0.9999719053506851,5.703259684145451
1768,algoQD,17,105,0.9999719053506851,5.168123807292432
1769,algoQD,17,106,0.9999719053506851,6.227029351983219
1770,algoQD,17,106,0.9999719053506851,5.661681790370494
1771,algoQD,17,106,0.9999719053506851,5.355762223247439
1772,algoQD,17,107,0.9999719053506851,5.478834067936987
1773,algoQD,17,107,0.9999719053506851,5.24398741312325
1774,algoQD,17,107,0.9999719053506851,5.963582595810294
1775,algoQD,17,107,0.9999719053506851,5.156211129389703
1776,algoQD,17,107,0.9999719053506851,6.171666191890836
1777,algoQD,17,107,0.9999719053506851,5.507389864884317
1778,algoQD,17,107,0.9999719053506851,5.304924414027482
1779,algoQD,17,107,0.9999719053506851,5.438432016875595
1780,algoQD,17,108,0.9999719053506851,6.2199757331982255
1781,algoQD,17,108,0.9999719053506851,5.7517008618451655
1782,algoQD,17,108,0.9999719053506851,5.815180077217519
1783,algoQD,17,108,0.9999719053506851,5.927007226739079
1784,algoQD,17,108,0.9999719053506851,5.409742760006338
1785,algoQD,17,108,0.9999719053506851,6.324202822055668
1786,algoQD,17,108,0.9999719053506851,5.138292072340846
1787,algoQD,17,108,0.9999719053506851,4.912618868052959
1788,algoQD,17,108,0.9999719053506851,5.396627428941429
1789,algoQD,17,108,0.9999719053506851,4.954313701950014
1790,algoQD,17,108,0.9999719053506851,5.44163455022499
1791,algoQD,17,108,0.9999719053506851,5.732945905998349
1792,algoQD,17,108,0.9999719053506851,5.729314214084297
1793,algoQD,17,108,0.9999719053506851,5.842213748022914
1794,algoQD,17,108,0.9999719053506851,5.471674157772213
1795,algoQD,17,108,0.9999719053506851,5.8123478959314525
1796,algoQD,17,108,0.9999719053506851,4.741551785264164
1797,algoQD,17,108,0.9999719053506851,5.279484705068171
1798,algoQD,17,108,0.9999719053506851,4.748739717062563
1799,algoQD,17,108,0.9999719053506851,5.0192263149656355
1800,algoQD,18,108,0.9999719053506851,5.207639653701335
1801,algoQD,18,108,0.9999719053506851,5.45430485997349
1802,algoQD,18,108,0.9999719053506851,5.6619981792755425
1803,algoQD,18,108,0.9999719053506851,5.248521339148283
1804,algoQD,18,108,0.9999719053506851,4.8857287392020226
1805,algoQD,18,108,0.9999719053506851,4.940534837078303
1806,algoQD,18,108,0.9999719053506851,5.041658621281385
1807,algoQD,18,108,0.9999719053506851,4.709129192866385
1808,algoQD,18,108,0.9999719053506851,4.590276658069342
1809,algoQD,18,108,0.9999719053506851,4.653018900658935
1810,algoQD,18,108,0.9999719053506851,5.135335394181311
1811,algoQD,18,108,0.9999719053506851,4.615130520891398
1812,algoQD,18,108,0.9999719053506851,4.919648671988398
1813,algoQD,18,108,0.9999719053506851,4.7738469783216715
1814,algoQD,18,108,0.9999719053506851,5.680642138235271
1815,algoQD,18,108,0.9999719053506851,5.609198202844709
1816,algoQD,18,108,0.9999719053506851,4.523458465002477
1817,algoQD,18,108,0.9999719053506851,4.982849039137363
1818,algoQD,18,108,0.9999719053506851,5.321496708318591
1819,algoQD,18,108,0.9999719053506851,5.297605233732611
1820,algoQD,18,108,0.9999719053506851,5.48010387737304
1821,algoQD,18,108,0.9999719053506851,4.744009720161557
1822,algoQD,18,108,0.9999719053506851,5.0215212209150195
1823,algoQD,18,108,0.9999719053506851,5.26991971116513
1824,algoQD,18,108,0.9999719053506851,4.814811551943421
1825,algoQD,18,108,0.9999719053506851,4.721167981158942
1826,algoQD,18,108,0.9999719053506851,4.656716518104076
1827,algoQD,18,108,0.9999719053506851,4.667664144188166
1828,algoQD,18,108,0.9999719053506851,4.732123019173741
1829,algoQD,18,108,0.9999719053506851,4.658015672117472
1830,algoQD,18,108,0.9999719053506851,5.383518828079104
1831,algoQD,18,108,0.9999719053506851,5.908420847263187
1832,algoQD,18,108,0.9999719053506851,5.853655457030982
1833,algoQD,18,108,0.9999719053506851,5.098944212310016
1834,algoQD,18,108,0.9999719053506851,5.689245384186506
1835,algoQD,18,108,0.9999719053506851,5.016957146115601
1836,algoQD,18,109,0.9999719053506851,5.53042613202706
1837,algoQD,18,109,0.9999719053506851,5.305070681031793
1838,algoQD,18,109,0.9999719053506851,6.1458035740070045
1839,algoQD,18,109,0.9999719053506851,5.240081923082471
1840,algoQD,18,109,0.9999719053506851,5.463653192855418
1841,algoQD,18,109,0.9999719053506851,6.0038846572861075
1842,algoQD,18,109,0.9999719053506851,5.651623855810612
1843,algoQD,18,110,0.9999719053506851,6.0430701887235045
1844,algoQD,18,110,0.9999719053506851,4.9325671209953725
1845,algoQD,18,110,0.9999719053506851,5.586264119017869
1846,algoQD,18,110,0.9999719053506851,6.009598283097148
1847,algoQD,18,110,0.9999719053506851,5.48013628879562
1848,algoQD,18,110,0.9999719053506851,4.963087239302695
1849,algoQD,18,110,0.9999719053506851,5.423845305107534
1850,algoQD,18,110,0.9999719053506851,5.795974779874086
1851,algoQD,18,110,0.9999719053506851,4.882683976087719
1852,algoQD,18,110,0.9999719053506851,4.827134526800364
1853,algoQD,18,110,0.9999719053506851,5.21308671683073
1854,algoQD,18,110,0.9999719053506851,4.902896848972887
1855,algoQD,18,110,0.9999719053506851,4.838840274140239
1856,algoQD,18,110,0.9999719053506851,4.797420211136341
1857,algoQD,18,110,0.9999719053506851,5.155575700104237
1858,algoQD,18,110,0.9999719053506851,5.937609462067485
1859,algoQD,18,110,0.9999719053506851,5.12036876520142
1860,algoQD,18,110,0.9999719053506851,5.22973273973912
1861,algoQD,18,110,0.9999719053506851,5.098909097723663
1862,algoQD,18,110,0.9999719053506851,6.180754555854946
1863,algoQD,18,110,0.9999719053506851,5.525077847763896
1864,algoQD,18,110,0.9999719053506851,5.665724521037191
1865,algoQD,18,110,0.9999719053506851,5.730833365116268
1866,algoQD,18,110,0.9999719053506851,5.904332102742046
1867,algoQD,18,110,0.9999719053506851,5.2731781508773565
1868,algoQD,18,110,0.9999719053506851,5.9636946599930525
1869,algoQD,18,110,0.9999719053506851,5.871407293248922
1870,algoQD,18,110,0.9999719053506851,5.2371677490882576
1871,algoQD,18,110,0.9999719053506851,4.637419207021594
1872,algoQD,18,110,0.9999719053506851,5.16023661615327
1873,algoQD,18,110,0.9999719053506851,5.53228402370587
1874,algoQD,18,110,0.9999719053506851,4.9309320617467165
1875,algoQD,18,110,0.9999719053506851,4.853802654892206
1876,algoQD,18,110,0.9999719053506851,4.996250662021339
1877,algoQD,18,110,0.9999719053506851,5.24515557102859
1878,algoQD,18,110,0.9999719053506851,5.308005588129163
1879,algoQD,18,110,0.9999719053506851,5.869991196319461
1880,algoQD,18,110,0.9999719053506851,5.0954643175937235
1881,algoQD,18,110,0.9999719053506851,5.107013590168208
1882,algoQD,18,111,0.9999719053506851,4.944594729226083
1883,algoQD,18,111,0.9999719053506851,5.339428790844977
1884,algoQD,18,111,0.9999719053506851,5.395644873380661
1885,algoQD,18,111,0.9999719053506851,5.090034547727555
1886,algoQD,18,111,0.9999719053506851,5.627511518076062
1887,algoQD,18,111,0.9999719053506851,5.385399833787233
1888,algoQD,18,111,0.9999719053506851,6.307809729129076
1889,algoQD,18,111,0.9999719053506851,5.8762190425768495
1890,algoQD,18,111,0.9999719053506851,5.148550305049866
1891,algoQD,18,111,0.9999719053506851,5.828709753695875
1892,algoQD,18,111,0.9999719053506851,5.615405924152583
1893,algoQD,18,111,0.9999719053506851,5.002496523782611
1894,algoQD,18,111,0.9999719053506851,6.27313420874998
1895,algoQD,18,111,0.9999719053506851,6.302384126931429
1896,algoQD,18,111,0.9999719053506851,5.594527884852141
1897,algoQD,18,111,0.9999719053506851,4.8760594497434795
1898,algoQD,18,111,0.9999719053506851,5.200755004771054
1899,algoQD,18,111,0.9999719053506851,6.241856480017304
1900,algoQD,19,111,0.9999719053506851,4.790770085994154
1901,algoQD,19,111,0.9999719053506851,5.237934268079698
1902,algoQD,19,111,0.9999719053506851,5.060710418969393
1903,algoQD,19,111,0.9999719053506851,5.238433781079948
1904,algoQD,19,111,0.9999719053506851,5.4652799889445305
1905,algoQD,19,111,0.9999719053506851,5.510280156042427
1906,algoQD,19,111,0.9999719053506851,6.8129366328939795
1907,algoQD,19,111,0.9999719053506851,6.641156571917236
1908,algoQD,19,111,0.9999719053506851,5.661547478288412
1909,algoQD,19,111,0.9999719053506851,5.539595189038664
1910,algoQD,19,111,0.9999719053506851,5.0816928669810295
1911,algoQD,19,111,0.9999719053506851,5.208755434025079
1912,algoQD,19,111,0.9999719053506851,5.18109343573451
1913,algoQD,19,111,0.9999719053506851,6.309769591782242
1914,algoQD,19,111,0.9999719053506851,5.4457047008909285
1915,algoQD,19,111,0.9999719053506851,5.488290719222277
1916,algoQD,19,111,0.9999719053506851,5.498730192892253
1917,algoQD,19,111,0.9999719053506851,6.679513758048415
1918,algoQD,19,111,0.9999719053506851,5.593692496884614
1919,algoQD,19,111,0.9999719053506851,5.129015834070742
1920,algoQD,19,111,0.9999719053506851,5.774226566776633
1921,algoQD,19,111,0.9999719053506851,5.6869139187037945
1922,algoQD,19,111,0.9999719053506851,6.0520739438943565
1923,algoQD,19,111,0.9999719053506851,5.632783039007336
1924,algoQD,19,111,0.9999719053506851,6.518230852205306
1925,algoQD,19,111,0.9999719053506851,5.172716315835714
1926,algoQD,19,111,0.9999719053506851,6.24681650288403
1927,algoQD,19,111,0.9999719053506851,6.39569921605289
1928,algoQD,19,111,0.9999719053506851,5.989136302378029
1929,algoQD,19,111,0.9999719053506851,5.562948475126177
1930,algoQD,19,112,0.9999719053506851,5.365729778073728
1931,algoQD,19,113,0.9999719053506851,5.150962263345718
1932,algoQD,19,113,0.9999719053506851,5.516534314956516
1933,algoQD,19,113,0.9999719053506851,5.536825635004789
1934,algoQD,19,113,0.9999719053506851,5.7497508390806615
1935,algoQD,19,113,0.9999719053506851,5.70326742855832
1936,algoQD,19,113,0.9999719053506851,5.089074213989079
1937,algoQD,19,113,0.9999719053506851,4.932408714201301
1938,algoQD,19,113,0.9999719053506851,6.021735488902777
1939,algoQD,19,113,0.9999719053506851,5.321745909750462
1940,algoQD,19,113,0.9999719053506851,5.728631494101137
1941,algoQD,19,113,0.9999719053506851,5.102321295067668
1942,algoQD,19,113,0.9999719053506851,5.207089895848185
1943,algoQD,19,113,0.9999719053506851,5.556616930756718
1944,algoQD,19,113,0.9999719053506851,5.088655994273722
1945,algoQD,19,113,0.9999719053506851,6.41926056612283
1946,algoQD,19,113,0.9999719053506851,6.848785188980401
1947,algoQD,19,113,0.9999719053506851,5.532487890217453
1948,algoQD,19,113,0.9999719053506851,4.967926464043558
1949,algoQD,19,113,0.9999719053506851,5.398535655345768
1950,algoQD,19,113,0.9999719053506851,4.8614992294460535
1951,algoQD,19,113,0.9999719053506851,5.987008200958371
1952,algoQD,19,113,0.9999719053506851,5.691474286373705
1953,algoQD,19,113,0.9999719053506851,4.9929159209132195
1954,algoQD,19,113,0.9999719053506851,5.251484631095082
1955,algoQD,19,113,0.9999719053506851,5.639115913771093
1956,algoQD,19,114,0.9999719053506851,6.043364936951548
1957,algoQD,19,114,0.9999719053506851,5.388976621907204
1958,algoQD,19,114,0.9999719053506851,5.343183597084135
1959,algoQD,19,114,0.9999719053506851,5.380796656943858
1960,algoQD,19,114,0.9999719053506851,6.060440030880272
1961,algoQD,19,114,0.9999719053506851,5.633960562758148
1962,algoQD,19,114,0.9999719053506851,6.082796003203839
1963,algoQD,19,114,0.9999719053506851,5.544383325148374
1964,algoQD,19,114,0.9999719053506851,5.1448837062343955
1965,algoQD,19,114,0.9999719053506851,5.320755328051746
1966,algoQD,19,114,0.9999719053506851,6.735422146972269
1967,algoQD,19,114,0.9999719053506851,5.640626058913767
1968,algoQD,19,114,0.9999719053506851,5.744221450760961
1969,algoQD,19,114,0.9999719053506851,5.536552749108523
1970,algoQD,19,114,0.9999719053506851,5.5049576396122575
1971,algoQD,19,114,0.9999719053506851,5.240892997942865
1972,algoQD,19,114,0.9999719053506851,5.298942571040243
1973,algoQD,19,114,0.9999719053506851,5.530954511836171
1974,algoQD,19,114,0.9999719053506851,5.1717002359218895
1975,algoQD,19,114,0.9999719053506851,5.479878893587738
1976,algoQD,19,115,0.9999719053506851,6.558295103255659
1977,algoQD,19,115,0.9999719053506851,5.390114984009415
1978,algoQD,19,115,0.9999719053506851,6.517288690898567
1979,algoQD,19,115,0.9999719053506851,5.644030210096389
1980,algoQD,19,115,0.9999719053506851,5.628500596154481
1981,algoQD,19,115,0.9999719053506851,6.2320681740529835
1982,algoQD,19,115,0.9999719053506851,5.528277644887567
1983,algoQD,19,115,0.9999719053506851,6.263439711648971
1984,algoQD,19,115,0.9999719053506851,5.264118822757155
1985,algoQD,19,116,0.9999719053506851,6.482831574045122
1986,algoQD,19,116,0.9999719053506851,5.309638413134962
1987,algoQD,19,116,0.9999719053506851,5.443433118984103
1988,algoQD,19,116,0.9999719053506851,5.43060037214309
1989,algoQD,19,116,0.9999719053506851,5.485671709291637
1990,algoQD,19,116,0.9999719053506851,5.9723416259512305
1991,algoQD,19,116,0.9999719053506851,5.342165352310985
1992,algoQD,19,116,0.9999719053506851,5.294117955956608
1993,algoQD,19,116,0.9999719053506851,5.093884613830596
1994,algoQD,19,116,0.9999719053506851,6.179001323878765
1995,algoQD,19,116,0.9999719053506851,5.585006382782012
1996,algoQD,19,116,0.9999719053506851,5.665655259974301
1997,algoQD,19,117,0.9999719053506851,6.739362983964384
1998,algoQD,19,117,0.9999719053506851,5.030695457942784
1999,algoQD,19,117,0.9999719053506851,6.2822721637785435
2000,algoQD,20,117,0.9999719053506851,5.512620069086552
2001,algoQD,20,117,0.9999719053506851,5.33160122204572
2002,algoQD,20,117,0.9999719053506851,5.0700484639965
2003,algoQD,20,117,0.9999719053506851,6.052923446055502
2004,algoQD,20,117,0.9999719053506851,5.6142815188504755
2005,algoQD,20,117,0.9999719053506851,5.617824493907392
2006,algoQD,20,117,0.9999719053506851,5.845803373027593
2007,algoQD,20,117,0.9999719053506851,5.894543889444321
2008,algoQD,20,117,0.9999719053506851,6.162526974920183
2009,algoQD,20,117,0.9999719053506851,5.468323220033199
2010,algoQD,20,118,0.9999719053506851,6.330968257039785
2011,algoQD,20,118,0.9999719053506851,5.224399682600051
2012,algoQD,20,118,0.9999719053506851,5.218701576348394
2013,algoQD,20,118,0.9999719053506851,5.452204252127558
2014,algoQD,20,118,0.9999719053506851,5.8967968062497675
2015,algoQD,20,118,0.9999719053506851,5.256548588164151
2016,algoQD,20,118,0.9999719053506851,5.13552996981889
2017,algoQD,20,118,0.9999719053506851,6.122824828140438
2018,algoQD,20,118,0.9999719053506851,5.45127946510911
2019,algoQD,20,118,0.9999719053506851,6.452103572897613
2020,algoQD,20,118,0.9999719053506851,7.063406879082322
2021,algoQD,20,118,0.9999719053506851,5.535038026981056
2022,algoQD,20,118,0.9999719053506851,5.76897511491552
2023,algoQD,20,118,0.9999719053506851,6.32308932999149
2024,algoQD,20,118,0.9999719053506851,6.586641835048795
2025,algoQD,20,118,0.9999719053506851,5.984183543827385
2026,algoQD,20,118,0.9999719053506851,5.663268270902336
2027,algoQD,20,118,0.9999719053506851,6.159192149993032
2028,algoQD,20,118,0.9999719053506851,6.475693867076188
2029,algoQD,20,118,0.9999719053506851,5.259896263945848
2030,algoQD,20,118,0.9999719053506851,5.283200747799128
2031,algoQD,20,118,0.9999719053506851,5.02304682508111
2032,algoQD,20,118,0.9999719053506851,5.9365418641828
2033,algoQD,20,118,0.9999719053506851,5.352952724788338
2034,algoQD,20,118,0.9999719053506851,5.460181275848299
2035,algoQD,20,118,0.9999719053506851,5.5247733988799155
2036,algoQD,20,118,0.9999719053506851,5.611350259743631
2037,algoQD,20,118,0.9999719053506851,5.767247949261218
2038,algoQD,20,118,0.9999719053506851,5.98240162525326
2039,algoQD,20,118,0.9999719053506851,5.677450921852142
2040,algoQD,20,118,0.9999719053506851,5.40548081882298
2041,algoQD,20,118,0.9999719053506851,5.648746031802148
2042,algoQD,20,119,0.9999719053506851,6.310385029762983
2043,algoQD,20,119,0.9999719053506851,5.193365080747753
2044,algoQD,20,119,0.9999719053506851,6.42286585085094
2045,algoQD,20,119,0.9999719053506851,5.229650693945587
2046,algoQD,20,119,0.9999719053506851,4.855068068020046
2047,algoQD,20,119,0.9999719053506851,6.084536395035684
2048,algoQD,20,119,0.9999719053506851,5.306705473922193
2049,algoQD,20,119,0.9999719053506851,5.3818193366751075
2050,algoQD,20,119,0.9999719053506851,5.4311630562879145
2051,algoQD,20,119,0.9999719053506851,5.23622828302905
2052,algoQD,20,119,0.9999719053506851,6.410106721334159
2053,algoQD,20,119,0.9999719053506851,5.536461054813117
2054,algoQD,20,119,0.9999719053506851,5.992883089929819
2055,algoQD,20,119,0.9999719053506851,5.212410569190979
2056,algoQD,20,119,0.9999719053506851,5.106861896812916
2057,algoQD,20,119,0.9999719053506851,5.7275253208354115
2058,algoQD,20,119,0.9999719053506851,6.262300772126764
2059,algoQD,20,119,0.9999719053506851,4.959103247150779
2060,algoQD,20,119,0.9999719053506851,5.042296027299017
2061,algoQD,20,119,0.9999719053506851,5.329736562911421
2062,algoQD,20,119,0.9999719053506851,5.227163705043495
2063,algoQD,20,119,0.9999719053506851,4.89452655473724
2064,algoQD,20,119,0.9999719053506851,5.509680468123406
2065,algoQD,20,119,0.9999719053506851,6.334568575955927
2066,algoQD,20,119,0.9999719053506851,5.321650175843388
2067,algoQD,20,119,0.9999719053506851,5.776888084132224
2068,algoQD,20,119,0.9999719053506851,5.118890125770122
2069,algoQD,20,119,0.9999719053506851,5.397519113030285
2070,algoQD,20,119,0.9999719053506851,5.831245145294815
2071,algoQD,20,119,0.9999719053506851,5.8895187568850815
2072,algoQD,20,119,0.9999719053506851,4.92574037797749
2073,algoQD,20,119,0.9999719053506851,5.001866402104497
2074,algoQD,20,119,0.9999719053506851,6.128977849613875
2075,algoQD,20,119,0.9999719053506851,5.174299915786833
2076,algoQD,20,119,0.9999719053506851,5.739726996049285
2077,algoQD,20,120,0.9999719053506851,5.123801204841584
2078,algoQD,20,120,0.9999719053506851,5.089897101745009
2079,algoQD,20,120,0.9999719053506851,5.630409894976765
2080,algoQD,20,120,0.9999719053506851,5.911580133251846
2081,algoQD,20,120,0.9999719053506851,5.054872100241482
2082,algoQD,20,120,0.9999719053506851,4.797289039939642
2083,algoQD,20,120,0.9999719053506851,5.578413343057036
2084,algoQD,20,120,0.9999719053506851,5.268323570024222
2085,algoQD,20,120,0.9999719053506851,5.5300540048629045
2086,algoQD,20,120,0.9999719053506851,4.867301052436233
2087,algoQD,20,120,0.9999719053506851,4.58286612527445
2088,algoQD,20,120,0.9999719053506851,5.0672557801008224
2089,algoQD,20,121,0.9999719053506851,5.59408488497138
2090,algoQD,20,121,0.9999719053506851,4.883058628067374
2091,algoQD,20,121,0.9999719053506851,4.344231749884784
2092,algoQD,20,122,0.9999719053506851,5.3304389412514865
2093,algoQD,20,122,0.9999719053506851,4.517759622074664
2094,algoQD,20,122,0.9999719053506851,4.955393057782203
2095,algoQD,20,122,0.9999719053506851,4.688540522009134
2096,algoQD,20,122,0.9999719053506851,4.475887861568481
2097,algoQD,20,122,0.9999719053506851,4.134346046950668
2098,algoQD,20,122,0.9999719053506851,4.537562340032309
2099,algoQD,20,122,0.9999719053506851,5.1117301671765745
2100,algoQD,21,122,0.9999719053506851,4.461222993209958
2101,algoQD,21,122,0.9999719053506851,5.489187805913389
2102,algoQD,21,122,0.9999719053506851,4.665401530917734
2103,algoQD,21,122,0.9999719053506851,4.8472951501607895
2104,algoQD,21,122,0.9999719053506851,5.216995852068067
2105,algoQD,21,122,0.9999719053506851,4.519798562861979
2106,algoQD,21,122,0.9999719053506851,4.491841969080269
2107,algoQD,21,122,0.9999719053506851,5.03319923626259
2108,algoQD,21,122,0.9999719053506851,5.0607182257808745
2109,algoQD,21,122,0.9999719053506851,5.4652116829529405
2110,algoQD,21,122,0.9999719053506851,5.390595609787852
2111,algoQD,21,122,0.9999719053506851,4.759339492768049
2112,algoQD,21,122,0.9999719053506851,5.019536320120096
2113,algoQD,21,122,0.9999719053506851,4.586643853224814
2114,algoQD,21,122,0.9999719053506851,5.553119848947972
2115,algoQD,21,122,0.9999719053506851,4.737676999997348
2116,algoQD,21,122,0.9999719053506851,5.7275206609629095
2117,algoQD,21,122,0.9999719053506851,4.802984823007137
2118,algoQD,21,122,0.9999719053506851,6.016885884106159
2119,algoQD,21,122,0.9999719053506851,6.162806351203471
2120,algoQD,21,122,0.9999719053506851,6.05493851704523
2121,algoQD,21,122,0.9999719053506851,5.215835290029645
2122,algoQD,21,122,0.9999719053506851,4.9984836601652205
2123,algoQD,21,122,0.9999719053506851,6.11591205233708
2124,algoQD,21,122,0.9999719053506851,5.555356938391924
2125,algoQD,21,122,0.9999719053506851,6.114153487607837
2126,algoQD,21,122,0.9999719053506851,5.198534969706088
2127,algoQD,21,122,0.9999719053506851,5.935496734920889
2128,algoQD,21,122,0.9999719053506851,5.152160360943526
2129,algoQD,21,122,0.9999719053506851,6.367738883011043
2130,algoQD,21,122,0.9999719053506851,5.06305357022211
2131,algoQD,21,122,0.9999719053506851,4.855373934842646
2132,algoQD,21,122,0.9999719053506851,5.0444271340966225
2133,algoQD,21,122,0.9999719053506851,6.104144826065749
2134,algoQD,21,122,0.9999719053506851,5.5370289059355855
2135,algoQD,21,122,0.9999719053506851,5.2493110951036215
2136,algoQD,21,122,0.9999719053506851,6.235901779029518
2137,algoQD,21,122,0.9999719053506851,5.171092724893242
2138,algoQD,21,122,0.9999719053506851,5.264740849845111
2139,algoQD,21,122,0.9999719053506851,6.3521250816993415
2140,algoQD,21,122,0.9999719053506851,5.684926286805421
2141,algoQD,21,122,0.9999719053506851,5.435340929310769
2142,algoQD,21,122,0.9999719053506851,5.457719966303557
2143,algoQD,21,122,0.9999719053506851,6.352886789944023
2144,algoQD,21,122,0.9999719053506851,5.791738074272871
2145,algoQD,21,122,0.9999719053506851,6.170645063277334
2146,algoQD,21,122,0.9999719053506851,5.212748668156564
2147,algoQD,21,122,0.9999719053506851,5.592387760058045
2148,algoQD,21,122,0.9999719053506851,5.345283741131425
2149,algoQD,21,122,0.9999719053506851,6.249080091249198
2150,algoQD,21,122,0.9999719053506851,5.462027323897928
2151,algoQD,21,122,0.9999719053506851,5.3125920169986784
2152,algoQD,21,122,0.9999719053506851,5.668065738864243
2153,algoQD,21,122,0.9999719053506851,5.402424861676991
2154,algoQD,21,122,0.9999719053506851,6.474414844997227
2155,algoQD,21,122,0.9999719053506851,6.01901246374473
2156,algoQD,21,122,0.9999719053506851,5.712042836006731
2157,algoQD,21,122,0.9999719053506851,5.689199482090771
2158,algoQD,21,122,0.9999719053506851,5.61338603682816
2159,algoQD,21,122,0.9999719053506851,5.7715328256599605
2160,algoQD,21,122,0.9999719053506851,5.995180431287736
2161,algoQD,21,122,0.9999719053506851,5.444080152083188
2162,algoQD,21,122,0.9999719053506851,6.183198213111609
2163,algoQD,21,122,0.9999719053506851,6.058069094084203
2164,algoQD,21,122,0.9999719053506851,5.085968628991395
2165,algoQD,21,122,0.9999719053506851,5.015851728618145
2166,algoQD,21,122,0.9999719053506851,5.105431626085192
2167,algoQD,21,122,0.9999719053506851,5.437427371740341
2168,algoQD,21,122,0.9999719053506851,6.24345254804939
2169,algoQD,21,122,0.9999719053506851,5.17831059359014
2170,algoQD,21,122,0.9999719053506851,5.28762644296512
2171,algoQD,21,122,0.9999719053506851,5.777798824943602
2172,algoQD,21,122,0.9999719053506851,5.745338570326567
2173,algoQD,21,122,0.9999719053506851,5.388818573206663
2174,algoQD,21,122,0.9999719053506851,5.673254742287099
2175,algoQD,21,122,0.9999719053506851,5.65964504564181
2176,algoQD,21,122,0.9999719053506851,5.843937968835235
2177,algoQD,21,123,0.9999719053506851,5.7065404979512095
2178,algoQD,21,123,0.9999719053506851,4.871133574284613
2179,algoQD,21,123,0.9999719053506851,6.113848691806197
2180,algoQD,21,123,0.9999719053506851,6.042620873078704
2181,algoQD,21,123,0.9999719053506851,4.764719788916409
2182,algoQD,21,123,0.9999719053506851,5.019100316800177
2183,algoQD,21,123,0.9999719053506851,4.586091448087245
2184,algoQD,21,123,0.9999719053506851,4.804668333847076
2185,algoQD,21,123,0.9999719053506851,5.327281394042075
2186,algoQD,21,123,0.9999719053506851,4.61799299903214
2187,algoQD,21,123,0.9999719053506851,5.525920054875314
2188,algoQD,21,123,0.9999719053506851,5.553208879195154
2189,algoQD,21,123,0.9999719053506851,5.048952393233776
2190,algoQD,21,123,0.9999719053506851,5.495893768034875
2191,algoQD,21,123,0.9999719053506851,4.592101215384901
2192,algoQD,21,123,0.9999719053506851,4.7704062620177865
2193,algoQD,21,123,0.9999719053506851,4.7279574340209365
2194,algoQD,21,124,0.9999719053506851,4.515544136054814
2195,algoQD,21,124,0.9999719053506851,4.91931364312768
2196,algoQD,21,124,0.9999719053506851,5.820888135116547
2197,algoQD,21,124,0.9999719053506851,4.95734201092273
2198,algoQD,21,124,0.9999719053506851,4.938443240709603
2199,algoQD,21,124,0.9999719053506851,4.618513121735305
2200,algoQD,22,124,0.9999719053506851,5.576419737190008
2201,algoQD,22,124,0.9999719053506851,4.561825587879866
2202,algoQD,22,124,0.9999719053506851,5.467092114966363
2203,algoQD,22,124,0.9999719053506851,4.82221214286983
2204,algoQD,22,124,0.9999719053506851,5.609705791808665
2205,algoQD,22,124,0.9999719053506851,5.619333666283637
2206,algoQD,22,124,0.9999719053506851,5.044237414840609
2207,algoQD,22,124,0.9999719053506851,5.249811168760061
2208,algoQD,22,124,0.9999719053506851,5.058439530897886
2209,algoQD,22,124,0.9999719053506851,4.636917989235371
2210,algoQD,22,124,0.9999719053506851,5.452152888290584
2211,algoQD,22,124,0.9999719053506851,5.386765732895583
2212,algoQD,22,124,0.9999719053506851,5.977107972837985
2213,algoQD,22,124,0.9999719053506851,5.214531525969505
2214,algoQD,22,124,0.9999719053506851,5.461531137581915
2215,algoQD,22,124,0.9999719053506851,4.803083798848093
2216,algoQD,22,124,0.9999719053506851,6.00980102783069
2217,algoQD,22,124,0.9999719053506851,4.8536964962258935
2218,algoQD,22,124,0.9999719053506851,5.253291055094451
2219,algoQD,22,124,0.9999719053506851,6.065263829194009
2220,algoQD,22,124,0.9999719053506851,5.199665617197752
2221,algoQD,22,124,0.9999719053506851,5.138962815050036
2222,algoQD,22,124,0.9999719053506851,5.983277370221913
2223,algoQD,22,124,0.9999719053506851,4.8597179828211665
2224,algoQD,22,124,0.9999719053506851,5.030706086196005
2225,algoQD,22,124,0.9999719053506851,4.76179024297744
2226,algoQD,22,124,0.9999719053506851,6.026742988266051
2227,algoQD,22,124,0.9999719053506851,4.829458424821496
2228,algoQD,22,124,0.9999719053506851,5.522665379103273
2229,algoQD,22,125,0.9999719053506851,6.3506360542960465
2230,algoQD,22,125,0.9999719053506851,5.969503697939217
2231,algoQD,22,126,0.9999719053506851,5.925582536961883
2232,algoQD,22,126,0.9999719053506851,5.25095435930416
2233,algoQD,22,126,0.9999719053506851,5.70135679282248
2234,algoQD,22,126,0.9999719053506851,6.140041997190565
2235,algoQD,22,127,0.9999719053506851,5.572212609928101
2236,algoQD,22,127,0.9999719053506851,5.1105583547614515
2237,algoQD,22,127,0.9999719053506851,6.337292840704322
2238,algoQD,22,127,0.9999719053506851,5.929702732246369
2239,algoQD,22,127,0.9999719053506851,6.124349435325712
2240,algoQD,22,127,0.9999719053506851,5.354034963995218
2241,algoQD,22,127,0.9999719053506851,5.955452919006348
2242,algoQD,22,127,0.9999719053506851,5.9584523271769285
2243,algoQD,22,127,0.9999719053506851,5.626247260719538
2244,algoQD,22,127,0.9999719053506851,5.222988285124302
2245,algoQD,22,127,0.9999719053506851,5.0634581269696355
2246,algoQD,22,127,0.9999719053506851,5.354365800041705
2247,algoQD,22,127,0.9999719053506851,5.981613359879702
2248,algoQD,22,127,0.9999719053506851,5.281660709995776
2249,algoQD,22,127,0.9999719053506851,5.463433868251741
2250,algoQD,22,127,0.9999719053506851,5.349631562829018
2251,algoQD,22,127,0.9999719053506851,5.923222578130662
2252,algoQD,22,127,0.9999719053506851,5.8635163200087845
2253,algoQD,22,127,0.9999719053506851,5.019655109383166
2254,algoQD,22,127,0.9999719053506851,4.846845007035881
2255,algoQD,22,127,0.9999719053506851,4.493481101002544
2256,algoQD,22,127,0.9999719053506851,5.7901183208450675
2257,algoQD,22,127,0.9999719053506851,5.939959501847625
2258,algoQD,22,127,0.9999719053506851,4.86272692726925
2259,algoQD,22,127,0.9999719053506851,5.640771133825183
2260,algoQD,22,127,0.9999719053506851,5.365374720655382
2261,algoQD,22,127,0.9999719053506851,5.81262986920774
2262,algoQD,22,127,0.9999719053506851,5.21389024425298
2263,algoQD,22,127,0.9999719053506851,6.157510153949261
2264,algoQD,22,127,0.9999719053506851,5.074052895884961
2265,algoQD,22,127,0.9999719053506851,5.595428909175098
2266,algoQD,22,127,0.9999719053506851,6.1305958880111575
2267,algoQD,22,127,0.9999719053506851,5.0753886313177645
2268,algoQD,22,127,0.9999719053506851,5.706604929175228
2269,algoQD,22,127,0.9999719053506851,6.232383471913636
2270,algoQD,22,127,0.9999719053506851,5.166784836910665
2271,algoQD,22,127,0.9999719053506851,5.614715439733118
2272,algoQD,22,127,0.9999719053506851,5.310651599429548
2273,algoQD,22,127,0.9999719053506851,5.816189313773066
2274,algoQD,22,127,0.9999719053506851,5.250218969769776
2275,algoQD,22,127,0.9999719053506851,5.432601829059422
2276,algoQD,22,127,0.9999719053506851,5.584235879126936
2277,algoQD,22,128,0.9999719053506851,6.608240738045424
2278,algoQD,22,128,0.9999719053506851,5.301788040902466
2279,algoQD,22,128,0.9999719053506851,6.706989628728479
2280,algoQD,22,128,0.9999719053506851,5.353832451160997
2281,algoQD,22,128,0.9999719053506851,5.298121192958206
2282,algoQD,22,128,0.9999719053506851,6.670893433969468
2283,algoQD,22,128,0.9999719053506851,5.491943988017738
2284,algoQD,22,128,0.9999719053506851,5.482489144895226
2285,algoQD,22,128,0.9999719053506851,5.562968993093818
2286,algoQD,22,128,0.9999719053506851,6.3858722248114645
2287,algoQD,22,129,0.9999719053506851,5.5619570622220635
2288,algoQD,22,129,0.9999719053506851,6.409181869123131
2289,algoQD,22,129,0.9999719053506851,5.132194526959211
2290,algoQD,22,129,0.9999719053506851,6.2217821893282235
2291,algoQD,22,129,0.9999719053506851,5.166965848300606
2292,algoQD,22,129,0.9999719053506851,5.676515454892069
2293,algoQD,22,129,0.9999719053506851,5.27818025322631
2294,algoQD,22,129,0.9999719053506851,6.078179345000535
2295,algoQD,22,129,0.9999719053506851,6.2040233430452645
2296,algoQD,22,130,0.9999719053506851,6.441233532037586
2297,algoQD,22,130,0.9999719053506851,5.22857690602541
2298,algoQD,22,130,0.9999719053506851,5.525203313212842
2299,algoQD,22,130,0.9999719053506851,5.4811061611399055
2300,algoQD,23,130,0.9999719053506851,5.86043294519186
2301,algoQD,23,130,0.9999719053506851,5.922411987092346
2302,algoQD,23,130,0.9999719053506851,6.04108327999711
2303,algoQD,23,130,0.9999719053506851,6.0849295309744775
2304,algoQD,23,130,0.9999719053506851,5.35061125503853
2305,algoQD,23,130,0.9999719053506851,5.984997033141553
2306,algoQD,23,130,0.9999719053506851,6.018409317359328
2307,algoQD,23,130,0.9999719053506851,4.866319745313376
2308,algoQD,23,130,0.9999719053506851,5.026145704090595
2309,algoQD,23,130,0.9999719053506851,6.470946424175054
2310,algoQD,23,130,0.9999719053506851,6.25929679395631
2311,algoQD,23,130,0.9999719053506851,5.30808575078845
2312,algoQD,23,130,0.9999719053506851,6.001012395136058
2313,algoQD,23,130,0.9999719053506851,5.929776371922344
2314,algoQD,23,130,0.9999719053506851,5.082192405126989
2315,algoQD,23,130,0.9999719053506851,4.906778194010258
2316,algoQD,23,130,0.9999719053506851,6.467885312158614
2317,algoQD,23,130,0.9999719053506851,6.75720851868391
2318,algoQD,23,130,0.9999719053506851,5.15495172701776
2319,algoQD,23,130,0.9999719053506851,5.292750725056976
2320,algoQD,23,130,0.9999719053506851,5.969796800985932
2321,algoQD,23,130,0.9999719053506851,6.171000736299902
2322,algoQD,23,130,0.9999719053506851,6.606338584329933
2323,algoQD,23,130,0.9999719053506851,5.493604776915163
2324,algoQD,23,130,0.9999719053506851,5.439513077959418
2325,algoQD,23,130,0.9999719053506851,6.541968094184995
2326,algoQD,23,130,0.9999719053506851,5.323506539687514
2327,algoQD,23,130,0.9999719053506851,5.553965530823916
2328,algoQD,23,130,0.9999719053506851,6.304984433110803
2329,algoQD,23,130,0.9999719053506851,5.25871450221166
2330,algoQD,23,130,0.9999719053506851,5.088558715302497
2331,algoQD,23,130,0.9999719053506851,5.906226993072778
2332,algoQD,23,130,0.9999719053506851,6.704042611178011
2333,algoQD,23,130,0.9999719053506851,5.551502768881619
2334,algoQD,23,130,0.9999719053506851,6.084593235049397
2335,algoQD,23,130,0.9999719053506851,6.160802596248686
2336,algoQD,23,130,0.9999719053506851,5.432765439152718
2337,algoQD,23,131,0.9999719053506851,6.460031661204994
2338,algoQD,23,131,0.9999719053506851,5.268331102095544
2339,algoQD,23,131,0.9999719053506851,5.126442668959498
2340,algoQD,23,131,0.9999719053506851,4.9728382071480155
2341,algoQD,23,131,0.9999719053506851,6.273280477151275
2342,algoQD,23,131,0.9999719053506851,5.5219358201138675
2343,algoQD,23,131,0.9999719053506851,5.463463844265789
2344,algoQD,23,131,0.9999719053506851,5.479718327987939
2345,algoQD,23,131,0.9999719053506851,5.504764563869685
2346,algoQD,23,131,0.9999719053506851,5.977724803145975
2347,algoQD,23,131,0.9999719053506851,5.0194750488735735
2348,algoQD,23,131,0.9999719053506851,6.310943993739784
2349,algoQD,23,131,0.9999719053506851,5.386790957301855
2350,algoQD,23,131,0.9999719053506851,4.994579036720097
2351,algoQD,23,131,0.9999719053506851,5.42593407118693
2352,algoQD,23,131,0.9999719053506851,5.356130083091557
2353,algoQD,23,131,0.9999719053506851,5.537412914913148
2354,algoQD,23,131,0.9999719053506851,4.961568331811577
2355,algoQD,23,131,0.9999719053506851,5.987972885835916
2356,algoQD,23,131,0.9999719053506851,5.384202898014337
2357,algoQD,23,131,0.9999719053506851,6.3709457498043776
2358,algoQD,23,131,0.9999719053506851,6.326348742004484
2359,algoQD,23,131,0.9999719053506851,5.5361751350574195
2360,algoQD,23,131,0.9999719053506851,5.198282322846353
2361,algoQD,23,131,0.9999719053506851,5.45644110487774
2362,algoQD,23,131,0.9999719053506851,4.981861066073179
2363,algoQD,23,131,0.9999719053506851,5.333085709251463
2364,algoQD,23,131,0.9999719053506851,6.353983961045742
2365,algoQD,23,131,0.9999719053506851,5.740206531714648
2366,algoQD,23,131,0.9999719053506851,5.006790371146053
2367,algoQD,23,131,0.9999719053506851,5.7624172191135585
2368,algoQD,23,131,0.9999719053506851,5.596612234134227
2369,algoQD,23,131,0.9999719053506851,5.509884137194604
2370,algoQD,23,131,0.9999719053506851,5.856234070379287
2371,algoQD,23,131,0.9999719053506851,5.918365080840886
2372,algoQD,23,131,0.9999719053506851,5.341476102825254
2373,algoQD,23,131,0.9999719053506851,7.037724697031081
2374,algoQD,23,131,0.9999719053506851,6.197417051065713
2375,algoQD,23,131,0.9999719053506851,6.303808831609786
2376,algoQD,23,131,0.9999719053506851,5.600632340181619
2377,algoQD,23,131,0.9999719053506851,5.2206016960553825
2378,algoQD,23,131,0.9999719053506851,6.22484941361472
2379,algoQD,23,131,0.9999719053506851,5.940372502896935
2380,algoQD,23,131,0.9999719053506851,5.314682235941291
2381,algoQD,23,131,0.9999719053506851,6.723837343975902
2382,algoQD,23,131,0.9999719053506851,5.120981839951128
2383,algoQD,23,132,0.9999719053506851,6.232020545285195
2384,algoQD,23,132,0.9999719053506851,5.6857481501065195
2385,algoQD,23,132,0.9999719053506851,5.275085416156799
2386,algoQD,23,132,0.9999719053506851,5.338835883885622
2387,algoQD,23,132,0.9999719053506851,5.511140200775117
2388,algoQD,23,132,0.9999719053506851,5.699404002632946
2389,algoQD,23,132,0.9999719053506851,6.168389982078224
2390,algoQD,23,132,0.9999719053506851,5.292602164205164
2391,algoQD,23,132,0.9999719053506851,5.132404563948512
2392,algoQD,23,132,0.9999719053506851,5.285250261891633
2393,algoQD,23,132,0.9999719053506851,5.494847816880792
2394,algoQD,23,132,0.9999719053506851,5.7175858789123595
2395,algoQD,23,132,0.9999719053506851,5.163082201965153
2396,algoQD,23,132,0.9999719053506851,6.318709247279912
2397,algoQD,23,132,0.9999719053506851,6.290564847178757
2398,algoQD,23,132,0.9999719053506851,6.010290015023202
2399,algoQD,23,132,0.9999719053506851,6.865261440165341
2400,algoQD,24,132,0.9999719053506851,5.405652748886496
2401,algoQD,24,132,0.9999719053506851,6.5523509522899985
2402,algoQD,24,132,0.9999719053506851,6.637253530789167
2403,algoQD,24,132,0.9999719053506851,6.450737941078842
2404,algoQD,24,132,0.9999719053506851,5.417804379016161
2405,algoQD,24,132,0.9999719053506851,5.484325553756207
2406,algoQD,24,132,0.9999719053506851,5.10120972013101
2407,algoQD,24,132,0.9999719053506851,5.247411714866757
2408,algoQD,24,132,0.9999719053506851,5.199380502104759
2409,algoQD,24,132,0.9999719053506851,6.14230068679899
2410,algoQD,24,133,0.9999719053506851,6.173854588996619
2411,algoQD,24,133,0.9999719053506851,6.020175747107714
2412,algoQD,24,133,0.9999719053506851,5.464098138269037
2413,algoQD,24,133,0.9999719053506851,5.249980141874403
2414,algoQD,24,133,0.9999719053506851,5.372411001008004
2415,algoQD,24,133,0.9999719053506851,5.485259371809661
2416,algoQD,24,133,0.9999719053506851,6.319211245048791
2417,algoQD,24,133,0.9999719053506851,5.421603973023593
2418,algoQD,24,133,0.9999719053506851,5.823906486853957
2419,algoQD,24,133,0.9999719053506851,4.72516505420208
2420,algoQD,24,133,0.9999719053506851,5.216977813281119
2421,algoQD,24,133,0.9999719053506851,5.180586229078472
2422,algoQD,24,133,0.9999719053506851,5.319557853043079
2423,algoQD,24,133,0.9999719053506851,5.046296413987875
2424,algoQD,24,133,0.9999719053506851,5.683652011677623
2425,algoQD,24,133,0.9999719053506851,6.227077956777066
2426,algoQD,24,133,0.9999719053506851,5.133926854934543
2427,algoQD,24,133,0.9999719053506851,5.385975319892168
2428,algoQD,24,133,0.9999719053506851,4.904490987304598
2429,algoQD,24,133,0.9999719053506851,5.657692350912839
2430,algoQD,24,133,0.9999719053506851,5.021756444126368
2431,algoQD,24,133,0.9999719053506851,6.045988169964403
2432,algoQD,24,133,0.9999719053506851,5.378046418074518
2433,algoQD,24,133,0.9999719053506851,6.1296783266589046
2434,algoQD,24,133,0.9999719053506851,6.240889374166727
2435,algoQD,24,133,0.9999719053506851,6.317438957281411
2436,algoQD,24,133,0.9999719053506851,5.092601027805358
2437,algoQD,24,133,0.9999719053506851,5.605698816943914
2438,algoQD,24,133,0.9999719053506851,5.3018481391482055
2439,algoQD,24,133,0.9999719053506851,5.168178855907172
2440,algoQD,24,133,0.9999719053506851,5.790391641203314
2441,algoQD,24,133,0.9999719053506851,6.499436208978295
2442,algoQD,24,133,0.9999719053506851,5.73633845616132
2443,algoQD,24,133,0.9999719053506851,5.236310822889209
2444,algoQD,24,133,0.9999719053506851,5.733950703870505
2445,algoQD,24,133,0.9999719053506851,6.04572550393641
2446,algoQD,24,133,0.9999719053506851,5.445438859984279
2447,algoQD,24,133,0.9999719053506851,5.109340788330883
2448,algoQD,24,133,0.9999719053506851,5.338928543031216
2449,algoQD,24,133,0.9999719053506851,5.584179635159671
2450,algoQD,24,133,0.9999719053506851,5.5724559728987515
2451,algoQD,24,133,0.9999719053506851,5.357355101965368
2452,algoQD,24,133,0.9999719053506851,4.962741474155337
2453,algoQD,24,133,0.9999719053506851,5.206129123922437
2454,algoQD,24,133,0.9999719053506851,6.043204850982875
2455,algoQD,24,134,0.9999719053506851,6.003188828937709
2456,algoQD,24,134,0.9999719053506851,6.143002493772656
2457,algoQD,24,134,0.9999719053506851,5.9663028521463275
2458,algoQD,24,134,0.9999719053506851,5.810473927296698
2459,algoQD,24,134,0.9999719053506851,5.863465315662324
2460,algoQD,24,134,0.9999719053506851,5.18362545222044
2461,algoQD,24,134,0.9999719053506851,5.494694650173187
2462,algoQD,24,134,0.9999719053506851,5.510571389924735
2463,algoQD,24,134,0.9999719053506851,5.576158149167895
2464,algoQD,24,134,0.9999719053506851,5.510825308971107
2465,algoQD,24,134,0.9999719053506851,5.788713450077921
2466,algoQD,24,134,0.9999719053506851,5.433417083695531
2467,algoQD,24,135,0.9999719053506851,5.490169309079647
2468,algoQD,24,135,0.9999719053506851,6.394019830040634
2469,algoQD,24,135,0.9999719053506851,5.279105175752193
2470,algoQD,24,135,0.9999719053506851,5.031447465997189
2471,algoQD,24,135,0.9999719053506851,5.387254918925464
2472,algoQD,24,135,0.9999719053506851,5.782032395713031
2473,algoQD,24,135,0.9999719053506851,5.9081497197039425
2474,algoQD,24,135,0.9999719053506851,6.559515219181776
2475,algoQD,24,135,0.9999719053506851,5.820344066713005
2476,algoQD,24,135,0.9999719053506851,5.212464715819806
2477,algoQD,24,135,0.9999719053506851,5.50077314581722
2478,algoQD,24,135,0.9999719053506851,5.260578558780253
2479,algoQD,24,135,0.9999719053506851,6.325992039870471
2480,algoQD,24,135,0.9999719053506851,5.855277124792337
2481,algoQD,24,135,0.9999719053506851,5.2026604996062815
2482,algoQD,24,135,0.9999719053506851,5.383260219823569
2483,algoQD,24,135,0.9999719053506851,5.769343719817698
2484,algoQD,24,135,0.9999719053506851,5.255412386730313
2485,algoQD,24,135,0.9999719053506851,6.48747283173725
2486,algoQD,24,135,0.9999719053506851,5.173246580641717
2487,algoQD,24,136,0.9999719053506851,6.220066078007221
2488,algoQD,24,136,0.9999719053506851,5.97235445631668
2489,algoQD,24,136,0.9999719053506851,5.364664942957461
2490,algoQD,24,136,0.9999719053506851,5.424384846817702
2491,algoQD,24,136,0.9999719053506851,5.409121916629374
2492,algoQD,24,136,0.9999719053506851,5.407186558935791
2493,algoQD,24,136,0.9999719053506851,6.231344678904861
2494,algoQD,24,136,0.9999719053506851,5.853851530700922
2495,algoQD,24,136,0.9999719053506851,6.522473357617855
2496,algoQD,24,136,0.9999719053506851,5.398402531631291
2497,algoQD,24,136,0.9999719053506851,5.7877378962002695
2498,algoQD,24,136,0.9999719053506851,5.01522230822593
2499,algoQD,24,136,0.9999719053506851,5.163913474883884
2500,algoQD,25,136,0.9999719053506851,5.0430980999954045
2501,algoQD,25,136,0.9999719053506851,5.652870620135218
2502,algoQD,25,136,0.9999719053506851,6.199130238965154
2503,algoQD,25,136,0.9999719053506851,6.29870091099292
2504,algoQD,25,136,0.9999719053506851,5.490233671385795
2505,algoQD,25,136,0.9999719053506851,5.479372818954289
2506,algoQD,25,136,0.9999719053506851,5.070561132859439
2507,algoQD,25,136,0.9999719053506851,6.126178471837193
2508,algoQD,25,136,0.9999719053506851,5.1557431891560555
2509,algoQD,25,136,0.9999719053506851,5.571655019186437
2510,algoQD,25,136,0.9999719053506851,5.925093215890229
2511,algoQD,25,136,0.9999719053506851,5.673069487325847
2512,algoQD,25,136,0.9999719053506851,5.380502217914909
2513,algoQD,25,136,0.9999719053506851,5.360130575951189
2514,algoQD,25,136,0.9999719053506851,5.656624030787498
2515,algoQD,25,136,0.9999719053506851,5.555492640007287
2516,algoQD,25,136,0.9999719053506851,5.325370936188847
2517,algoQD,25,136,0.9999719053506851,5.024251298047602
2518,algoQD,25,136,0.9999719053506851,5.7167852888815105
2519,algoQD,25,136,0.9999719053506851,6.181959904264659
2520,algoQD,25,136,0.9999719053506851,5.392457309179008
2521,algoQD,25,136,0.9999719053506851,5.488622725941241
2522,algoQD,25,136,0.9999719053506851,5.823283611796796
2523,algoQD,25,136,0.9999719053506851,5.379630682058632
2524,algoQD,25,136,0.9999719053506851,6.585180515889078
2525,algoQD,25,136,0.9999719053506851,5.309374380856752
2526,algoQD,25,136,0.9999719053506851,5.262536257039756
2527,algoQD,25,136,0.9999719053506851,5.6768234190531075
2528,algoQD,25,136,0.9999719053506851,6.433848036918789
2529,algoQD,25,136,0.9999719053506851,6.498378049116582
2530,algoQD,25,136,0.9999719053506851,5.536289635114372
2531,algoQD,25,136,0.9999719053506851,6.4394101980142295
2532,algoQD,25,137,0.9999719053506851,5.980547036975622
2533,algoQD,25,137,0.9999719053506851,6.130033686757088
2534,algoQD,25,137,0.9999719053506851,6.24735896801576
2535,algoQD,25,137,0.9999719053506851,5.141897967085242
2536,algoQD,25,137,0.9999719053506851,4.856654848903418
2537,algoQD,25,137,0.9999719053506851,5.961966418195516
2538,algoQD,25,137,0.9999719053506851,5.879217381123453
2539,algoQD,25,137,0.9999719053506851,5.648180156946182
2540,algoQD,25,137,0.9999719053506851,5.280355035793036
2541,algoQD,25,137,0.9999719053506851,5.8550391951575875
2542,algoQD,25,137,0.9999719053506851,5.556149679701775
2543,algoQD,25,137,0.9999719053506851,5.436974144075066
2544,algoQD,25,137,0.9999719053506851,5.368586273863912
2545,algoQD,25,137,0.9999719053506851,5.428593237884343
2546,algoQD,25,137,0.9999719053506851,5.2549584289081395
2547,algoQD,25,137,0.9999719053506851,5.5164454081095755
2548,algoQD,25,137,0.9999719053506851,5.231011561118066
2549,algoQD,25,137,0.9999719053506851,6.170527271926403
2550,algoQD,25,137,0.9999719053506851,4.782029681839049
2551,algoQD,25,137,0.9999719053506851,5.845058396924287
2552,algoQD,25,137,0.9999719053506851,5.524707769975066
2553,algoQD,25,137,0.9999719053506851,5.748856258112937
2554,algoQD,25,137,0.9999719053506851,6.338100566994399
2555,algoQD,25,137,0.9999719053506851,5.37985665909946
2556,algoQD,25,137,0.9999719053506851,6.121447334066033
2557,algoQD,25,137,0.9999719053506851,5.591613521799445
2558,algoQD,25,137,0.9999719053506851,6.312633818015456
2559,algoQD,25,137,0.9999719053506851,6.048124206718057
2560,algoQD,25,137,0.9999719053506851,5.869144496973604
2561,algoQD,25,138,0.9999719053506851,6.160343750845641
2562,algoQD,25,138,0.9999719053506851,5.6323114121332765
2563,algoQD,25,138,0.9999719053506851,5.126966452691704
2564,algoQD,25,138,0.9999719053506851,5.644872766919434
2565,algoQD,25,138,0.9999719053506851,5.81535563012585
2566,algoQD,25,138,0.9999719053506851,4.894021303858608
2567,algoQD,25,138,0.9999719053506851,4.877402451820672
2568,algoQD,25,138,0.9999719053506851,6.16232943162322
2569,algoQD,25,138,0.9999719053506851,5.337163478601724
2570,algoQD,25,138,0.9999719053506851,5.687308711931109
2571,algoQD,25,138,0.9999719053506851,4.773474565241486
2572,algoQD,25,138,0.9999719053506851,5.331837122794241
2573,algoQD,25,138,0.9999719053506851,5.179676580708474
2574,algoQD,25,138,0.9999719053506851,5.048740372061729
2575,algoQD,25,138,0.9999719053506851,4.925254319794476
2576,algoQD,25,138,0.9999719053506851,5.174692112021148
2577,algoQD,25,138,0.9999719053506851,5.130875027738512
2578,algoQD,25,138,0.9999719053506851,5.963731293100864
2579,algoQD,25,138,0.9999719053506851,4.845959148835391
2580,algoQD,25,138,0.9999719053506851,4.870177710894495
2581,algoQD,25,138,0.9999719053506851,5.677763845771551
2582,algoQD,25,138,0.9999719053506851,5.241827297955751
2583,algoQD,25,138,0.9999719053506851,4.751669303979725
2584,algoQD,25,138,0.9999719053506851,4.920038154814392
2585,algoQD,25,138,0.9999719053506851,4.719647948164493
2586,algoQD,25,138,0.9999719053506851,5.0193208223208785
2587,algoQD,25,138,0.9999719053506851,4.734899086877704
2588,algoQD,25,138,0.9999719053506851,6.272406627889723
2589,algoQD,25,138,0.9999719053506851,5.029367716982961
2590,algoQD,25,138,0.9999719053506851,5.880476260092109
2591,algoQD,25,138,0.9999719053506851,5.874140257947147
2592,algoQD,25,138,0.9999719053506851,4.645945348776877
2593,algoQD,25,138,0.9999719053506851,5.954778350889683
2594,algoQD,25,139,0.9999719053506851,5.992030770052224
2595,algoQD,25,139,0.9999719053506851,4.405771708581597
2596,algoQD,25,139,0.9999719053506851,6.0239248760044575
2597,algoQD,25,139,0.9999719053506851,5.730651975143701
2598,algoQD,25,139,0.9999719053506851,4.655465395189822
2599,algoQD,25,139,0.9999719053506851,4.671229260973632
2600,algoQD,26,139,0.9999719053506851,5.941725195851177
2601,algoQD,26,139,0.9999719053506851,4.864250663202256
2602,algoQD,26,139,0.9999719053506851,4.784881510771811
2603,algoQD,26,139,0.9999719053506851,4.56052317796275
2604,algoQD,26,139,0.9999719053506851,4.984577254857868
2605,algoQD,26,139,0.9999719053506851,6.26925849262625
2606,algoQD,26,139,0.9999719053506851,5.692028364166617
2607,algoQD,26,139,0.9999719053506851,5.8670585891231894
2608,algoQD,26,139,0.9999719053506851,5.067426090594381
2609,algoQD,26,139,0.9999719053506851,5.287593175191432
2610,algoQD,26,139,0.9999719053506851,5.991549680940807
2611,algoQD,26,139,0.9999719053506851,5.1809182688593864
2612,algoQD,26,139,0.9999719053506851,4.912363242823631
2613,algoQD,26,139,0.9999719053506851,5.35572537407279
2614,algoQD,26,139,0.9999719053506851,5.547440316993743
2615,algoQD,26,139,0.9999719053506851,4.869410111103207
2616,algoQD,26,139,0.9999719053506851,5.048532340675592
2617,algoQD,26,139,0.9999719053506851,4.988928987644613
2618,algoQD,26,139,0.9999719053506851,5.600783020723611
2619,algoQD,26,139,0.9999719053506851,5.223025853279978
2620,algoQD,26,139,0.9999719053506851,5.026555615011603
2621,algoQD,26,139,0.9999719053506851,5.172932000365108
2622,algoQD,26,139,0.9999719053506851,5.516787538304925
2623,algoQD,26,139,0.9999719053506851,5.720933641772717
2624,algoQD,26,139,0.9999719053506851,6.473031822126359
2625,algoQD,26,139,0.9999719053506851,5.383189811371267
2626,algoQD,26,139,0.9999719053506851,6.065765174571425
2627,algoQD,26,139,0.9999719053506851,6.446170635987073
2628,algoQD,26,139,0.9999719053506851,6.02862778166309
2629,algoQD,26,139,0.9999719053506851,6.3748006001114845
2630,algoQD,26,139,0.9999719053506851,5.7476470079272985
2631,algoQD,26,139,0.9999719053506851,6.529036866035312
2632,algoQD,26,139,0.9999719053506851,5.156250327825546
2633,algoQD,26,139,0.9999719053506851,6.208773965016007
2634,algoQD,26,139,0.9999719053506851,4.954488942399621
2635,algoQD,26,139,0.9999719053506851,5.649186942260712
2636,algoQD,26,139,0.9999719053506851,5.469426358118653
2637,algoQD,26,139,0.9999719053506851,5.020850003696978
2638,algoQD,26,139,0.9999719053506851,4.972535672131926
2639,algoQD,26,139,0.9999719053506851,5.149237687699497
2640,algoQD,26,139,0.9999719053506851,5.652764942962676
2641,algoQD,26,139,0.9999719053506851,6.027380413841456
2642,algoQD,26,139,0.9999719053506851,5.610437382943928
2643,algoQD,26,139,0.9999719053506851,6.117697342764586
2644,algoQD,26,139,0.9999719053506851,5.988905313890427
2645,algoQD,26,139,0.9999719053506851,4.916275276336819
2646,algoQD,26,139,0.9999719053506851,5.804539968259633
2647,algoQD,26,139,0.9999719053506851,5.258030136115849
2648,algoQD,26,139,0.9999719053506851,5.306708213873208
2649,algoQD,26,139,0.9999719053506851,5.218464864883572
2650,algoQD,26,139,0.9999719053506851,5.270155607257038
2651,algoQD,26,139,0.9999719053506851,5.582791404798627
2652,algoQD,26,139,0.9999719053506851,6.0141530418768525
2653,algoQD,26,139,0.9999719053506851,5.136129288934171
2654,algoQD,26,139,0.9999719053506851,5.9083904679864645
2655,algoQD,26,139,0.9999719053506851,4.817840338218957
2656,algoQD,26,139,0.9999719053506851,5.379106434993446
2657,algoQD,26,139,0.9999719053506851,5.358568725641817
2658,algoQD,26,139,0.9999719053506851,5.343840577173978
2659,algoQD,26,139,0.9999719053506851,5.399488356895745
2660,algoQD,26,139,0.9999719053506851,5.317746250890195
2661,algoQD,26,139,0.9999719053506851,5.335623280145228
2662,algoQD,26,139,0.9999719053506851,4.810336309019476
2663,algoQD,26,139,0.9999719053506851,5.150700201280415
2664,algoQD,26,140,0.9999719053506851,5.083847620990127
2665,algoQD,26,140,0.9999719053506851,4.918866052292287
2666,algoQD,26,140,0.9999719053506851,5.959991138894111
2667,algoQD,26,140,0.9999719053506851,5.440729183144867
2668,algoQD,26,140,0.9999719053506851,5.178199511952698
2669,algoQD,26,140,0.9999719053506851,5.359157409984618
2670,algoQD,26,140,0.9999719053506851,5.690829057246447
2671,algoQD,26,140,0.9999719053506851,5.0331715564243495
2672,algoQD,26,140,0.9999719053506851,6.254753574728966
2673,algoQD,26,140,0.9999719053506851,5.489653688855469
2674,algoQD,26,140,0.9999719053506851,5.384429092053324
2675,algoQD,26,140,0.9999719053506851,5.4645075630396605
2676,algoQD,26,140,0.9999719053506851,5.221639273222536
2677,algoQD,26,140,0.9999719053506851,6.201536810956895
2678,algoQD,26,140,0.9999719053506851,6.285993034951389
2679,algoQD,26,140,0.9999719053506851,6.4634622586891055
2680,algoQD,26,140,0.9999719053506851,5.670617846772075
2681,algoQD,26,140,0.9999719053506851,5.482594498898834
2682,algoQD,26,140,0.9999719053506851,4.991350193973631
2683,algoQD,26,140,0.9999719053506851,5.279562471900135
2684,algoQD,26,140,0.9999719053506851,5.035412750206888
2685,algoQD,26,140,0.9999719053506851,5.508845982141793
2686,algoQD,26,140,0.9999719053506851,5.837189050856978
2687,algoQD,26,140,0.9999719053506851,6.060350703075528
2688,algoQD,26,140,0.9999719053506851,5.294317652005702
2689,algoQD,26,140,0.9999719053506851,5.1063327472656965
2690,algoQD,26,140,0.9999719053506851,5.298863220028579
2691,algoQD,26,140,0.9999719053506851,5.208770667668432
2692,algoQD,26,140,0.9999719053506851,5.55846505984664
2693,algoQD,26,140,0.9999719053506851,5.479416323825717
2694,algoQD,26,140,0.9999719053506851,5.536671990994364
2695,algoQD,26,140,0.9999719053506851,5.223784237168729
2696,algoQD,26,140,0.9999719053506851,5.7685955301858485
2697,algoQD,26,140,0.9999719053506851,5.217482218053192
2698,algoQD,26,140,0.9999719053506851,4.6810780512169
2699,algoQD,26,140,0.9999719053506851,4.859623518772423
2700,algoQD,27,140,0.9999719053506851,6.468060156796128
2701,algoQD,27,140,0.9999719053506851,5.121264530811459
2702,algoQD,27,141,0.9999719053506851,6.147407260257751
2703,algoQD,27,141,0.9999719053506851,5.3137488178908825
2704,algoQD,27,141,0.9999719053506851,5.568369764834642
2705,algoQD,27,141,0.9999719053506851,5.221524267457426
2706,algoQD,27,141,0.9999719053506851,5.042114262003452
2707,algoQD,27,141,0.9999719053506851,5.623123144265264
2708,algoQD,27,141,0.9999719053506851,5.228782431222498
2709,algoQD,27,141,0.9999719053506851,5.01106413314119
2710,algoQD,27,141,0.9999719053506851,6.2668436099775136
2711,algoQD,27,141,0.9999719053506851,6.130000609904528
2712,algoQD,27,141,0.9999719053506851,5.515427058096975
2713,algoQD,27,141,0.9999719053506851,6.092598977964371
2714,algoQD,27,141,0.9999719053506851,5.622311961371452
2715,algoQD,27,141,0.9999719053506851,5.403463447932154
2716,algoQD,27,141,0.9999719053506851,6.008212916087359
2717,algoQD,27,141,0.9999719053506851,6.137059369124472
2718,algoQD,27,141,0.9999719053506851,6.140984243713319
2719,algoQD,27,141,0.9999719053506851,5.302843933925033
2720,algoQD,27,141,0.9999719053506851,5.862342990934849
2721,algoQD,27,141,0.9999719053506851,5.53298749960959
2722,algoQD,27,141,0.9999719053506851,5.207913338206708
2723,algoQD,27,141,0.9999719053506851,5.3847715286538005
2724,algoQD,27,141,0.9999719053506851,5.208842763677239
2725,algoQD,27,141,0.9999719053506851,5.36836509918794
2726,algoQD,27,141,0.9999719053506851,4.941956821829081
2727,algoQD,27,141,0.9999719053506851,5.731400599237531
2728,algoQD,27,141,0.9999719053506851,5.36505697760731
2729,algoQD,27,141,0.9999719053506851,5.310962334275246
2730,algoQD,27,142,0.9999719053506851,5.146113004069775
2731,algoQD,27,142,0.9999719053506851,6.082383013796061
2732,algoQD,27,142,0.9999719053506851,5.567030754871666
2733,algoQD,27,142,0.9999719053506851,4.76826060609892
2734,algoQD,27,142,0.9999719053506851,4.890307137276977
2735,algoQD,27,142,0.9999719053506851,5.189665297046304
2736,algoQD,27,142,0.9999719053506851,5.829273634124547
2737,algoQD,27,142,0.9999719053506851,6.307348274625838
2738,algoQD,27,142,0.9999719053506851,5.598089592065662
2739,algoQD,27,142,0.9999719053506851,5.80749180726707
2740,algoQD,27,142,0.9999719053506851,5.604473173152655
2741,algoQD,27,142,0.9999719053506851,5.577178990934044
2742,algoQD,27,142,0.9999719053506851,5.344709089025855
2743,algoQD,27,142,0.9999719053506851,6.398006326984614
2744,algoQD,27,142,0.9999719053506851,6.151763452216983
2745,algoQD,27,142,0.9999719053506851,5.075209298171103
2746,algoQD,27,142,0.9999719053506851,5.349956715013832
2747,algoQD,27,142,0.9999719053506851,5.593707010615617
2748,algoQD,27,142,0.9999719053506851,6.475558144971728
2749,algoQD,27,142,0.9999719053506851,6.2362914411351085
2750,algoQD,27,143,0.9999719053506851,6.696891863830388
2751,algoQD,27,143,0.9999719053506851,6.0732651660218835
2752,algoQD,27,143,0.9999719053506851,5.848170671146363
2753,algoQD,27,143,0.9999719053506851,5.963806089013815
2754,algoQD,27,143,0.9999719053506851,6.1710643619298935
2755,algoQD,27,143,0.9999719053506851,5.235918183811009
2756,algoQD,27,143,0.9999719053506851,5.0637592929415405
2757,algoQD,27,143,0.9999719053506851,5.965219307690859
2758,algoQD,27,143,0.9999719053506851,5.192606364842504
2759,algoQD,27,143,0.9999719053506851,6.587415966205299
2760,algoQD,27,144,0.9999719053506851,6.33527502277866
2761,algoQD,27,144,0.9999719053506851,5.968185824807733
2762,algoQD,27,144,0.9999719053506851,6.072241432964802
2763,algoQD,27,144,0.9999719053506851,6.467108848970383
2764,algoQD,27,144,0.9999719053506851,5.3847116362303495
2765,algoQD,27,144,0.9999719053506851,6.149837581906468
2766,algoQD,27,144,0.9999719053506851,6.477390858810395
2767,algoQD,27,144,0.9999719053506851,6.062705653719604
2768,algoQD,27,144,0.9999719053506851,6.240230362862349
2769,algoQD,27,144,0.9999719053506851,6.436794839799404
2770,algoQD,27,144,0.9999719053506851,5.377775850705802
2771,algoQD,27,144,0.9999719053506851,6.026718253269792
2772,algoQD,27,144,0.9999719053506851,6.478097895160317
2773,algoQD,27,144,0.9999719053506851,5.877920262981206
2774,algoQD,27,144,0.9999719053506851,5.187278297264129
2775,algoQD,27,144,0.9999719053506851,6.413798578083515
2776,algoQD,27,144,0.9999719053506851,6.650453958194703
2777,algoQD,27,144,0.9999719053506851,5.205098520964384
2778,algoQD,27,144,0.9999719053506851,6.205832066945732
2779,algoQD,27,144,0.9999719053506851,5.211851490661502
2780,algoQD,27,144,0.9999719053506851,7.4488126640208066
2781,algoQD,27,144,0.9999719053506851,5.885329751763493
2782,algoQD,27,144,0.9999719053506851,6.30420973803848
2783,algoQD,27,144,0.9999719053506851,6.4552794811315835
2784,algoQD,27,144,0.9999719053506851,5.610746822785586
2785,algoQD,27,144,0.9999719053506851,6.3784945220686495
2786,algoQD,27,144,0.9999719053506851,6.393589606042951
2787,algoQD,27,144,0.9999719053506851,5.222076401114464
2788,algoQD,27,144,0.9999719053506851,5.745660029351711
2789,algoQD,27,144,0.9999719053506851,5.062444960232824
2790,algoQD,27,144,0.9999719053506851,5.28716240497306
2791,algoQD,27,145,0.9999719053506851,5.774535621982068
2792,algoQD,27,145,0.9999719053506851,5.389639390166849
2793,algoQD,27,145,0.9999719053506851,5.407871189992875
2794,algoQD,27,145,0.9999719053506851,5.570700524840504
2795,algoQD,27,145,0.9999719053506851,5.2777385781519115
2796,algoQD,27,145,0.9999719053506851,5.873970658052713
2797,algoQD,27,145,0.9999719053506851,5.682127331849188
2798,algoQD,27,145,0.9999719053506851,5.70093863690272
2799,algoQD,27,145,0.9999719053506851,4.979098632931709
2800,algoQD,28,145,0.9999719053506851,5.9343955451622605
2801,algoQD,28,145,0.9999719053506851,6.28038079990074
2802,algoQD,28,145,0.9999719053506851,5.819561218842864
2803,algoQD,28,145,0.9999719053506851,6.259725251700729
2804,algoQD,28,145,0.9999719053506851,4.814717635978013
2805,algoQD,28,145,0.9999719053506851,5.959688146132976
2806,algoQD,28,145,0.9999719053506851,4.884840987157077
2807,algoQD,28,145,0.9999719053506851,5.844953087624162
2808,algoQD,28,145,0.9999719053506851,6.129773301072419
2809,algoQD,28,145,0.9999719053506851,5.227906117215753
2810,algoQD,28,145,0.9999719053506851,5.59772460674867
2811,algoQD,28,145,0.9999719053506851,6.540745424106717
2812,algoQD,28,145,0.9999719053506851,5.690204062964767
2813,algoQD,28,145,0.9999719053506851,5.163623570930213
2814,algoQD,28,145,0.9999719053506851,5.0069616520777345
2815,algoQD,28,145,0.9999719053506851,5.582303297705948
2816,algoQD,28,145,0.9999719053506851,5.998767267912626
2817,algoQD,28,145,0.9999719053506851,5.001939098816365
2818,algoQD,28,145,0.9999719053506851,5.334235380869359
2819,algoQD,28,145,0.9999719053506851,4.904827001970261
2820,algoQD,28,145,0.9999719053506851,5.525852229911834
2821,algoQD,28,145,0.9999719053506851,5.258087365888059
2822,algoQD,28,145,0.9999719053506851,5.341312734875828
2823,algoQD,28,145,0.9999719053506851,5.545660770963877
2824,algoQD,28,145,0.9999719053506851,5.89992802683264
2825,algoQD,28,145,0.9999719053506851,5.336071060039103
2826,algoQD,28,145,0.9999719053506851,5.241131297312677
2827,algoQD,28,145,0.9999719053506851,5.05393114220351
2828,algoQD,28,145,0.9999719053506851,5.399922509677708
2829,algoQD,28,145,0.9999719053506851,6.105912043713033
2830,algoQD,28,145,0.9999719053506851,4.966223945841193
2831,algoQD,28,145,0.9999719053506851,6.126046170014888
2832,algoQD,28,145,0.9999719053506851,5.091258402913809
2833,algoQD,28,145,0.9999719053506851,5.226303237024695
2834,algoQD,28,145,0.9999719053506851,5.126820781268179
2835,algoQD,28,145,0.9999719053506851,4.978282010182738
2836,algoQD,28,145,0.9999719053506851,4.53906794032082
2837,algoQD,28,145,0.9999719053506851,5.1632081479765475
2838,algoQD,28,145,0.9999719053506851,5.082757469732314
2839,algoQD,28,145,0.9999719053506851,5.008267677854747
2840,algoQD,28,145,0.9999719053506851,4.641692405100912
2841,algoQD,28,145,0.9999719053506851,4.575867106206715
2842,algoQD,28,145,0.9999719053506851,5.635815913788974
2843,algoQD,28,145,0.9999719053506851,4.675264893099666
2844,algoQD,28,145,0.9999719053506851,5.584194732364267
2845,algoQD,28,145,0.9999719053506851,5.860530904028565
2846,algoQD,28,145,0.9999719053506851,5.179090477060527
2847,algoQD,28,145,0.9999719053506851,5.028906306717545
2848,algoQD,28,145,0.9999719053506851,4.7268325528129935
2849,algoQD,28,145,0.9999719053506851,4.7735188798978925
2850,algoQD,28,145,0.9999719053506851,4.7944920477457345
2851,algoQD,28,145,0.9999719053506851,5.675771160982549
2852,algoQD,28,145,0.9999719053506851,5.445819173939526
2853,algoQD,28,145,0.9999719053506851,5.140679798088968
2854,algoQD,28,145,0.9999719053506851,5.265168535988778
2855,algoQD,28,145,0.9999719053506851,5.162152864038944
2856,algoQD,28,145,0.9999719053506851,4.825407464057207
2857,algoQD,28,145,0.9999719053506851,5.3033491601236165
2858,algoQD,28,145,0.9999719053506851,5.676797800231725
2859,algoQD,28,145,0.9999719053506851,5.493578557856381
2860,algoQD,28,145,0.9999719053506851,5.3222396951168776
2861,algoQD,28,145,0.9999719053506851,5.272435576189309
2862,algoQD,28,145,0.9999719053506851,6.008167581167072
2863,algoQD,28,145,0.9999719053506851,6.575472882948816
2864,algoQD,28,145,0.9999719053506851,5.3714211652986705
2865,algoQD,28,145,0.9999719053506851,5.422982814256102
2866,algoQD,28,145,0.9999719053506851,5.406765880994499
2867,algoQD,28,145,0.9999719053506851,4.897779066115618
2868,algoQD,28,145,0.9999719053506851,6.122409145813435
2869,algoQD,28,146,0.9999719053506851,6.323007257189602
2870,algoQD,28,146,0.9999719053506851,5.5140703790821135
2871,algoQD,28,146,0.9999719053506851,5.923779445234686
2872,algoQD,28,146,0.9999719053506851,5.939031363930553
2873,algoQD,28,146,0.9999719053506851,5.5831760270521045
2874,algoQD,28,146,0.9999719053506851,5.511270487681031
2875,algoQD,28,146,0.9999719053506851,5.525065605062991
2876,algoQD,28,146,0.9999719053506851,5.866790631785989
2877,algoQD,28,146,0.9999719053506851,5.220030835829675
2878,algoQD,28,146,0.9999719053506851,5.049096768256277
2879,algoQD,28,146,0.9999719053506851,6.133022991940379
2880,algoQD,28,146,0.9999719053506851,5.703414595220238
2881,algoQD,28,146,0.9999719053506851,4.790501717943698
2882,algoQD,28,146,0.9999719053506851,5.542051029857248
2883,algoQD,28,146,0.9999719053506851,4.6538340090774
2884,algoQD,28,146,0.9999719053506851,6.132776515092701
2885,algoQD,28,146,0.9999719053506851,5.830566835124046
2886,algoQD,28,146,0.9999719053506851,5.273670561145991
2887,algoQD,28,146,0.9999719053506851,5.808364622294903
2888,algoQD,28,146,0.9999719053506851,4.934136865194887
2889,algoQD,28,147,0.9999719053506851,5.315528454259038
2890,algoQD,28,147,0.9999719053506851,5.023577597923577
2891,algoQD,28,147,0.9999719053506851,5.011002957820892
2892,algoQD,28,147,0.9999719053506851,5.808142012916505
2893,algoQD,28,147,0.9999719053506851,5.7583665093407035
2894,algoQD,28,147,0.9999719053506851,4.714811398182064
2895,algoQD,28,147,0.9999719053506851,5.115668226964772
2896,algoQD,28,147,0.9999719053506851,4.622938819695264
2897,algoQD,28,147,0.9999719053506851,4.7185742082074285
2898,algoQD,28,147,0.9999719053506851,4.801058746874332
2899,algoQD,28,147,0.9999719053506851,5.117141169961542
2900,algoQD,29,147,0.9999719053506851,5.082019106019288
2901,algoQD,29,147,0.9999719053506851,6.085396128240973
2902,algoQD,29,147,0.9999719053506851,5.556997632142156
2903,algoQD,29,147,0.9999719053506851,4.8240585760213435
2904,algoQD,29,147,0.9999719053506851,5.96959027601406
2905,algoQD,29,147,0.9999719053506851,5.877621658146381
2906,algoQD,29,147,0.9999719053506851,5.409821224864572
2907,algoQD,29,147,0.9999719053506851,5.003876159898937
2908,algoQD,29,147,0.9999719053506851,5.224075778387487
2909,algoQD,29,147,0.9999719053506851,5.39451289921999
2910,algoQD,29,147,0.9999719053506851,5.160987930838019
2911,algoQD,29,147,0.9999719053506851,5.0510983588173985
2912,algoQD,29,147,0.9999719053506851,5.886474986094981
2913,algoQD,29,147,0.9999719053506851,6.18215122167021
2914,algoQD,29,147,0.9999719053506851,5.955555436667055
2915,algoQD,29,147,0.9999719053506851,4.9944923389703035
2916,algoQD,29,147,0.9999719053506851,4.773973417002708
2917,algoQD,29,147,0.9999719053506851,5.140959766693413
2918,algoQD,29,147,0.9999719053506851,5.131602046079934
2919,algoQD,29,147,0.9999719053506851,5.233266976196319
2920,algoQD,29,147,0.9999719053506851,6.065984698943794
2921,algoQD,29,147,0.9999719053506851,6.279722066130489
2922,algoQD,29,147,0.9999719053506851,5.5172282150015235
2923,algoQD,29,147,0.9999719053506851,4.811469198204577
2924,algoQD,29,147,0.9999719053506851,5.157644954975694
2925,algoQD,29,147,0.9999719053506851,4.969283775892109
2926,algoQD,29,147,0.9999719053506851,5.327306829858571
2927,algoQD,29,147,0.9999719053506851,5.24159930087626
2928,algoQD,29,147,0.9999719053506851,5.733859059866518
2929,algoQD,29,147,0.9999719053506851,4.922720453236252
2930,algoQD,29,147,0.9999719053506851,5.334182701073587
2931,algoQD,29,147,0.9999719053506851,4.840351702645421
2932,algoQD,29,147,0.9999719053506851,4.909769600722939
2933,algoQD,29,147,0.9999719053506851,5.79443627409637
2934,algoQD,29,147,0.9999719053506851,4.694336298853159
2935,algoQD,29,147,0.9999719053506851,5.4081740831024945
2936,algoQD,29,147,0.9999719053506851,4.907923383638263
2937,algoQD,29,147,0.9999719053506851,6.071839672978967
2938,algoQD,29,147,0.9999719053506851,5.473591751884669
2939,algoQD,29,147,0.9999719053506851,4.620176330208778
2940,algoQD,29,147,0.9999719053506851,4.72498499089852
2941,algoQD,29,147,0.9999719053506851,5.129636290948838
2942,algoQD,29,147,0.9999719053506851,4.971991623286158
2943,algoQD,29,147,0.9999719053506851,4.976269365288317
2944,algoQD,29,147,0.9999719053506851,6.05101324012503
2945,algoQD,29,147,0.9999719053506851,5.4492927570827305
2946,algoQD,29,147,0.9999719053506851,6.08409672183916
2947,algoQD,29,147,0.9999719053506851,5.3683653911575675
2948,algoQD,29,147,0.9999719053506851,5.032423692755401
2949,algoQD,29,147,0.9999719053506851,5.84703029319644
2950,algoQD,29,147,0.9999719053506851,6.247774199116975
2951,algoQD,29,147,0.9999719053506851,4.861856617964804
2952,algoQD,29,147,0.9999719053506851,5.520838748663664
2953,algoQD,29,147,0.9999719053506851,5.545491249766201
2954,algoQD,29,147,0.9999719053506851,5.166072349064052
2955,algoQD,29,147,0.9999719053506851,5.61556218424812
2956,algoQD,29,147,0.9999719053506851,6.1331874509342015
2957,algoQD,29,147,0.9999719053506851,5.550707075744867
2958,algoQD,29,147,0.9999719053506851,4.9996860031969845
2959,algoQD,29,147,0.9999719053506851,5.492886378895491
2960,algoQD,29,147,0.9999719053506851,5.537314950954169
2961,algoQD,29,147,0.9999719053506851,5.266567148268223
2962,algoQD,29,147,0.9999719053506851,5.833247360307723
2963,algoQD,29,147,0.9999719053506851,6.676089304033667
2964,algoQD,29,147,0.9999719053506851,6.327191181946546
2965,algoQD,29,147,0.9999719053506851,6.401967396959662
2966,algoQD,29,147,0.9999719053506851,5.5514203128404915
2967,algoQD,29,147,0.9999719053506851,5.221723805181682
2968,algoQD,29,147,0.9999719053506851,5.515541789121926
2969,algoQD,29,147,0.9999719053506851,5.953806008212268
2970,algoQD,29,147,0.9999719053506851,6.503819881007075
2971,algoQD,29,147,0.9999719053506851,5.828846883028746
2972,algoQD,29,147,0.9999719053506851,5.961196202319115
2973,algoQD,29,147,0.9999719053506851,5.371769817080349
2974,algoQD,29,147,0.9999719053506851,5.918636813759804
2975,algoQD,29,147,0.9999719053506851,5.358896982856095
2976,algoQD,29,147,0.9999719053506851,5.49161134287715
2977,algoQD,29,147,0.9999719053506851,5.420868730638176
2978,algoQD,29,147,0.9999719053506851,5.4739289111457765
2979,algoQD,29,147,0.9999719053506851,5.288636612705886
2980,algoQD,29,147,0.9999719053506851,5.984405616763979
2981,algoQD,29,147,0.9999719053506851,5.772537332959473
2982,algoQD,29,147,0.9999719053506851,6.224774743895978
2983,algoQD,29,147,0.9999719053506851,5.673777101095766
2984,algoQD,29,147,0.9999719053506851,5.598013232927769
2985,algoQD,29,147,0.9999719053506851,6.465622595977038
2986,algoQD,29,147,0.9999719053506851,5.82500489288941
2987,algoQD,29,147,0.9999719053506851,6.2882960410788655
2988,algoQD,29,147,0.9999719053506851,6.8657309878617525
2989,algoQD,29,147,0.9999719053506851,6.769167576916516
2990,algoQD,29,147,0.9999719053506851,6.446497828699648
2991,algoQD,29,147,0.9999719053506851,5.415487063117325
2992,algoQD,29,147,0.9999719053506851,5.351481410674751
2993,algoQD,29,147,0.9999719053506851,6.16659743571654
2994,algoQD,29,147,0.9999719053506851,5.469908013008535
2995,algoQD,29,147,0.9999719053506851,5.909742618910968
2996,algoQD,29,147,0.9999719053506851,6.081583839841187
2997,algoQD,29,147,0.9999719053506851,5.3731774459593
2998,algoQD,29,147,0.9999719053506851,6.103660423774272
2999,algoQD,29,147,0.9999719053506851,6.118685544934124
3000,algoQD,30,147,0.9999719053506851,6.038322385400534
3001,algoQD,30,147,0.9999719053506851,5.374112864024937
3002,algoQD,30,147,0.9999719053506851,5.911999362055212
3003,algoQD,30,147,0.9999719053506851,5.473005334846675
3004,algoQD,30,147,0.9999719053506851,5.6636090888641775
3005,algoQD,30,147,0.9999719053506851,5.3278835117816925
3006,algoQD,30,147,0.9999719053506851,6.230661798268557
3007,algoQD,30,147,0.9999719053506851,6.155766600742936
3008,algoQD,30,147,0.9999719053506851,5.934747306164354
3009,algoQD,30,147,0.9999719053506851,6.665563311893493
3010,algoQD,30,147,0.9999719053506851,5.321063845884055
3011,algoQD,30,147,0.9999719053506851,6.192089914809912
3012,algoQD,30,147,0.9999719053506851,6.414706608746201
3013,algoQD,30,147,0.9999719053506851,6.50932680722326
3014,algoQD,30,147,0.9999719053506851,6.4501076699234545
3015,algoQD,30,147,0.9999719053506851,5.578743613325059
3016,algoQD,30,147,0.9999719053506851,5.555287331342697
3017,algoQD,30,147,0.9999719053506851,5.573740198276937
3018,algoQD,30,147,0.9999719053506851,5.513516984414309
3019,algoQD,30,147,0.9999719053506851,6.415071288123727
3020,algoQD,30,147,0.9999719053506851,6.411061440128833
3021,algoQD,30,147,0.9999719053506851,6.339167734142393
3022,algoQD,30,147,0.9999719053506851,5.828319155611098
3023,algoQD,30,147,0.9999719053506851,5.441268847789615
3024,algoQD,30,147,0.9999719053506851,6.06297984579578
3025,algoQD,30,147,0.9999719053506851,6.450357784051448
3026,algoQD,30,147,0.9999719053506851,5.12807787116617
3027,algoQD,30,147,0.9999719053506851,6.078644964843988
3028,algoQD,30,147,0.9999719053506851,6.378549427725375
3029,algoQD,30,147,0.9999719053506851,5.826244255062193
3030,algoQD,30,147,0.9999719053506851,5.248643925879151
3031,algoQD,30,147,0.9999719053506851,5.405758128967136
3032,algoQD,30,147,0.9999719053506851,5.560591202694923
3033,algoQD,30,147,0.9999719053506851,6.4527741288766265
3034,algoQD,30,147,0.9999719053506851,5.53879852546379
3035,algoQD,30,147,0.9999719053506851,5.459178848657757
3036,algoQD,30,147,0.9999719053506851,5.493855523876846
3037,algoQD,30,147,0.9999719053506851,6.558379694353789
3038,algoQD,30,147,0.9999719053506851,5.429055160842836
3039,algoQD,30,147,0.9999719053506851,6.3822752381674945
3040,algoQD,30,147,0.9999719053506851,5.221560972277075
3041,algoQD,30,147,0.9999719053506851,5.629255827050656
3042,algoQD,30,147,0.9999719053506851,5.2253157971426845
3043,algoQD,30,147,0.9999719053506851,6.572076164651662
3044,algoQD,30,147,0.9999719053506851,6.012224901933223
3045,algoQD,30,147,0.9999719053506851,5.917865867726505
3046,algoQD,30,147,0.9999719053506851,5.824378148652613
3047,algoQD,30,147,0.9999719053506851,5.806257248856127
3048,algoQD,30,147,0.9999719053506851,5.804246308747679
3049,algoQD,30,147,0.9999719053506851,6.464771308004856
3050,algoQD,30,147,0.9999719053506851,4.960486981086433
3051,algoQD,30,147,0.9999719053506851,5.712859740015119
3052,algoQD,30,147,0.9999719053506851,5.221597178839147
3053,algoQD,30,147,0.9999719053506851,6.264542737975717
3054,algoQD,30,147,0.9999719053506851,6.037210053298622
3055,algoQD,30,148,0.9999719053506851,5.571097464766353
3056,algoQD,30,148,0.9999719053506851,5.500426358077675
3057,algoQD,30,148,0.9999719053506851,6.606399458833039
3058,algoQD,30,148,0.9999719053506851,5.760368019808084
3059,algoQD,30,148,0.9999719053506851,5.2852800423279405
3060,algoQD,30,148,0.9999719053506851,5.431595009285957
3061,algoQD,30,148,0.9999719053506851,5.269916751887649
3062,algoQD,30,148,0.9999719053506851,5.12648654403165
3063,algoQD,30,148,0.9999719053506851,6.219273440074176
3064,algoQD,30,148,0.9999719053506851,6.298238095827401
3065,algoQD,30,148,0.9999719053506851,5.517927047330886
3066,algoQD,30,148,0.9999719053506851,5.334179087076336
3067,algoQD,30,148,0.9999719053506851,5.358865382615477
3068,algoQD,30,148,0.9999719053506851,6.439720012247562
3069,algoQD,30,148,0.9999719053506851,6.217969176359475
3070,algoQD,30,148,0.9999719053506851,5.970369163900614
3071,algoQD,30,148,0.9999719053506851,5.265707166865468
3072,algoQD,30,149,0.9999719053506851,5.749073748011142
3073,algoQD,30,149,0.9999719053506851,6.196975045837462
3074,algoQD,30,149,0.9999719053506851,4.827175233978778
3075,algoQD,30,149,0.9999719053506851,4.970911890268326
3076,algoQD,30,149,0.9999719053506851,5.450318928807974
3077,algoQD,30,149,0.9999719053506851,5.048600195907056
3078,algoQD,30,149,0.9999719053506851,5.47971473261714
3079,algoQD,30,149,0.9999719053506851,5.377019826788455
3080,algoQD,30,149,0.9999719053506851,5.829311620909721
3081,algoQD,30,149,0.9999719053506851,5.365832268260419
3082,algoQD,30,149,0.9999719053506851,5.2940584369935095
3083,algoQD,30,149,0.9999719053506851,5.277888294309378
3084,algoQD,30,149,0.9999719053506851,4.805277406703681
3085,algoQD,30,149,0.9999719053506851,5.961026621982455
3086,algoQD,30,149,0.9999719053506851,5.870628128759563
3087,algoQD,30,149,0.9999719053506851,5.797028409782797
3088,algoQD,30,149,0.9999719053506851,6.095702717080712
3089,algoQD,30,149,0.9999719053506851,5.786307111848146
3090,algoQD,30,149,0.9999719053506851,4.887307416182011
3091,algoQD,30,149,0.9999719053506851,5.286053663119674
3092,algoQD,30,149,0.9999719053506851,4.98484605923295
3093,algoQD,30,149,0.9999719053506851,5.825859908014536
3094,algoQD,30,149,0.9999719053506851,5.867087638936937
3095,algoQD,30,149,0.9999719053506851,5.5270249880850315
3096,algoQD,30,149,0.9999719053506851,5.839901610743254
3097,algoQD,30,149,0.9999719053506851,6.039149386808276
3098,algoQD,30,149,0.9999719053506851,4.955403325147927
3099,algoQD,30,149,0.9999719053506851,5.895822133868933
3100,algoQD,31,149,0.9999719053506851,4.964727784972638
3101,algoQD,31,149,0.9999719053506851,5.118062417022884
3102,algoQD,31,149,0.9999719053506851,5.773079498205334
3103,algoQD,31,149,0.9999719053506851,5.923715490847826
3104,algoQD,31,149,0.9999719053506851,5.366654941812158
3105,algoQD,31,149,0.9999719053506851,5.707293312996626
3106,algoQD,31,149,0.9999719053506851,5.795164098031819
3107,algoQD,31,149,0.9999719053506851,5.61254770681262
3108,algoQD,31,149,0.9999719053506851,5.076168807223439
3109,algoQD,31,149,0.9999719053506851,5.336195478215814
3110,algoQD,31,149,0.9999719053506851,4.8619179097004235
3111,algoQD,31,149,0.9999719053506851,5.015228628180921
3112,algoQD,31,149,0.9999719053506851,5.046115159057081
3113,algoQD,31,149,0.9999719053506851,5.640590284019709
3114,algoQD,31,149,0.9999719053506851,5.611779645085335
3115,algoQD,31,149,0.9999719053506851,5.4407109641470015
3116,algoQD,31,149,0.9999719053506851,5.588160225190222
3117,algoQD,31,149,0.9999719053506851,5.8554684850387275
3118,algoQD,31,149,0.9999719053506851,4.8961961613968015
3119,algoQD,31,149,0.9999719053506851,4.88551006000489
3120,algoQD,31,149,0.9999719053506851,5.285970565862954
3121,algoQD,31,149,0.9999719053506851,5.47770812176168
3122,algoQD,31,149,0.9999719053506851,4.476306893862784
3123,algoQD,31,149,0.9999719053506851,4.807293977122754
3124,algoQD,31,149,0.9999719053506851,4.718776769936085
3125,algoQD,31,149,0.9999719053506851,4.682507787365466
3126,algoQD,31,149,0.9999719053506851,4.867123115807772
3127,algoQD,31,149,0.9999719053506851,5.178824367932975
3128,algoQD,31,149,0.9999719053506851,5.2426060871221125
3129,algoQD,31,149,0.9999719053506851,4.977297766134143
3130,algoQD,31,149,0.9999719053506851,5.3937177788466215
3131,algoQD,31,149,0.9999719053506851,5.416461183223873
3132,algoQD,31,149,0.9999719053506851,4.359554384835064
3133,algoQD,31,149,0.9999719053506851,4.56660470366478
3134,algoQD,31,149,0.9999719053506851,4.241453658789396
3135,algoQD,31,149,0.9999719053506851,4.93933046516031
3136,algoQD,31,149,0.9999719053506851,5.431136562954634
3137,algoQD,31,149,0.9999719053506851,4.768966586794704
3138,algoQD,31,149,0.9999719053506851,5.1834916193038225
3139,algoQD,31,149,0.9999719053506851,5.651066558901221
3140,algoQD,31,149,0.9999719053506851,5.4709524172358215
3141,algoQD,31,150,0.9999719053506851,4.832948392257094
3142,algoQD,31,150,0.9999719053506851,4.941374748013914
3143,algoQD,31,150,0.9999719053506851,6.1667011911049485
3144,algoQD,31,150,0.9999719053506851,5.164684790652245
3145,algoQD,31,150,0.9999719053506851,6.08559762313962
3146,algoQD,31,150,0.9999719053506851,5.078835776075721
3147,algoQD,31,150,0.9999719053506851,5.546683092135936
3148,algoQD,31,150,0.9999719053506851,5.534445329103619
3149,algoQD,31,150,0.9999719053506851,5.012166621629149
3150,algoQD,31,150,0.9999719053506851,5.162060032133013
3151,algoQD,31,150,0.9999719053506851,6.090473365969956
3152,algoQD,31,150,0.9999719053506851,5.864498347043991
3153,algoQD,31,151,0.9999719053506851,6.019120937213302
3154,algoQD,31,151,0.9999719053506851,5.905820629093796
3155,algoQD,31,151,0.9999719053506851,5.1921690297313035
3156,algoQD,31,151,0.9999719053506851,5.065814801026136
3157,algoQD,31,151,0.9999719053506851,6.192581712268293
3158,algoQD,31,151,0.9999719053506851,6.333541540894657
3159,algoQD,31,151,0.9999719053506851,5.581797766964883
3160,algoQD,31,151,0.9999719053506851,6.318065068218857
3161,algoQD,31,151,0.9999719053506851,5.574793873820454
3162,algoQD,31,151,0.9999719053506851,5.006255851592869
3163,algoQD,31,151,0.9999719053506851,6.16663167020306
3164,algoQD,31,151,0.9999719053506851,5.786374111194164
3165,algoQD,31,151,0.9999719053506851,6.104552909731865
3166,algoQD,31,151,0.9999719053506851,5.329973436892033
3167,algoQD,31,151,0.9999719053506851,6.475965755060315
3168,algoQD,31,151,0.9999719053506851,6.316623173188418
3169,algoQD,31,151,0.9999719053506851,6.350573213305324
3170,algoQD,31,151,0.9999719053506851,6.2818855862133205
3171,algoQD,31,151,0.9999719053506851,5.36564121209085
3172,algoQD,31,152,0.9999719053506851,5.989019964821637
3173,algoQD,31,152,0.9999719053506851,6.247088455129415
3174,algoQD,31,152,0.9999719053506851,5.897829999681562
3175,algoQD,31,152,0.9999719053506851,5.026269878260791
3176,algoQD,31,152,0.9999719053506851,5.079412003047764
3177,algoQD,31,152,0.9999719053506851,6.1828189548105
3178,algoQD,31,152,0.9999719053506851,5.385396730154753
3179,algoQD,31,152,0.9999719053506851,5.888894466217607
3180,algoQD,31,152,0.9999719053506851,5.073895920068026
3181,algoQD,31,152,0.9999719053506851,5.272654911968857
3182,algoQD,31,152,0.9999719053506851,5.678362017963082
3183,algoQD,31,152,0.9999719053506851,5.1248538959771395
3184,algoQD,31,152,0.9999719053506851,4.9715438219718635
3185,algoQD,31,152,0.9999719053506851,6.130992288235575
3186,algoQD,31,152,0.9999719053506851,6.150649610906839
3187,algoQD,31,152,0.9999719053506851,4.907716168090701
3188,algoQD,31,152,0.9999719053506851,5.418186508119106
3189,algoQD,31,152,0.9999719053506851,5.956974355969578
3190,algoQD,31,152,0.9999719053506851,5.506725694984198
3191,algoQD,31,152,0.9999719053506851,5.488421960733831
3192,algoQD,31,152,0.9999719053506851,6.191677012946457
3193,algoQD,31,152,0.9999719053506851,6.054954600986093
3194,algoQD,31,152,0.9999719053506851,5.974887973163277
3195,algoQD,31,152,0.9999719053506851,5.456889978144318
3196,algoQD,31,152,0.9999719053506851,6.359417073894292
3197,algoQD,31,152,0.9999719053506851,5.837636191863567
3198,algoQD,31,152,0.9999719053506851,5.367074810899794
3199,algoQD,31,152,0.9999719053506851,5.713283353019506
3200,algoQD,32,152,0.9999719053506851,4.873517878819257
3201,algoQD,32,152,0.9999719053506851,5.875045218039304
3202,algoQD,32,152,0.9999719053506851,5.071180728729814
3203,algoQD,32,152,0.9999719053506851,5.385235074907541
3204,algoQD,32,152,0.9999719053506851,4.979845569003373
3205,algoQD,32,152,0.9999719053506851,5.5529974568635225
3206,algoQD,32,152,0.9999719053506851,5.247244508005679
3207,algoQD,32,152,0.9999719053506851,5.786392094101757
3208,algoQD,32,152,0.9999719053506851,5.553577784914523
3209,algoQD,32,152,0.9999719053506851,6.163677906617522
3210,algoQD,32,152,0.9999719053506851,6.343549461103976
3211,algoQD,32,152,0.9999719053506851,5.60780518874526
3212,algoQD,32,152,0.9999719053506851,6.117036477196962
3213,algoQD,32,152,0.9999719053506851,5.005515151191503
3214,algoQD,32,152,0.9999719053506851,5.044581189285964
3215,algoQD,32,152,0.9999719053506851,5.559679803904146
3216,algoQD,32,152,0.9999719053506851,5.315666513051838
3217,algoQD,32,152,0.9999719053506851,5.137135823722929
3218,algoQD,32,152,0.9999719053506851,5.2434264831244946
3219,algoQD,32,152,0.9999719053506851,5.212777771987021
3220,algoQD,32,152,0.9999719053506851,5.266331021673977
3221,algoQD,32,152,0.9999719053506851,6.277822277974337
3222,algoQD,32,152,0.9999719053506851,6.066639541182667
3223,algoQD,32,152,0.9999719053506851,5.460275326855481
3224,algoQD,32,152,0.9999719053506851,5.288390303961933
3225,algoQD,32,152,0.9999719053506851,6.328632675111294
3226,algoQD,32,152,0.9999719053506851,5.105079232249409
3227,algoQD,32,152,0.9999719053506851,5.987704682163894
3228,algoQD,32,152,0.9999719053506851,6.324579766951501
3229,algoQD,32,152,0.9999719053506851,5.570258914027363
3230,algoQD,32,152,0.9999719053506851,4.91247806372121
3231,algoQD,32,152,0.9999719053506851,6.135695243254304
3232,algoQD,32,152,0.9999719053506851,5.926875922828913
3233,algoQD,32,152,0.9999719053506851,5.887490252964199
3234,algoQD,32,152,0.9999719053506851,5.203864990267903
3235,algoQD,32,152,0.9999719053506851,5.64996927883476
3236,algoQD,32,152,0.9999719053506851,6.118648163974285
3237,algoQD,32,152,0.9999719053506851,5.642739617731422
3238,algoQD,32,152,0.9999719053506851,5.15947575494647
3239,algoQD,32,152,0.9999719053506851,5.137457220349461
3240,algoQD,32,152,0.9999719053506851,5.354131634347141
3241,algoQD,32,152,0.9999719053506851,5.924651250243187
3242,algoQD,32,152,0.9999719053506851,5.422382656019181
3243,algoQD,32,152,0.9999719053506851,6.246757477987558
3244,algoQD,32,152,0.9999719053506851,5.5009770528413355
3245,algoQD,32,152,0.9999719053506851,5.459876772947609
3246,algoQD,32,152,0.9999719053506851,5.896538749802858
3247,algoQD,32,152,0.9999719053506851,6.018477868288755
3248,algoQD,32,152,0.9999719053506851,5.1259805848822
3249,algoQD,32,152,0.9999719053506851,5.406277806032449
3250,algoQD,32,152,0.9999719053506851,5.115844834130257
3251,algoQD,32,152,0.9999719053506851,5.2328217648901045
3252,algoQD,32,152,0.9999719053506851,5.413001040928066
3253,algoQD,32,152,0.9999719053506851,5.575952953193337
3254,algoQD,32,152,0.9999719053506851,5.250197326764464
3255,algoQD,32,152,0.9999719053506851,5.126367457211018
3256,algoQD,32,152,0.9999719053506851,5.2070762063376606
3257,algoQD,32,152,0.9999719053506851,5.109038052149117
3258,algoQD,32,152,0.9999719053506851,5.915012506768107
3259,algoQD,32,152,0.9999719053506851,5.558498020749539
3260,algoQD,32,153,0.9999719053506851,5.9933250499889255
3261,algoQD,32,153,0.9999719053506851,4.905675622168928
3262,algoQD,32,153,0.9999719053506851,5.885316734667867
3263,algoQD,32,153,0.9999719053506851,5.632337552960962
3264,algoQD,32,153,0.9999719053506851,5.6058751521632075
3265,algoQD,32,153,0.9999719053506851,4.930380742996931
3266,algoQD,32,153,0.9999719053506851,5.403962400741875
3267,algoQD,32,153,0.9999719053506851,5.765176386106759
3268,algoQD,32,153,0.9999719053506851,6.497493652161211
3269,algoQD,32,153,0.9999719053506851,6.572844311129302
3270,algoQD,32,153,0.9999719053506851,5.538696955889463
3271,algoQD,32,153,0.9999719053506851,6.403296174947172
3272,algoQD,32,153,0.9999719053506851,5.593702101148665
3273,algoQD,32,153,0.9999719053506851,5.294057761784643
3274,algoQD,32,153,0.9999719053506851,6.398545146919787
3275,algoQD,32,153,0.9999719053506851,5.639705164823681
3276,algoQD,32,153,0.9999719053506851,5.524716189131141
3277,algoQD,32,153,0.9999719053506851,6.1645860760472715
3278,algoQD,32,153,0.9999719053506851,5.009571406058967
3279,algoQD,32,153,0.9999719053506851,6.318865360226482
3280,algoQD,32,153,0.9999719053506851,5.8071287660859525
3281,algoQD,32,153,0.9999719053506851,6.208935824222863
3282,algoQD,32,154,0.9999719053506851,6.327505896799266
3283,algoQD,32,154,0.9999719053506851,5.928911108057946
3284,algoQD,32,154,0.9999719053506851,5.811971317976713
3285,algoQD,32,154,0.9999719053506851,4.9449711618945
3286,algoQD,32,154,0.9999719053506851,6.254931464325637
3287,algoQD,32,154,0.9999719053506851,5.777999957092106
3288,algoQD,32,154,0.9999719053506851,5.5481709679588675
3289,algoQD,32,154,0.9999719053506851,6.238371953833848
3290,algoQD,32,154,0.9999719053506851,4.892241547815502
3291,algoQD,32,154,0.9999719053506851,4.952496842946857
3292,algoQD,32,154,0.9999719053506851,4.820916056167334
3293,algoQD,32,154,0.9999719053506851,5.791922161821276
3294,algoQD,32,154,0.9999719053506851,5.665816732682288
3295,algoQD,32,154,0.9999719053506851,5.554830200970173
3296,algoQD,32,154,0.9999719053506851,5.11544623086229
3297,algoQD,32,154,0.9999719053506851,6.005690886173397
3298,algoQD,32,154,0.9999719053506851,5.618279821239412
3299,algoQD,32,154,0.9999719053506851,6.583063069265336
3300,algoQD,33,154,0.9999719053506851,6.022359951864928
3301,algoQD,33,154,0.9999719053506851,5.480657047126442
3302,algoQD,33,154,0.9999719053506851,5.007543355226517
3303,algoQD,33,154,0.9999719053506851,6.304077025968581
3304,algoQD,33,154,0.9999719053506851,5.313308298122138
3305,algoQD,33,154,0.9999719053506851,5.345599592663348
3306,algoQD,33,154,0.9999719053506851,5.849873573984951
3307,algoQD,33,154,0.9999719053506851,6.068703221157193
3308,algoQD,33,154,0.9999719053506851,5.548861683811992
3309,algoQD,33,154,0.9999719053506851,5.916573385708034
3310,algoQD,33,154,0.9999719053506851,4.878683538641781
3311,algoQD,33,154,0.9999719053506851,5.244841416366398
3312,algoQD,33,154,0.9999719053506851,5.3818847462534904
3313,algoQD,33,154,0.9999719053506851,4.894286370836198
3314,algoQD,33,154,0.9999719053506851,6.032410243991762
3315,algoQD,33,154,0.9999719053506851,5.845360387116671
3316,algoQD,33,154,0.9999719053506851,5.17564624035731
3317,algoQD,33,154,0.9999719053506851,5.971503278706223
3318,algoQD,33,154,0.9999719053506851,5.334712150041014
3319,algoQD,33,154,0.9999719053506851,5.870516950730234
3320,algoQD,33,154,0.9999719053506851,4.856756499037147
3321,algoQD,33,154,0.9999719053506851,4.97501226561144
3322,algoQD,33,154,0.9999719053506851,5.049255832098424
3323,algoQD,33,154,0.9999719053506851,5.09611691813916
3324,algoQD,33,154,0.9999719053506851,5.788254524115473
3325,algoQD,33,154,0.9999719053506851,5.440849861130118
3326,algoQD,33,154,0.9999719053506851,5.1703366581350565
3327,algoQD,33,154,0.9999719053506851,5.132038682233542
3328,algoQD,33,154,0.9999719053506851,5.119107850361615
3329,algoQD,33,154,0.9999719053506851,5.7124277157709
3330,algoQD,33,154,0.9999719053506851,5.510936753358692
3331,algoQD,33,154,0.9999719053506851,5.418303920887411
3332,algoQD,33,154,0.9999719053506851,5.27165058394894
3333,algoQD,33,154,0.9999719053506851,5.12974908715114
3334,algoQD,33,154,0.9999719053506851,5.979172360152006
3335,algoQD,33,154,0.9999719053506851,5.370632061269134
3336,algoQD,33,154,0.9999719053506851,6.131676258984953
3337,algoQD,33,154,0.9999719053506851,5.338230398017913
3338,algoQD,33,154,0.9999719053506851,5.367923567071557
3339,algoQD,33,154,0.9999719053506851,6.052596568129957
3340,algoQD,33,154,0.9999719053506851,5.199438228271902
3341,algoQD,33,154,0.9999719053506851,4.839616063050926
3342,algoQD,33,154,0.9999719053506851,4.873127162922174
3343,algoQD,33,154,0.9999719053506851,5.277672874741256
3344,algoQD,33,154,0.9999719053506851,5.855256277136505
3345,algoQD,33,154,0.9999719053506851,5.090616455767304
3346,algoQD,33,154,0.9999719053506851,5.569918433204293
3347,algoQD,33,154,0.9999719053506851,5.621997377835214
3348,algoQD,33,154,0.9999719053506851,5.348734778817743
3349,algoQD,33,154,0.9999719053506851,5.162138227839023
3350,algoQD,33,154,0.9999719053506851,5.135209645610303
3351,algoQD,33,154,0.9999719053506851,5.4297001850791276
3352,algoQD,33,154,0.9999719053506851,5.060997589956969
3353,algoQD,33,154,0.9999719053506851,5.348804278764874
3354,algoQD,33,154,0.9999719053506851,6.035300045739859
3355,algoQD,33,154,0.9999719053506851,5.046119238249958
3356,algoQD,33,154,0.9999719053506851,5.437919196207076
3357,algoQD,33,154,0.9999719053506851,5.617868656292558
3358,algoQD,33,154,0.9999719053506851,5.042649870738387
3359,algoQD,33,154,0.9999719053506851,5.565451492089778
3360,algoQD,33,154,0.9999719053506851,5.650961074978113
3361,algoQD,33,154,0.9999719053506851,5.330014425795525
3362,algoQD,33,154,0.9999719053506851,5.289249958936125
3363,algoQD,33,154,0.9999719053506851,4.6614691177383065
3364,algoQD,33,154,0.9999719053506851,6.200644809752703
3365,algoQD,33,154,0.9999719053506851,5.07801884226501
3366,algoQD,33,154,0.9999719053506851,4.568160448223352
3367,algoQD,33,154,0.9999719053506851,5.297452329192311
3368,algoQD,33,154,0.9999719053506851,5.730702478904277
3369,algoQD,33,154,0.9999719053506851,4.701919539831579
3370,algoQD,33,154,0.9999719053506851,5.379793534986675
3371,algoQD,33,154,0.9999719053506851,4.7131712208501995
3372,algoQD,33,155,0.9999719053506851,5.18062313599512
3373,algoQD,33,155,0.9999719053506851,5.529251881875098
3374,algoQD,33,155,0.9999719053506851,5.3677133289165795
3375,algoQD,33,155,0.9999719053506851,4.8016944280825555
3376,algoQD,33,155,0.9999719053506851,5.438773190136999
3377,algoQD,33,155,0.9999719053506851,5.663531026802957
3378,algoQD,33,155,0.9999719053506851,4.987727565225214
3379,algoQD,33,155,0.9999719053506851,6.080748502165079
3380,algoQD,33,155,0.9999719053506851,5.440198721829802
3381,algoQD,33,155,0.9999719053506851,5.916202517226338
3382,algoQD,33,155,0.9999719053506851,5.777303171809763
3383,algoQD,33,155,0.9999719053506851,6.007964274846017
3384,algoQD,33,155,0.9999719053506851,5.575911416206509
3385,algoQD,33,155,0.9999719053506851,4.868127846159041
3386,algoQD,33,155,0.9999719053506851,5.02511707181111
3387,algoQD,33,155,0.9999719053506851,5.322352607734501
3388,algoQD,33,155,0.9999719053506851,5.232886669691652
3389,algoQD,33,155,0.9999719053506851,4.77764707012102
3390,algoQD,33,155,0.9999719053506851,6.096007233951241
3391,algoQD,33,155,0.9999719053506851,5.582752762828022
3392,algoQD,33,155,0.9999719053506851,5.138404672965407
3393,algoQD,33,155,0.9999719053506851,5.680878424085677
3394,algoQD,33,155,0.9999719053506851,5.484088012948632
3395,algoQD,33,155,0.9999719053506851,5.9188477653078735
3396,algoQD,33,155,0.9999719053506851,4.692118059843779
3397,algoQD,33,155,0.9999719053506851,5.790218036156148
3398,algoQD,33,155,0.9999719053506851,4.8831710503436625
3399,algoQD,33,155,0.9999719053506851,5.682829963043332
3400,algoQD,34,156,0.9999719053506851,5.106003008782864
3401,algoQD,34,156,0.9999719053506851,5.9407624448649585
3402,algoQD,34,156,0.9999719053506851,5.899176444858313
3403,algoQD,34,156,0.9999719053506851,5.96290165791288
3404,algoQD,34,156,0.9999719053506851,5.24207117408514
3405,algoQD,34,156,0.9999719053506851,5.325744206085801
3406,algoQD,34,156,0.9999719053506851,5.024794461671263
3407,algoQD,34,156,0.9999719053506851,5.176404805388302
3408,algoQD,34,156,0.9999719053506851,5.04964932706207
3409,algoQD,34,156,0.9999719053506851,5.433847641106695
3410,algoQD,34,156,0.9999719053506851,5.1295940349809825
3411,algoQD,34,156,0.9999719053506851,5.844584141392261
3412,algoQD,34,156,0.9999719053506851,6.185277974233031
3413,algoQD,34,156,0.9999719053506851,5.207989285700023
3414,algoQD,34,156,0.9999719053506851,4.861963770352304
3415,algoQD,34,156,0.9999719053506851,5.184126846026629
3416,algoQD,34,156,0.9999719053506851,5.168716127984226
3417,algoQD,34,156,0.9999719053506851,5.586105538066477
3418,algoQD,34,156,0.9999719053506851,6.001797591801733
3419,algoQD,34,156,0.9999719053506851,5.138787837233394
3420,algoQD,34,156,0.9999719053506851,5.3143434640951455
3421,algoQD,34,156,0.9999719053506851,4.974355306942016
3422,algoQD,34,156,0.9999719053506851,5.041123717091978
3423,algoQD,34,156,0.9999719053506851,6.178975746035576
3424,algoQD,34,156,0.9999719053506851,5.336719856131822
3425,algoQD,34,156,0.9999719053506851,5.392798558343202
3426,algoQD,34,156,0.9999719053506851,5.476428630296141
3427,algoQD,34,156,0.9999719053506851,4.9178730100393295
3428,algoQD,34,156,0.9999719053506851,4.809192745946348
3429,algoQD,34,157,0.9999719053506851,5.389261736068875
3430,algoQD,34,157,0.9999719053506851,5.6405964912846684
3431,algoQD,34,157,0.9999719053506851,5.267537733074278
3432,algoQD,34,157,0.9999719053506851,5.010862446855754
3433,algoQD,34,157,0.9999719053506851,4.944039985071868
3434,algoQD,34,157,0.9999719053506851,5.052989297080785
3435,algoQD,34,157,0.9999719053506851,5.632069068029523
3436,algoQD,34,157,0.9999719053506851,5.6216560318134725
3437,algoQD,34,157,0.9999719053506851,5.793483333662152
3438,algoQD,34,157,0.9999719053506851,5.3913334109820426
3439,algoQD,34,157,0.9999719053506851,5.407277776859701
3440,algoQD,34,157,0.9999719053506851,5.223742661997676
3441,algoQD,34,157,0.9999719053506851,5.110125869046897
3442,algoQD,34,157,0.9999719053506851,4.974309921264648
3443,algoQD,34,157,0.9999719053506851,5.123610348906368
3444,algoQD,34,157,0.9999719053506851,5.2769989608787
3445,algoQD,34,157,0.9999719053506851,5.748085885774344
3446,algoQD,34,157,0.9999719053506851,4.8567222049459815
3447,algoQD,34,157,0.9999719053506851,5.15557017782703
3448,algoQD,34,157,0.9999719053506851,5.650350771844387
3449,algoQD,34,157,0.9999719053506851,5.182051043026149
3450,algoQD,34,157,0.9999719053506851,6.033619030378759
3451,algoQD,34,157,0.9999719053506851,5.535985586233437
3452,algoQD,34,157,0.9999719053506851,5.131181123666465
3453,algoQD,34,157,0.9999719053506851,5.730552434921265
3454,algoQD,34,157,0.9999719053506851,5.545968688093126
3455,algoQD,34,157,0.9999719053506851,5.405601229052991
3456,algoQD,34,157,0.9999719053506851,5.903125137090683
3457,algoQD,34,157,0.9999719053506851,5.264348968863487
3458,algoQD,34,157,0.9999719053506851,5.8384988736361265
3459,algoQD,34,157,0.9999719053506851,5.251925114076585
3460,algoQD,34,157,0.9999719053506851,5.160619729198515
3461,algoQD,34,157,0.9999719053506851,5.548340320121497
3462,algoQD,34,157,0.9999719053506851,5.806331403087825
3463,algoQD,34,158,0.9999719053506851,5.301938265096396
3464,algoQD,34,158,0.9999719053506851,5.530604257248342
3465,algoQD,34,158,0.9999719053506851,5.070215167012066
3466,algoQD,34,158,0.9999719053506851,5.746581272687763
3467,algoQD,34,158,0.9999719053506851,5.669693179894239
3468,algoQD,34,158,0.9999719053506851,5.01910424977541
3469,algoQD,34,158,0.9999719053506851,5.046987786889076
3470,algoQD,34,158,0.9999719053506851,5.421879156958312
3471,algoQD,34,158,0.9999719053506851,5.678771463688463
3472,algoQD,34,158,0.9999719053506851,6.079274156596512
3473,algoQD,34,158,0.9999719053506851,6.178598233032972
3474,algoQD,34,158,0.9999719053506851,5.160158718004823
3475,algoQD,34,158,0.9999719053506851,5.043833207339048
3476,algoQD,34,158,0.9999719053506851,6.608695674687624
3477,algoQD,34,158,0.9999719053506851,6.431869145017117
3478,algoQD,34,158,0.9999719053506851,5.226396666839719
3479,algoQD,34,158,0.9999719053506851,5.564015247859061
3480,algoQD,34,158,0.9999719053506851,5.241291452199221
3481,algoQD,34,158,0.9999719053506851,6.290948981884867
3482,algoQD,34,158,0.9999719053506851,5.4061949220485985
3483,algoQD,34,158,0.9999719053506851,6.3248534756712615
3484,algoQD,34,158,0.9999719053506851,4.968475516885519
3485,algoQD,34,158,0.9999719053506851,6.58385474793613
3486,algoQD,34,158,0.9999719053506851,5.911773127969354
3487,algoQD,34,158,0.9999719053506851,6.454546966124326
3488,algoQD,34,158,0.9999719053506851,5.291078033857048
3489,algoQD,34,158,0.9999719053506851,5.845677386969328
3490,algoQD,34,158,0.9999719053506851,5.827621361240745
3491,algoQD,34,158,0.9999719053506851,5.922264051157981
3492,algoQD,34,158,0.9999719053506851,4.9876866871491075
3493,algoQD,34,158,0.9999719053506851,6.310995751991868
3494,algoQD,34,158,0.9999719053506851,5.733952959999442
3495,algoQD,34,158,0.9999719053506851,6.1465096501633525
3496,algoQD,34,158,0.9999719053506851,5.178321837913245
3497,algoQD,34,158,0.9999719053506851,5.489718701690435
3498,algoQD,34,158,0.9999719053506851,6.287350894883275
3499,algoQD,34,158,0.9999719053506851,5.470908359158784
3500,algoQD,35,158,0.9999719053506851,5.3564299792051315
3501,algoQD,35,158,0.9999719053506851,6.532932308968157
3502,algoQD,35,158,0.9999719053506851,6.039681133814156
3503,algoQD,35,158,0.9999719053506851,5.530267812311649
3504,algoQD,35,158,0.9999719053506851,6.408798624295741
3505,algoQD,35,158,0.9999719053506851,5.079390364233404
3506,algoQD,35,158,0.9999719053506851,6.185344670899212
3507,algoQD,35,158,0.9999719053506851,5.8448908613063395
3508,algoQD,35,158,0.9999719053506851,6.17625480517745
3509,algoQD,35,158,0.9999719053506851,6.310016120318323
3510,algoQD,35,158,0.9999719053506851,5.537428782321513
3511,algoQD,35,158,0.9999719053506851,5.302953864913434
3512,algoQD,35,158,0.9999719053506851,6.325741142965853
3513,algoQD,35,158,0.9999719053506851,6.8610288868658245
3514,algoQD,35,158,0.9999719053506851,5.282484997063875
3515,algoQD,35,158,0.9999719053506851,5.811824592296034
3516,algoQD,35,158,0.9999719053506851,6.0090628997422755
3517,algoQD,35,158,0.9999719053506851,6.396414012648165
3518,algoQD,35,158,0.9999719053506851,5.310324621852487
3519,algoQD,35,158,0.9999719053506851,5.0223361677490175
3520,algoQD,35,158,0.9999719053506851,6.04690363118425
3521,algoQD,35,158,0.9999719053506851,6.141958982218057
3522,algoQD,35,158,0.9999719053506851,6.708521971013397
3523,algoQD,35,158,0.9999719053506851,5.3610329469665885
3524,algoQD,35,158,0.9999719053506851,5.322789563797414
3525,algoQD,35,158,0.9999719053506851,5.930233469698578
3526,algoQD,35,158,0.9999719053506851,5.6571057620458305
3527,algoQD,35,158,0.9999719053506851,6.117686514742672
3528,algoQD,35,158,0.9999719053506851,5.318395967129618
3529,algoQD,35,158,0.9999719053506851,5.2756527634337544
3530,algoQD,35,158,0.9999719053506851,5.823925209231675
3531,algoQD,35,158,0.9999719053506851,5.494751451071352
3532,algoQD,35,158,0.9999719053506851,5.0888276267796755
3533,algoQD,35,158,0.9999719053506851,5.317771346773952
3534,algoQD,35,158,0.9999719053506851,5.75700477976352
3535,algoQD,35,158,0.9999719053506851,6.35403537703678
3536,algoQD,35,158,0.9999719053506851,5.745798835065216
3537,algoQD,35,158,0.9999719053506851,5.715707635972649
3538,algoQD,35,158,0.9999719053506851,5.614010005723685
3539,algoQD,35,158,0.9999719053506851,5.588218761142343
3540,algoQD,35,158,0.9999719053506851,5.528220582287759
3541,algoQD,35,158,0.9999719053506851,5.193346521817148
3542,algoQD,35,158,0.9999719053506851,5.7275018729269505
3543,algoQD,35,158,0.9999719053506851,6.085658356081694
3544,algoQD,35,158,0.9999719053506851,6.1470886818133295
3545,algoQD,35,158,0.9999719053506851,5.582863351330161
3546,algoQD,35,158,0.9999719053506851,5.592574411071837
3547,algoQD,35,158,0.9999719053506851,5.872803105972707
3548,algoQD,35,158,0.9999719053506851,5.9594827918335795
3549,algoQD,35,158,0.9999719053506851,6.36256886087358
3550,algoQD,35,158,0.9999719053506851,5.7095496519468725
3551,algoQD,35,158,0.9999719053506851,6.031513286754489
3552,algoQD,35,158,0.9999719053506851,6.102327222935855
3553,algoQD,35,158,0.9999719053506851,5.132327042054385
3554,algoQD,35,158,0.9999719053506851,5.956598099786788
3555,algoQD,35,158,0.9999719053506851,5.180061999708414
3556,algoQD,35,158,0.9999719053506851,6.078510128892958
3557,algoQD,35,158,0.9999719053506851,5.934833867009729
3558,algoQD,35,158,0.9999719053506851,5.109107077121735
3559,algoQD,35,158,0.9999719053506851,5.886445133015513
3560,algoQD,35,158,0.9999719053506851,5.873577818740159
3561,algoQD,35,158,0.9999719053506851,5.073985812719911
3562,algoQD,35,158,0.9999719053506851,6.215679917950183
3563,algoQD,35,158,0.9999719053506851,5.583291260059923
3564,algoQD,35,158,0.9999719053506851,6.30797389196232
3565,algoQD,35,158,0.9999719053506851,5.459904733579606
3566,algoQD,35,158,0.9999719053506851,5.993598445318639
3567,algoQD,35,158,0.9999719053506851,5.245895855594426
3568,algoQD,35,158,0.9999719053506851,5.039142895955592
3569,algoQD,35,158,0.9999719053506851,5.518352534621954
3570,algoQD,35,159,0.9999719053506851,5.132992099039257
3571,algoQD,35,159,0.9999719053506851,5.252722194883972
3572,algoQD,35,159,0.9999719053506851,5.781497050076723
3573,algoQD,35,159,0.9999719053506851,5.926581813022494
3574,algoQD,35,159,0.9999719053506851,5.505251340102404
3575,algoQD,35,159,0.9999719053506851,5.737681956961751
3576,algoQD,35,159,0.9999719053506851,5.796833508182317
3577,algoQD,35,160,0.9999719053506851,4.915731145069003
3578,algoQD,35,160,0.9999719053506851,4.648406201042235
3579,algoQD,35,160,0.9999719053506851,5.683573167771101
3580,algoQD,35,160,0.9999719053506851,5.4700026460923254
3581,algoQD,35,160,0.9999719053506851,5.168425662908703
3582,algoQD,35,160,0.9999719053506851,4.813567731063813
3583,algoQD,35,160,0.9999719053506851,5.016355257946998
3584,algoQD,35,160,0.9999719053506851,4.716527038253844
3585,algoQD,35,161,0.9999719053506851,5.172382277902216
3586,algoQD,35,161,0.9999719053506851,4.717465211171657
3587,algoQD,35,162,0.9999719053506851,5.947820253670216
3588,algoQD,35,162,0.9999719053506851,5.077858782373369
3589,algoQD,35,162,0.9999719053506851,5.012532404158264
3590,algoQD,35,162,0.9999719053506851,5.437628664076328
3591,algoQD,35,162,0.9999719053506851,5.356242280919105
3592,algoQD,35,162,0.9999719053506851,4.999508255161345
3593,algoQD,35,162,0.9999719053506851,4.7631550738587976
3594,algoQD,35,162,0.9999719053506851,4.759890696033835
3595,algoQD,35,162,0.9999719053506851,4.862252403981984
3596,algoQD,35,162,0.9999719053506851,4.944464578293264
3597,algoQD,35,162,0.9999719053506851,5.11730847414583
3598,algoQD,35,162,0.9999719053506851,5.738594161812216
3599,algoQD,35,162,0.9999719053506851,5.0423997011967
3600,algoQD,36,162,0.9999719053506851,5.524540817830712
3601,algoQD,36,162,0.9999719053506851,5.501786883920431
3602,algoQD,36,162,0.9999719053506851,5.255836619064212
3603,algoQD,36,162,0.9999719053506851,5.696907463017851
3604,algoQD,36,162,0.9999719053506851,4.983745680656284
3605,algoQD,36,162,0.9999719053506851,4.616067945957184
3606,algoQD,36,162,0.9999719053506851,5.134337069932371
3607,algoQD,36,162,0.9999719053506851,5.391990358009934
3608,algoQD,36,162,0.9999719053506851,5.571593807078898
3609,algoQD,36,162,0.9999719053506851,5.785357193090022
3610,algoQD,36,162,0.9999719053506851,5.281917429994792
3611,algoQD,36,162,0.9999719053506851,5.407598520163447
3612,algoQD,36,162,0.9999719053506851,5.511306701693684
3613,algoQD,36,162,0.9999719053506851,4.6886101881973445
3614,algoQD,36,162,0.9999719053506851,4.899539158213884
3615,algoQD,36,162,0.9999719053506851,4.856792486738414
3616,algoQD,36,162,0.9999719053506851,5.494078108109534
3617,algoQD,36,163,0.9999719053506851,5.875449375715107
3618,algoQD,36,163,0.9999719053506851,4.965170301962644
3619,algoQD,36,163,0.9999719053506851,5.824361524078995
3620,algoQD,36,163,0.9999719053506851,4.999739330727607
3621,algoQD,36,163,0.9999719053506851,4.9909709226340055
3622,algoQD,36,163,0.9999719053506851,5.324839424341917
3623,algoQD,36,163,0.9999719053506851,4.91080266982317
3624,algoQD,36,163,0.9999719053506851,4.70446875365451
3625,algoQD,36,163,0.9999719053506851,5.608241954818368
3626,algoQD,36,163,0.9999719053506851,4.5447805263102055
3627,algoQD,36,163,0.9999719053506851,5.234218270983547
3628,algoQD,36,163,0.9999719053506851,5.305831635836512
3629,algoQD,36,163,0.9999719053506851,4.43193224305287
3630,algoQD,36,163,0.9999719053506851,5.042561455629766
3631,algoQD,36,163,0.9999719053506851,4.9691266673617065
3632,algoQD,36,163,0.9999719053506851,5.059578889980912
3633,algoQD,36,163,0.9999719053506851,5.151843099389225
3634,algoQD,36,163,0.9999719053506851,4.708869559690356
3635,algoQD,36,163,0.9999719053506851,4.658228289801627
3636,algoQD,36,163,0.9999719053506851,5.336578093934804
3637,algoQD,36,163,0.9999719053506851,5.54814873682335
3638,algoQD,36,163,0.9999719053506851,5.373757835943252
3639,algoQD,36,163,0.9999719053506851,4.830913437064737
3640,algoQD,36,163,0.9999719053506851,5.364097553305328
3641,algoQD,36,163,0.9999719053506851,5.18402970675379
3642,algoQD,36,163,0.9999719053506851,4.93379576690495
3643,algoQD,36,163,0.9999719053506851,5.529670640826225
3644,algoQD,36,163,0.9999719053506851,5.472458747215569
3645,algoQD,36,163,0.9999719053506851,5.830332264769822
3646,algoQD,36,163,0.9999719053506851,5.367734263651073
3647,algoQD,36,163,0.9999719053506851,4.824684487190098
3648,algoQD,36,163,0.9999719053506851,5.619347820989788
3649,algoQD,36,163,0.9999719053506851,5.916298342868686
3650,algoQD,36,163,0.9999719053506851,5.087872202973813
3651,algoQD,36,163,0.9999719053506851,5.7409036862663925
3652,algoQD,36,163,0.9999719053506851,5.567358994856477
3653,algoQD,36,163,0.9999719053506851,5.066945591010153
3654,algoQD,36,163,0.9999719053506851,4.561778232920915
3655,algoQD,36,163,0.9999719053506851,4.797121414914727
3656,algoQD,36,163,0.9999719053506851,5.02974624093622
3657,algoQD,36,163,0.9999719053506851,5.598612280096859
3658,algoQD,36,163,0.9999719053506851,4.9441950879991055
3659,algoQD,36,163,0.9999719053506851,5.322711682878435
3660,algoQD,36,163,0.9999719053506851,5.3938850979320705
3661,algoQD,36,163,0.9999719053506851,4.705875921994448
3662,algoQD,36,163,0.9999719053506851,5.579575990326703
3663,algoQD,36,163,0.9999719053506851,4.970826250035316
3664,algoQD,36,163,0.9999719053506851,5.155626257881522
3665,algoQD,36,163,0.9999719053506851,4.767578091938049
3666,algoQD,36,163,0.9999719053506851,4.928827620111406
3667,algoQD,36,163,0.9999719053506851,5.077321416232735
3668,algoQD,36,163,0.9999719053506851,5.103558803908527
3669,algoQD,36,163,0.9999719053506851,5.1353705432266
3670,algoQD,36,163,0.9999719053506851,5.5516966809518635
3671,algoQD,36,163,0.9999719053506851,4.922193463891745
3672,algoQD,36,163,0.9999719053506851,6.035936092957854
3673,algoQD,36,163,0.9999719053506851,4.8047817796468735
3674,algoQD,36,163,0.9999719053506851,4.842052123975009
3675,algoQD,36,163,0.9999719053506851,5.768893975298852
3676,algoQD,36,163,0.9999719053506851,5.186328500043601
3677,algoQD,36,163,0.9999719053506851,6.192255586851388
3678,algoQD,36,163,0.9999719053506851,4.920410646125674
3679,algoQD,36,163,0.9999719053506851,5.976134514901787
3680,algoQD,36,163,0.9999719053506851,5.9679310149513185
3681,algoQD,36,163,0.9999719053506851,4.878648966085166
3682,algoQD,36,163,0.9999719053506851,5.610321264248341
3683,algoQD,36,163,0.9999719053506851,4.8614889001473784
3684,algoQD,36,163,0.9999719053506851,5.556806143838912
3685,algoQD,36,163,0.9999719053506851,5.2413968737237155
3686,algoQD,36,164,0.9999719053506851,6.114724277053028
3687,algoQD,36,164,0.9999719053506851,5.70511328894645
3688,algoQD,36,164,0.9999719053506851,5.430205947719514
3689,algoQD,36,164,0.9999719053506851,5.835030452813953
3690,algoQD,36,164,0.9999719053506851,6.1228510229848325
3691,algoQD,36,164,0.9999719053506851,5.073450101073831
3692,algoQD,36,164,0.9999719053506851,4.774582727346569
3693,algoQD,36,165,0.9999719053506851,5.849553976207972
3694,algoQD,36,165,0.9999719053506851,4.717501520179212
3695,algoQD,36,165,0.9999719053506851,5.336031020153314
3696,algoQD,36,165,0.9999719053506851,4.9367662710137665
3697,algoQD,36,165,0.9999719053506851,5.7261999528855085
3698,algoQD,36,165,0.9999719053506851,4.997469813097268
3699,algoQD,36,165,0.9999719053506851,4.8591487389057875
3700,algoQD,37,165,0.9999719053506851,4.8201038129627705
3701,algoQD,37,165,0.9999719053506851,4.796704597771168
3702,algoQD,37,165,0.9999719053506851,4.87734283786267
3703,algoQD,37,165,0.9999719053506851,5.436036144383252
3704,algoQD,37,165,0.9999719053506851,6.1412560301832855
3705,algoQD,37,165,0.9999719053506851,6.347744069062173
3706,algoQD,37,165,0.9999719053506851,5.714512288570404
3707,algoQD,37,165,0.9999719053506851,6.369184662122279
3708,algoQD,37,165,0.9999719053506851,5.386988937854767
3709,algoQD,37,165,0.9999719053506851,7.388885144144297
3710,algoQD,37,165,0.9999719053506851,6.361880661919713
3711,algoQD,37,165,0.9999719053506851,5.822994460817426
3712,algoQD,37,165,0.9999719053506851,6.061578506138176
3713,algoQD,37,165,0.9999719053506851,5.94788606883958
3714,algoQD,37,165,0.9999719053506851,5.562020878773183
3715,algoQD,37,165,0.9999719053506851,5.859858367126435
3716,algoQD,37,165,0.9999719053506851,5.311500467825681
3717,algoQD,37,165,0.9999719053506851,5.533845270052552
3718,algoQD,37,165,0.9999719053506851,6.469836584292352
3719,algoQD,37,165,0.9999719053506851,5.3194545903243124
3720,algoQD,37,165,0.9999719053506851,6.134898522403091
3721,algoQD,37,165,0.9999719053506851,5.441892402712256
3722,algoQD,37,165,0.9999719053506851,5.77559393690899
3723,algoQD,37,165,0.9999719053506851,5.1521144029684365
3724,algoQD,37,165,0.9999719053506851,6.023525977972895
3725,algoQD,37,165,0.9999719053506851,5.100141116883606
3726,algoQD,37,165,0.9999719053506851,5.571457903366536
3727,algoQD,37,165,0.9999719053506851,6.124302169308066
3728,algoQD,37,165,0.9999719053506851,6.05915861716494
3729,algoQD,37,165,0.9999719053506851,6.142838685773313
3730,algoQD,37,165,0.9999719053506851,5.143515776377171
3731,algoQD,37,165,0.9999719053506851,5.559560623019934
3732,algoQD,37,165,0.9999719053506851,5.116939397994429
3733,algoQD,37,165,0.9999719053506851,6.2214944693259895
3734,algoQD,37,165,0.9999719053506851,6.550693136174232
3735,algoQD,37,165,0.9999719053506851,5.290462649893016
3736,algoQD,37,165,0.9999719053506851,5.444600860122591
3737,algoQD,37,165,0.9999719053506851,5.189619752112776
3738,algoQD,37,165,0.9999719053506851,6.304232817143202
3739,algoQD,37,165,0.9999719053506851,5.443588656838983
3740,algoQD,37,165,0.9999719053506851,6.554493536707014
3741,algoQD,37,165,0.9999719053506851,6.017249939031899
3742,algoQD,37,165,0.9999719053506851,5.691454402171075
3743,algoQD,37,165,0.9999719053506851,6.023879225831479
3744,algoQD,37,165,0.9999719053506851,6.368847710080445
3745,algoQD,37,165,0.9999719053506851,5.2401606710627675
3746,algoQD,37,165,0.9999719053506851,6.04170501884073
3747,algoQD,37,165,0.9999719053506851,6.428507792297751
3748,algoQD,37,165,0.9999719053506851,6.401460003107786
3749,algoQD,37,165,0.9999719053506851,6.227055496070534
3750,algoQD,37,165,0.9999719053506851,6.44458406791091
3751,algoQD,37,165,0.9999719053506851,6.185011773835868
3752,algoQD,37,165,0.9999719053506851,5.427573977038264
3753,algoQD,37,165,0.9999719053506851,6.352748719975352
3754,algoQD,37,165,0.9999719053506851,6.383592179976404
3755,algoQD,37,165,0.9999719053506851,5.586001554038376
3756,algoQD,37,165,0.9999719053506851,6.2253933870233595
3757,algoQD,37,165,0.9999719053506851,5.458138940855861
3758,algoQD,37,165,0.9999719053506851,5.506437364034355
3759,algoQD,37,165,0.9999719053506851,6.155284271109849
3760,algoQD,37,165,0.9999719053506851,6.15011867089197
3761,algoQD,37,165,0.9999719053506851,5.482628504745662
3762,algoQD,37,165,0.9999719053506851,5.5804091659374535
3763,algoQD,37,165,0.9999719053506851,6.283783406950533
3764,algoQD,37,165,0.9999719053506851,6.79626795090735
3765,algoQD,37,165,0.9999719053506851,5.173867546953261
3766,algoQD,37,165,0.9999719053506851,5.687300863675773
3767,algoQD,37,165,0.9999719053506851,5.588274710346013
3768,algoQD,37,165,0.9999719053506851,6.661660815123469
3769,algoQD,37,165,0.9999719053506851,5.21200684318319
3770,algoQD,37,165,0.9999719053506851,6.026966087985784
3771,algoQD,37,165,0.9999719053506851,5.197426383849233
3772,algoQD,37,165,0.9999719053506851,6.768312226980925
3773,algoQD,37,165,0.9999719053506851,5.344102413859218
3774,algoQD,37,165,0.9999719053506851,6.319097352679819
3775,algoQD,37,165,0.9999719053506851,6.686442130245268
3776,algoQD,37,165,0.9999719053506851,5.077119987923652
3777,algoQD,37,165,0.9999719053506851,5.373087392188609
3778,algoQD,37,165,0.9999719053506851,4.876490458380431
3779,algoQD,37,165,0.9999719053506851,5.243537080939859
3780,algoQD,37,165,0.9999719053506851,5.736171927768737
3781,algoQD,37,165,0.9999719053506851,5.554069967009127
3782,algoQD,37,165,0.9999719053506851,5.4007698385976255
3783,algoQD,37,165,0.9999719053506851,5.6003868146799505
3784,algoQD,37,165,0.9999719053506851,5.805438240990043
3785,algoQD,37,165,0.9999719053506851,5.727643652819097
3786,algoQD,37,165,0.9999719053506851,5.339726725127548
3787,algoQD,37,165,0.9999719053506851,5.389906081836671
3788,algoQD,37,165,0.9999719053506851,5.4929183488711715
3789,algoQD,37,165,0.9999719053506851,6.175779248122126
3790,algoQD,37,165,0.9999719053506851,5.247417914681137
3791,algoQD,37,165,0.9999719053506851,5.695503553841263
3792,algoQD,37,165,0.9999719053506851,5.896088258828968
3793,algoQD,37,165,0.9999719053506851,5.460275269113481
3794,algoQD,37,165,0.9999719053506851,5.445699586067349
3795,algoQD,37,165,0.9999719053506851,5.942011591978371
3796,algoQD,37,165,0.9999719053506851,5.731090245768428
3797,algoQD,37,165,0.9999719053506851,6.225615445058793
3798,algoQD,37,165,0.9999719053506851,5.258638696279377
3799,algoQD,37,165,0.9999719053506851,5.385672392323613
3800,algoQD,38,165,0.9999719053506851,4.961796949151903
3801,algoQD,38,165,0.9999719053506851,5.611348958220333
3802,algoQD,38,165,0.9999719053506851,5.180903210770339
3803,algoQD,38,165,0.9999719053506851,5.590649316087365
3804,algoQD,38,165,0.9999719053506851,6.089404799044132
3805,algoQD,38,165,0.9999719053506851,5.97096588416025
3806,algoQD,38,165,0.9999719053506851,5.117069453932345
3807,algoQD,38,165,0.9999719053506851,5.661677506752312
3808,algoQD,38,165,0.9999719053506851,5.3761863168329
3809,algoQD,38,165,0.9999719053506851,5.227114018052816
3810,algoQD,38,165,0.9999719053506851,6.118719500955194
3811,algoQD,38,165,0.9999719053506851,5.895303695928305
3812,algoQD,38,165,0.9999719053506851,6.345301499124616
3813,algoQD,38,165,0.9999719053506851,5.5401393957436085
3814,algoQD,38,165,0.9999719053506851,6.157715715933591
3815,algoQD,38,165,0.9999719053506851,6.504404831677675
3816,algoQD,38,165,0.9999719053506851,6.601607340853661
3817,algoQD,38,165,0.9999719053506851,6.627447637729347
3818,algoQD,38,165,0.9999719053506851,5.447006696369499
3819,algoQD,38,165,0.9999719053506851,6.339262356981635
3820,algoQD,38,165,0.9999719053506851,5.732498507015407
3821,algoQD,38,165,0.9999719053506851,5.118978502228856
3822,algoQD,38,165,0.9999719053506851,5.609346584882587
3823,algoQD,38,165,0.9999719053506851,5.993587447796017
3824,algoQD,38,165,0.9999719053506851,5.838622192852199
3825,algoQD,38,165,0.9999719053506851,7.005222431849688
3826,algoQD,38,165,0.9999719053506851,5.2070329138077796
3827,algoQD,38,165,0.9999719053506851,5.9707716959528625
3828,algoQD,38,165,0.9999719053506851,5.857469046022743
3829,algoQD,38,165,0.9999719053506851,5.900581508874893
3830,algoQD,38,165,0.9999719053506851,6.370752810034901
3831,algoQD,38,165,0.9999719053506851,4.849452037829906
3832,algoQD,38,165,0.9999719053506851,6.5417977082543075
3833,algoQD,38,165,0.9999719053506851,5.045367409940809
3834,algoQD,38,165,0.9999719053506851,6.4321424989029765
3835,algoQD,38,165,0.9999719053506851,5.646849588956684
3836,algoQD,38,165,0.9999719053506851,6.189159870613366
3837,algoQD,38,165,0.9999719053506851,6.096573604736477
3838,algoQD,38,165,0.9999719053506851,5.823106164112687
3839,algoQD,38,165,0.9999719053506851,5.505365999881178
3840,algoQD,38,165,0.9999719053506851,6.133242281153798
3841,algoQD,38,165,0.9999719053506851,5.667550314217806
3842,algoQD,38,165,0.9999719053506851,5.502703367732465
3843,algoQD,38,165,0.9999719053506851,6.311866510193795
3844,algoQD,38,165,0.9999719053506851,5.789938762784004
3845,algoQD,38,165,0.9999719053506851,6.368734886869788
3846,algoQD,38,165,0.9999719053506851,5.59698551800102
3847,algoQD,38,165,0.9999719053506851,5.2770834867842495
3848,algoQD,38,165,0.9999719053506851,6.098376872949302
3849,algoQD,38,165,0.9999719053506851,6.26032742485404
3850,algoQD,38,165,0.9999719053506851,5.5507092690095305
3851,algoQD,38,165,0.9999719053506851,5.698782931081951
3852,algoQD,38,165,0.9999719053506851,6.137301652692258
3853,algoQD,38,165,0.9999719053506851,6.2128107799217105
3854,algoQD,38,165,0.9999719053506851,5.40430985763669
3855,algoQD,38,165,0.9999719053506851,5.201350987888873
3856,algoQD,38,165,0.9999719053506851,5.8736746259965
3857,algoQD,38,165,0.9999719053506851,6.001854768954217
3858,algoQD,38,165,0.9999719053506851,4.9232424278743565
3859,algoQD,38,165,0.9999719053506851,5.048515877686441
3860,algoQD,38,165,0.9999719053506851,4.827156046871096
3861,algoQD,38,165,0.9999719053506851,5.852111070882529
3862,algoQD,38,165,0.9999719053506851,5.3853403753601015
3863,algoQD,38,165,0.9999719053506851,6.1199222430586815
3864,algoQD,38,165,0.9999719053506851,6.084531290922314
3865,algoQD,38,165,0.9999719053506851,6.171657458879054
3866,algoQD,38,165,0.9999719053506851,6.022540966980159
3867,algoQD,38,165,0.9999719053506851,6.153364475350827
3868,algoQD,38,165,0.9999719053506851,5.3638044209219515
3869,algoQD,38,165,0.9999719053506851,5.742826010566205
3870,algoQD,38,165,0.9999719053506851,6.435705260839313
3871,algoQD,38,165,0.9999719053506851,4.85172432102263
3872,algoQD,38,165,0.9999719053506851,4.911200845148414
3873,algoQD,38,165,0.9999719053506851,5.002796769607812
3874,algoQD,38,165,0.9999719053506851,6.108189512975514
3875,algoQD,38,165,0.9999719053506851,5.88315390702337
3876,algoQD,38,165,0.9999719053506851,5.068495310842991
3877,algoQD,38,165,0.9999719053506851,6.101237908005714
3878,algoQD,38,165,0.9999719053506851,4.946890350896865
3879,algoQD,38,165,0.9999719053506851,6.199399790260941
3880,algoQD,38,165,0.9999719053506851,5.534082619938999
3881,algoQD,38,165,0.9999719053506851,4.691988082136959
3882,algoQD,38,165,0.9999719053506851,6.0134201920591295
3883,algoQD,38,165,0.9999719053506851,4.85226855892688
3884,algoQD,38,165,0.9999719053506851,5.627819670829922
3885,algoQD,38,165,0.9999719053506851,4.86166834179312
3886,algoQD,38,165,0.9999719053506851,5.922649216838181
3887,algoQD,38,165,0.9999719053506851,5.1457988689653575
3888,algoQD,38,165,0.9999719053506851,6.016366940923035
3889,algoQD,38,165,0.9999719053506851,5.56811718037352
3890,algoQD,38,165,0.9999719053506851,4.875033254735172
3891,algoQD,38,165,0.9999719053506851,4.878899269271642
3892,algoQD,38,165,0.9999719053506851,5.677389334887266
3893,algoQD,38,165,0.9999719053506851,5.367987805977464
3894,algoQD,38,165,0.9999719053506851,5.293496100232005
3895,algoQD,38,165,0.9999719053506851,5.149161754176021
3896,algoQD,38,165,0.9999719053506851,5.910572267137468
3897,algoQD,38,165,0.9999719053506851,6.079138010274619
3898,algoQD,38,165,0.9999719053506851,4.941944214049727
3899,algoQD,38,165,0.9999719053506851,4.921085290145129
3900,algoQD,39,165,0.9999719053506851,5.824710983783007
3901,algoQD,39,165,0.9999719053506851,4.909555333200842
3902,algoQD,39,165,0.9999719053506851,4.592794277705252
3903,algoQD,39,165,0.9999719053506851,4.944848090875894
3904,algoQD,39,165,0.9999719053506851,4.932534254156053
3905,algoQD,39,165,0.9999719053506851,5.136307443026453
3906,algoQD,39,165,0.9999719053506851,4.972132456023246
3907,algoQD,39,165,0.9999719053506851,5.373599468264729
3908,algoQD,39,165,0.9999719053506851,5.587376680225134
3909,algoQD,39,165,0.9999719053506851,5.163201310206205
3910,algoQD,39,165,0.9999719053506851,5.545779621228576
3911,algoQD,39,165,0.9999719053506851,5.540550428908318
3912,algoQD,39,165,0.9999719053506851,5.622185843996704
3913,algoQD,39,165,0.9999719053506851,4.881972153671086
3914,algoQD,39,165,0.9999719053506851,4.751489891204983
3915,algoQD,39,165,0.9999719053506851,4.893653517123312
3916,algoQD,39,165,0.9999719053506851,4.9297377881594
3917,algoQD,39,165,0.9999719053506851,4.680470256134868
3918,algoQD,39,165,0.9999719053506851,4.746275087352842
3919,algoQD,39,165,0.9999719053506851,5.461404209025204
3920,algoQD,39,165,0.9999719053506851,4.6120959599502385
3921,algoQD,39,165,0.9999719053506851,4.9211084842681885
3922,algoQD,39,165,0.9999719053506851,5.540997925214469
3923,algoQD,39,165,0.9999719053506851,4.790816000197083
3924,algoQD,39,165,0.9999719053506851,5.039232916198671
3925,algoQD,39,165,0.9999719053506851,5.682287118863314
3926,algoQD,39,165,0.9999719053506851,5.639739711768925
3927,algoQD,39,165,0.9999719053506851,5.73461222788319
3928,algoQD,39,165,0.9999719053506851,4.725716730579734
3929,algoQD,39,165,0.9999719053506851,4.902185286860913
3930,algoQD,39,165,0.9999719053506851,5.322764173150063
3931,algoQD,39,165,0.9999719053506851,5.965308652259409
3932,algoQD,39,165,0.9999719053506851,6.190278001129627
3933,algoQD,39,165,0.9999719053506851,6.27177688665688
3934,algoQD,39,165,0.9999719053506851,5.309183560311794
3935,algoQD,39,165,0.9999719053506851,5.661201865877956
3936,algoQD,39,165,0.9999719053506851,5.341708508320153
3937,algoQD,39,165,0.9999719053506851,5.38110092189163
3938,algoQD,39,165,0.9999719053506851,5.56927825184539
3939,algoQD,39,165,0.9999719053506851,6.271434009075165
3940,algoQD,39,165,0.9999719053506851,5.4544654679484665
3941,algoQD,39,165,0.9999719053506851,5.165159469936043
3942,algoQD,39,165,0.9999719053506851,5.310168400872499
3943,algoQD,39,165,0.9999719053506851,5.380453709047288
3944,algoQD,39,165,0.9999719053506851,6.401134945917875
3945,algoQD,39,165,0.9999719053506851,5.394425769336522
3946,algoQD,39,165,0.9999719053506851,5.55031036073342
3947,algoQD,39,165,0.9999719053506851,5.766188363078982
3948,algoQD,39,165,0.9999719053506851,5.403470831923187
3949,algoQD,39,165,0.9999719053506851,6.380958362016827
3950,algoQD,39,165,0.9999719053506851,6.413236061111093
3951,algoQD,39,165,0.9999719053506851,5.797015202231705
3952,algoQD,39,165,0.9999719053506851,6.046164290979505
3953,algoQD,39,165,0.9999719053506851,5.2323181899264455
3954,algoQD,39,165,0.9999719053506851,6.174350847024471
3955,algoQD,39,165,0.9999719053506851,5.340004519093782
3956,algoQD,39,165,0.9999719053506851,6.399338722229004
3957,algoQD,39,165,0.9999719053506851,6.288208053912967
3958,algoQD,39,165,0.9999719053506851,5.031355642247945
3959,algoQD,39,165,0.9999719053506851,4.898641450796276
3960,algoQD,39,165,0.9999719053506851,6.307826846837997
3961,algoQD,39,165,0.9999719053506851,5.965588841121644
3962,algoQD,39,165,0.9999719053506851,5.606998146045953
3963,algoQD,39,165,0.9999719053506851,6.439909522887319
3964,algoQD,39,165,0.9999719053506851,5.340196741279215
3965,algoQD,39,165,0.9999719053506851,6.0427606999874115
3966,algoQD,39,165,0.9999719053506851,5.0769817237742245
3967,algoQD,39,165,0.9999719053506851,5.10271156206727
3968,algoQD,39,165,0.9999719053506851,5.226003977935761
3969,algoQD,39,165,0.9999719053506851,5.30621474981308
3970,algoQD,39,165,0.9999719053506851,5.7745000990107656
3971,algoQD,39,165,0.9999719053506851,5.15106648998335
3972,algoQD,39,165,0.9999719053506851,5.557583274319768
3973,algoQD,39,165,0.9999719053506851,6.097586185205728
3974,algoQD,39,165,0.9999719053506851,5.080004916060716
3975,algoQD,39,165,0.9999719053506851,4.832247157115489
3976,algoQD,39,165,0.9999719053506851,6.064162429887801
3977,algoQD,39,165,0.9999719053506851,5.821639770641923
3978,algoQD,39,165,0.9999719053506851,4.875794109888375
3979,algoQD,39,165,0.9999719053506851,4.937367725651711
3980,algoQD,39,165,0.9999719053506851,5.793591913301498
3981,algoQD,39,165,0.9999719053506851,5.751245038118213
3982,algoQD,39,165,0.9999719053506851,5.375295402016491
3983,algoQD,39,165,0.9999719053506851,5.267590466886759
3984,algoQD,39,165,0.9999719053506851,6.18032753886655
3985,algoQD,39,165,0.9999719053506851,5.708503485191613
3986,algoQD,39,165,0.9999719053506851,5.424117534421384
3987,algoQD,39,165,0.9999719053506851,4.8861799840815365
3988,algoQD,39,165,0.9999719053506851,5.446349541656673
3989,algoQD,39,165,0.9999719053506851,6.051684602163732
3990,algoQD,39,165,0.9999719053506851,6.022111432161182
3991,algoQD,39,165,0.9999719053506851,5.169950011186302
3992,algoQD,39,165,0.9999719053506851,4.822137111797929
3993,algoQD,39,165,0.9999719053506851,5.496945015154779
3994,algoQD,39,165,0.9999719053506851,5.082085327245295
3995,algoQD,39,165,0.9999719053506851,4.644680389203131
3996,algoQD,39,165,0.9999719053506851,4.7989714299328625
3997,algoQD,39,165,0.9999719053506851,4.869618340861052
3998,algoQD,39,165,0.9999719053506851,4.892809751909226
3999,algoQD,39,165,0.9999719053506851,4.888126233126968
4000,algoQD,40,165,0.9999719053506851,4.365318481810391
4001,algoQD,40,165,0.9999719053506851,4.347155361901969
4002,algoQD,40,165,0.9999719053506851,4.545605372171849
4003,algoQD,40,165,0.9999719053506851,4.560720823705196
4004,algoQD,40,165,0.9999719053506851,5.105740475002676
4005,algoQD,40,165,0.9999719053506851,5.220184782985598
4006,algoQD,40,165,0.9999719053506851,4.5014419429935515
4007,algoQD,40,165,0.9999719053506851,4.9993204097263515
4008,algoQD,40,165,0.9999719053506851,5.45295250788331
4009,algoQD,40,165,0.9999719053506851,4.759645191021264
4010,algoQD,40,165,0.9999719053506851,5.542008234187961
4011,algoQD,40,165,0.9999719053506851,4.783353579230607
4012,algoQD,40,165,0.9999719053506851,5.603308303281665
4013,algoQD,40,165,0.9999719053506851,5.576985895168036
4014,algoQD,40,165,0.9999719053506851,4.927692193072289
4015,algoQD,40,165,0.9999719053506851,5.519598389975727
4016,algoQD,40,165,0.9999719053506851,5.410512777976692
4017,algoQD,40,165,0.9999719053506851,4.788143759593368
4018,algoQD,40,165,0.9999719053506851,4.872976987157017
4019,algoQD,40,165,0.9999719053506851,4.486752748023719
4020,algoQD,40,165,0.9999719053506851,5.716689181979746
4021,algoQD,40,165,0.9999719053506851,5.831835165154189
4022,algoQD,40,165,0.9999719053506851,4.912259353324771
4023,algoQD,40,165,0.9999719053506851,5.469546154141426
4024,algoQD,40,165,0.9999719053506851,5.910890826955438
4025,algoQD,40,165,0.9999719053506851,5.359381061047316
4026,algoQD,40,165,0.9999719053506851,5.171475393697619
4027,algoQD,40,165,0.9999719053506851,4.785405406262726
4028,algoQD,40,165,0.9999719053506851,4.579765839967877
4029,algoQD,40,165,0.9999719053506851,4.915064543951303
4030,algoQD,40,165,0.9999719053506851,5.491180181968957
4031,algoQD,40,165,0.9999719053506851,5.860418675933033
4032,algoQD,40,165,0.9999719053506851,5.301605712156743
4033,algoQD,40,165,0.9999719053506851,6.000024456996471
4034,algoQD,40,165,0.9999719053506851,6.126505088992417
4035,algoQD,40,165,0.9999719053506851,4.699781015049666
4036,algoQD,40,165,0.9999719053506851,5.284406673163176
4037,algoQD,40,165,0.9999719053506851,5.305099193006754
4038,algoQD,40,165,0.9999719053506851,5.064396494068205
4039,algoQD,40,165,0.9999719053506851,5.030119604896754
4040,algoQD,40,165,0.9999719053506851,4.891383286099881
4041,algoQD,40,165,0.9999719053506851,5.740146677009761
4042,algoQD,40,165,0.9999719053506851,4.81678470922634
4043,algoQD,40,165,0.9999719053506851,5.294159973040223
4044,algoQD,40,165,0.9999719053506851,5.522674952168018
4045,algoQD,40,165,0.9999719053506851,4.9261494288221
4046,algoQD,40,165,0.9999719053506851,5.472629229072481
4047,algoQD,40,165,0.9999719053506851,4.829794532153755
4048,algoQD,40,165,0.9999719053506851,5.218886089045554
4049,algoQD,40,165,0.9999719053506851,5.058088174089789
4050,algoQD,40,165,0.9999719053506851,6.033515982329845
4051,algoQD,40,165,0.9999719053506851,5.900480745360255
4052,algoQD,40,165,0.9999719053506851,5.19833868322894
4053,algoQD,40,165,0.9999719053506851,5.7127464432269335
4054,algoQD,40,165,0.9999719053506851,4.756915743928403
4055,algoQD,40,165,0.9999719053506851,5.073778952006251
4056,algoQD,40,165,0.9999719053506851,5.053457303903997
4057,algoQD,40,165,0.9999719053506851,5.045866469852626
4058,algoQD,40,165,0.9999719053506851,4.874427398201078
4059,algoQD,40,165,0.9999719053506851,5.27996093314141
4060,algoQD,40,165,0.9999719053506851,5.541862469166517
4061,algoQD,40,165,0.9999719053506851,4.68792155617848
4062,algoQD,40,165,0.9999719053506851,4.77175658615306
4063,algoQD,40,165,0.9999719053506851,5.309030009899288
4064,algoQD,40,165,0.9999719053506851,5.9731576619669795
4065,algoQD,40,165,0.9999719053506851,4.759330494794995
4066,algoQD,40,165,0.9999719053506851,4.915506388992071
4067,algoQD,40,165,0.9999719053506851,5.719891482964158
4068,algoQD,40,165,0.9999719053506851,4.762705914210528
4069,algoQD,40,165,0.9999719053506851,5.394838180858642
4070,algoQD,40,165,0.9999719053506851,4.890052089933306
4071,algoQD,40,165,0.9999719053506851,4.950426992960274
4072,algoQD,40,165,0.9999719053506851,4.705453822854906
4073,algoQD,40,165,0.9999719053506851,5.655962807126343
4074,algoQD,40,165,0.9999719053506851,5.494020437821746
4075,algoQD,40,165,0.9999719053506851,5.17024913802743
4076,algoQD,40,165,0.9999719053506851,6.16697924816981
4077,algoQD,40,165,0.9999719053506851,5.74207911780104
4078,algoQD,40,165,0.9999719053506851,5.535689192824066
4079,algoQD,40,165,0.9999719053506851,5.358181835152209
4080,algoQD,40,165,0.9999719053506851,5.791805347893387
4081,algoQD,40,165,0.9999719053506851,5.3471745369024575
4082,algoQD,40,165,0.9999719053506851,5.9017168721184134
4083,algoQD,40,165,0.9999719053506851,5.408035635948181
4084,algoQD,40,165,0.9999719053506851,6.294962107669562
4085,algoQD,40,165,0.9999719053506851,5.549934502225369
4086,algoQD,40,165,0.9999719053506851,6.483670349698514
4087,algoQD,40,165,0.9999719053506851,5.3221939648501575
4088,algoQD,40,165,0.9999719053506851,6.434288090094924
4089,algoQD,40,165,0.9999719053506851,5.408135985955596
4090,algoQD,40,165,0.9999719053506851,5.256999587174505
4091,algoQD,40,165,0.9999719053506851,5.202785765752196
4092,algoQD,40,165,0.9999719053506851,5.32794588804245
4093,algoQD,40,165,0.9999719053506851,6.695694494061172
4094,algoQD,40,165,0.9999719053506851,6.630554600153118
4095,algoQD,40,165,0.9999719053506851,5.306142370216548
4096,algoQD,40,165,0.9999719053506851,5.370955307036638
4097,algoQD,40,165,0.9999719053506851,5.516018138732761
4098,algoQD,40,165,0.9999719053506851,5.098517743870616
4099,algoQD,40,165,0.9999719053506851,6.311599662061781
4100,algoQD,41,165,0.9999719053506851,6.187747017014772
4101,algoQD,41,165,0.9999719053506851,6.584631055127829
4102,algoQD,41,165,0.9999719053506851,5.6440773024223745
4103,algoQD,41,165,0.9999719053506851,5.484030074905604
4104,algoQD,41,165,0.9999719053506851,5.064867912326008
4105,algoQD,41,165,0.9999719053506851,5.9187821969389915
4106,algoQD,41,165,0.9999719053506851,5.520851171109825
4107,algoQD,41,165,0.9999719053506851,5.870408312883228
4108,algoQD,41,165,0.9999719053506851,5.934793441556394
4109,algoQD,41,166,0.9999719053506851,6.097640287131071
4110,algoQD,41,166,0.9999719053506851,5.685279464814812
4111,algoQD,41,166,0.9999719053506851,6.352731822989881
4112,algoQD,41,166,0.9999719053506851,5.919947549700737
4113,algoQD,41,166,0.9999719053506851,5.861845542676747
4114,algoQD,41,166,0.9999719053506851,5.479877990204841
4115,algoQD,41,166,0.9999719053506851,5.964130625128746
4116,algoQD,41,166,0.9999719053506851,6.085194028913975
4117,algoQD,41,166,0.9999719053506851,5.370044645387679
4118,algoQD,41,166,0.9999719053506851,5.541339093819261
4119,algoQD,41,166,0.9999719053506851,5.961708849295974
4120,algoQD,41,166,0.9999719053506851,5.095227367244661
4121,algoQD,41,166,0.9999719053506851,5.11353439791128
4122,algoQD,41,166,0.9999719053506851,5.923224159982055
4123,algoQD,41,166,0.9999719053506851,6.271169146988541
4124,algoQD,41,166,0.9999719053506851,6.048189226072282
4125,algoQD,41,166,0.9999719053506851,6.04339983779937
4126,algoQD,41,166,0.9999719053506851,4.762321229092777
4127,algoQD,41,166,0.9999719053506851,5.333093495108187
4128,algoQD,41,166,0.9999719053506851,6.049226777162403
4129,algoQD,41,166,0.9999719053506851,5.241662693209946
4130,algoQD,41,166,0.9999719053506851,4.677091192919761
4131,algoQD,41,166,0.9999719053506851,5.447844109963626
4132,algoQD,41,166,0.9999719053506851,5.073420042172074
4133,algoQD,41,166,0.9999719053506851,4.991600359790027
4134,algoQD,41,166,0.9999719053506851,4.953531867824495
4135,algoQD,41,166,0.9999719053506851,4.779587692581117
4136,algoQD,41,166,0.9999719053506851,5.006248558871448
4137,algoQD,41,166,0.9999719053506851,5.887726235669106
4138,algoQD,41,166,0.9999719053506851,6.110679674893618
4139,algoQD,41,166,0.9999719053506851,5.506915186997503
4140,algoQD,41,166,0.9999719053506851,4.726987934205681
4141,algoQD,41,166,0.9999719053506851,4.921731359791011
4142,algoQD,41,166,0.9999719053506851,5.431241648737341
4143,algoQD,41,166,0.9999719053506851,5.820756793953478
4144,algoQD,41,166,0.9999719053506851,5.811433277092874
4145,algoQD,41,166,0.9999719053506851,5.62884655315429
4146,algoQD,41,166,0.9999719053506851,5.663505931850523
4147,algoQD,41,166,0.9999719053506851,5.997434915043414
4148,algoQD,41,166,0.9999719053506851,6.231111206114292
4149,algoQD,41,166,0.9999719053506851,5.135752262081951
4150,algoQD,41,166,0.9999719053506851,4.876530471257865
4151,algoQD,41,166,0.9999719053506851,4.851659656036645
4152,algoQD,41,166,0.9999719053506851,5.397380297072232
4153,algoQD,41,166,0.9999719053506851,5.772603374905884
4154,algoQD,41,166,0.9999719053506851,5.286300017032772
4155,algoQD,41,166,0.9999719053506851,5.716567745432258
4156,algoQD,41,166,0.9999719053506851,5.036017247010022
4157,algoQD,41,166,0.9999719053506851,5.80444406112656
4158,algoQD,41,166,0.9999719053506851,4.715641655959189
4159,algoQD,41,166,0.9999719053506851,4.884419606998563
4160,algoQD,41,166,0.9999719053506851,5.124803693033755
4161,algoQD,41,166,0.9999719053506851,5.46980606764555
4162,algoQD,41,166,0.9999719053506851,5.8114679818972945
4163,algoQD,41,166,0.9999719053506851,5.038043184671551
4164,algoQD,41,166,0.9999719053506851,5.109408632852137
4165,algoQD,41,166,0.9999719053506851,5.914088307879865
4166,algoQD,41,166,0.9999719053506851,4.911089712288231
4167,algoQD,41,166,0.9999719053506851,5.016824341844767
4168,algoQD,41,166,0.9999719053506851,5.055758309084922
4169,algoQD,41,167,0.9999719053506851,5.926425650250167
4170,algoQD,41,167,0.9999719053506851,6.558349744882435
4171,algoQD,41,167,0.9999719053506851,5.2387112569995224
4172,algoQD,41,167,0.9999719053506851,5.733058526180685
4173,algoQD,41,167,0.9999719053506851,6.242996123153716
4174,algoQD,41,167,0.9999719053506851,6.248398880008608
4175,algoQD,41,167,0.9999719053506851,6.572260352317244
4176,algoQD,41,167,0.9999719053506851,6.673430166207254
4177,algoQD,41,167,0.9999719053506851,5.4224295290187
4178,algoQD,41,167,0.9999719053506851,5.874465798959136
4179,algoQD,41,167,0.9999719053506851,5.106841332279146
4180,algoQD,41,167,0.9999719053506851,6.172118617221713
4181,algoQD,41,167,0.9999719053506851,6.252382878214121
4182,algoQD,41,167,0.9999719053506851,5.318011436611414
4183,algoQD,41,167,0.9999719053506851,5.604758006986231
4184,algoQD,41,167,0.9999719053506851,6.55218248302117
4185,algoQD,41,167,0.9999719053506851,5.205564503092319
4186,algoQD,41,167,0.9999719053506851,5.462101951241493
4187,algoQD,41,167,0.9999719053506851,5.084297834895551
4188,algoQD,41,167,0.9999719053506851,6.451724062208086
4189,algoQD,41,167,0.9999719053506851,5.673070145305246
4190,algoQD,41,167,0.9999719053506851,6.487298450898379
4191,algoQD,41,167,0.9999719053506851,5.58570675784722
4192,algoQD,41,168,0.9999719053506851,6.17941790772602
4193,algoQD,41,168,0.9999719053506851,5.363612573128194
4194,algoQD,41,168,0.9999719053506851,5.7546080141328275
4195,algoQD,41,168,0.9999719053506851,6.068151305895299
4196,algoQD,41,168,0.9999719053506851,5.328951838891953
4197,algoQD,41,168,0.9999719053506851,5.61713092494756
4198,algoQD,41,168,0.9999719053506851,6.788167335093021
4199,algoQD,41,168,0.9999719053506851,6.492022186983377
4200,algoQD,42,168,0.9999719053506851,6.235600728075951
4201,algoQD,42,168,0.9999719053506851,5.321140800137073
4202,algoQD,42,168,0.9999719053506851,6.00812944304198
4203,algoQD,42,168,0.9999719053506851,5.309234252199531
4204,algoQD,42,168,0.9999719053506851,6.293018041178584
4205,algoQD,42,168,0.9999719053506851,5.194154915399849
4206,algoQD,42,168,0.9999719053506851,6.375351103022695
4207,algoQD,42,168,0.9999719053506851,6.129963444080204
4208,algoQD,42,168,0.9999719053506851,5.7945214421488345
4209,algoQD,42,168,0.9999719053506851,5.6917553609237075
4210,algoQD,42,168,0.9999719053506851,5.551206958945841
4211,algoQD,42,168,0.9999719053506851,6.434165545273572
4212,algoQD,42,168,0.9999719053506851,5.228019283153117
4213,algoQD,42,168,0.9999719053506851,6.301593995653093
4214,algoQD,42,168,0.9999719053506851,5.1683043097145855
4215,algoQD,42,168,0.9999719053506851,5.524471542332321
4216,algoQD,42,168,0.9999719053506851,5.236129557713866
4217,algoQD,42,168,0.9999719053506851,6.288795532193035
4218,algoQD,42,168,0.9999719053506851,6.120870552025735
4219,algoQD,42,168,0.9999719053506851,5.222240172792226
4220,algoQD,42,168,0.9999719053506851,5.51963400002569
4221,algoQD,42,168,0.9999719053506851,5.943829734809697
4222,algoQD,42,168,0.9999719053506851,6.223937700968236
4223,algoQD,42,168,0.9999719053506851,5.476253321859986
4224,algoQD,42,168,0.9999719053506851,5.729312376119196
4225,algoQD,42,168,0.9999719053506851,6.055144428741187
4226,algoQD,42,168,0.9999719053506851,6.27593940962106
4227,algoQD,42,168,0.9999719053506851,5.651169061195105
4228,algoQD,42,168,0.9999719053506851,5.793351380620152
4229,algoQD,42,168,0.9999719053506851,5.583944025915116
4230,algoQD,42,168,0.9999719053506851,6.085004861932248
4231,algoQD,42,168,0.9999719053506851,6.7113383137620986
4232,algoQD,42,168,0.9999719053506851,6.33096034405753
4233,algoQD,42,168,0.9999719053506851,6.040186275262386
4234,algoQD,42,168,0.9999719053506851,5.484618678223342
4235,algoQD,42,168,0.9999719053506851,5.7279878640547395
4236,algoQD,42,168,0.9999719053506851,5.534127447288483
4237,algoQD,42,168,0.9999719053506851,6.052596235182136
4238,algoQD,42,168,0.9999719053506851,6.360964749008417
4239,algoQD,42,168,0.9999719053506851,5.205929453019053
4240,algoQD,42,168,0.9999719053506851,5.987740226089954
4241,algoQD,42,168,0.9999719053506851,6.710140028968453
4242,algoQD,42,168,0.9999719053506851,6.637685573659837
4243,algoQD,42,168,0.9999719053506851,5.692736053839326
4244,algoQD,42,168,0.9999719053506851,5.2630304978229105
4245,algoQD,42,168,0.9999719053506851,6.41561140678823
4246,algoQD,42,168,0.9999719053506851,5.451075445860624
4247,algoQD,42,168,0.9999719053506851,5.7482249131426215
4248,algoQD,42,168,0.9999719053506851,6.492574912961572
4249,algoQD,42,168,0.9999719053506851,5.865114490035921
4250,algoQD,42,168,0.9999719053506851,6.662234621122479
4251,algoQD,42,168,0.9999719053506851,5.588407680857927
4252,algoQD,42,168,0.9999719053506851,6.669335127808154
4253,algoQD,42,168,0.9999719053506851,5.871921411715448
4254,algoQD,42,168,0.9999719053506851,5.848665538709611
4255,algoQD,42,168,0.9999719053506851,5.805254883132875
4256,algoQD,42,168,0.9999719053506851,5.425763607956469
4257,algoQD,42,168,0.9999719053506851,6.041925481054932
4258,algoQD,42,168,0.9999719053506851,5.556818934157491
4259,algoQD,42,168,0.9999719053506851,5.673629221972078
4260,algoQD,42,168,0.9999719053506851,6.505448217038065
4261,algoQD,42,168,0.9999719053506851,6.51296761399135
4262,algoQD,42,168,0.9999719053506851,5.357094046194106
4263,algoQD,42,168,0.9999719053506851,5.192304126918316
4264,algoQD,42,168,0.9999719053506851,5.350746111012995
4265,algoQD,42,168,0.9999719053506851,5.554134440142661
4266,algoQD,42,168,0.9999719053506851,6.132035417947918
4267,algoQD,42,168,0.9999719053506851,6.407989704050124
4268,algoQD,42,168,0.9999719053506851,5.427440678700805
4269,algoQD,42,168,0.9999719053506851,5.1042778277769685
4270,algoQD,42,168,0.9999719053506851,5.244105939287692
4271,algoQD,42,168,0.9999719053506851,5.929573978763074
4272,algoQD,42,168,0.9999719053506851,6.55547280004248
4273,algoQD,42,168,0.9999719053506851,5.654949880205095
4274,algoQD,42,168,0.9999719053506851,5.351803008001298
4275,algoQD,42,168,0.9999719053506851,5.504194950684905
4276,algoQD,42,168,0.9999719053506851,5.794616924133152
4277,algoQD,42,168,0.9999719053506851,6.419006519950926
4278,algoQD,42,168,0.9999719053506851,5.2636828809045255
4279,algoQD,42,168,0.9999719053506851,6.734352082014084
4280,algoQD,42,168,0.9999719053506851,5.817366742994636
4281,algoQD,42,168,0.9999719053506851,6.484772857278585
4282,algoQD,42,168,0.9999719053506851,5.644095406867564
4283,algoQD,42,168,0.9999719053506851,6.48093557683751
4284,algoQD,42,168,0.9999719053506851,6.3747907960787416
4285,algoQD,42,168,0.9999719053506851,6.048988515045494
4286,algoQD,42,168,0.9999719053506851,5.133113735821098
4287,algoQD,42,168,0.9999719053506851,6.517069928813726
4288,algoQD,42,168,0.9999719053506851,6.21469989605248
4289,algoQD,42,168,0.9999719053506851,6.330622752662748
4290,algoQD,42,168,0.9999719053506851,5.772587525192648
4291,algoQD,42,168,0.9999719053506851,5.867169125005603
4292,algoQD,42,168,0.9999719053506851,5.862016227096319
4293,algoQD,42,168,0.9999719053506851,6.522966580931097
4294,algoQD,42,168,0.9999719053506851,5.644429247826338
4295,algoQD,42,168,0.9999719053506851,5.56370250089094
4296,algoQD,42,168,0.9999719053506851,5.458835705649108
4297,algoQD,42,168,0.9999719053506851,5.625500287860632
4298,algoQD,42,168,0.9999719053506851,5.77333276392892
4299,algoQD,42,168,0.9999719053506851,5.6496928641572595
4300,algoQD,43,168,0.9999719053506851,5.120842196047306
4301,algoQD,43,168,0.9999719053506851,5.497756031807512
4302,algoQD,43,168,0.9999719053506851,6.057739912997931
4303,algoQD,43,169,0.9999719053506851,6.072464677039534
4304,algoQD,43,169,0.9999719053506851,5.701386750210077
4305,algoQD,43,169,0.9999719053506851,5.764771184884012
4306,algoQD,43,169,0.9999719053506851,6.548676005098969
4307,algoQD,43,169,0.9999719053506851,5.732546360231936
4308,algoQD,43,169,0.9999719053506851,6.124905985314399
4309,algoQD,43,169,0.9999719053506851,5.336108741350472
4310,algoQD,43,169,0.9999719053506851,6.2180950520560145
4311,algoQD,43,169,0.9999719053506851,6.595055325888097
4312,algoQD,43,169,0.9999719053506851,5.137723285704851
4313,algoQD,43,169,0.9999719053506851,5.319206431973726
4314,algoQD,43,169,0.9999719053506851,5.535597859881818
4315,algoQD,43,169,0.9999719053506851,5.785503834020346
4316,algoQD,43,169,0.9999719053506851,5.444570479448885
4317,algoQD,43,169,0.9999719053506851,5.276532634161413
4318,algoQD,43,169,0.9999719053506851,5.90721927722916
4319,algoQD,43,169,0.9999719053506851,5.2178513538092375
4320,algoQD,43,169,0.9999719053506851,6.458334676921368
4321,algoQD,43,169,0.9999719053506851,4.989589831791818
4322,algoQD,43,169,0.9999719053506851,5.733146977145225
4323,algoQD,43,169,0.9999719053506851,4.990955471992493
4324,algoQD,43,169,0.9999719053506851,5.606076895259321
4325,algoQD,43,169,0.9999719053506851,5.2105568097904325
4326,algoQD,43,169,0.9999719053506851,5.266524149104953
4327,algoQD,43,169,0.9999719053506851,5.291165372822434
4328,algoQD,43,169,0.9999719053506851,5.446822264231741
4329,algoQD,43,169,0.9999719053506851,5.263370329979807
4330,algoQD,43,169,0.9999719053506851,6.02350104181096
4331,algoQD,43,169,0.9999719053506851,5.738904615864158
4332,algoQD,43,169,0.9999719053506851,5.057187950704247
4333,algoQD,43,169,0.9999719053506851,5.168344812002033
4334,algoQD,43,169,0.9999719053506851,5.166695795021951
4335,algoQD,43,169,0.9999719053506851,5.840573617722839
4336,algoQD,43,169,0.9999719053506851,4.877605478279293
4337,algoQD,43,169,0.9999719053506851,4.903416400775313
4338,algoQD,43,169,0.9999719053506851,5.058635616209358
4339,algoQD,43,169,0.9999719053506851,5.279830493964255
4340,algoQD,43,169,0.9999719053506851,5.674096219241619
4341,algoQD,43,169,0.9999719053506851,4.80328606814146
4342,algoQD,43,169,0.9999719053506851,6.36772072641179
4343,algoQD,43,169,0.9999719053506851,5.803505482152104
4344,algoQD,43,169,0.9999719053506851,6.068548667244613
4345,algoQD,43,169,0.9999719053506851,5.206326545216143
4346,algoQD,43,169,0.9999719053506851,5.821857980918139
4347,algoQD,43,169,0.9999719053506851,6.287684254348278
4348,algoQD,43,169,0.9999719053506851,6.089216884225607
4349,algoQD,43,169,0.9999719053506851,5.400509749073535
4350,algoQD,43,169,0.9999719053506851,4.7606465122662485
4351,algoQD,43,169,0.9999719053506851,5.769950133282691
4352,algoQD,43,169,0.9999719053506851,4.989964078180492
4353,algoQD,43,169,0.9999719053506851,5.6371933640912175
4354,algoQD,43,169,0.9999719053506851,5.8715012217871845
4355,algoQD,43,169,0.9999719053506851,4.711646760348231
4356,algoQD,43,169,0.9999719053506851,5.522150550968945
4357,algoQD,43,169,0.9999719053506851,6.388938190881163
4358,algoQD,43,169,0.9999719053506851,4.954063788056374
4359,algoQD,43,169,0.9999719053506851,4.880384078249335
4360,algoQD,43,169,0.9999719053506851,4.389307721983641
4361,algoQD,43,169,0.9999719053506851,5.8195709101855755
4362,algoQD,43,169,0.9999719053506851,4.754308094736189
4363,algoQD,43,169,0.9999719053506851,5.142327876761556
4364,algoQD,43,169,0.9999719053506851,4.468253802973777
4365,algoQD,43,169,0.9999719053506851,5.634861918631941
4366,algoQD,43,169,0.9999719053506851,4.927187110297382
4367,algoQD,43,169,0.9999719053506851,4.883424734231085
4368,algoQD,43,169,0.9999719053506851,5.0300256330519915
4369,algoQD,43,169,0.9999719053506851,4.92043375922367
4370,algoQD,43,169,0.9999719053506851,4.704974069725722
4371,algoQD,43,169,0.9999719053506851,4.926153038162738
4372,algoQD,43,169,0.9999719053506851,5.509238691069186
4373,algoQD,43,169,0.9999719053506851,5.124573066830635
4374,algoQD,43,169,0.9999719053506851,5.104076175019145
4375,algoQD,43,169,0.9999719053506851,5.208000828046352
4376,algoQD,43,169,0.9999719053506851,6.009067909792066
4377,algoQD,43,169,0.9999719053506851,5.731064400169998
4378,algoQD,43,169,0.9999719053506851,5.1670742691494524
4379,algoQD,43,169,0.9999719053506851,6.101292310748249
4380,algoQD,43,169,0.9999719053506851,5.221355253830552
4381,algoQD,43,169,0.9999719053506851,5.175833830144256
4382,algoQD,43,169,0.9999719053506851,6.094741985201836
4383,algoQD,43,169,0.9999719053506851,4.915412692818791
4384,algoQD,43,169,0.9999719053506851,5.4154607858508825
4385,algoQD,43,169,0.9999719053506851,4.9574482617899776
4386,algoQD,43,169,0.9999719053506851,5.66670161485672
4387,algoQD,43,169,0.9999719053506851,4.967221589293331
4388,algoQD,43,169,0.9999719053506851,5.129792252089828
4389,algoQD,43,169,0.9999719053506851,5.2377144056372344
4390,algoQD,43,169,0.9999719053506851,5.122395163867623
4391,algoQD,43,169,0.9999719053506851,4.736570755019784
4392,algoQD,43,169,0.9999719053506851,5.569167900830507
4393,algoQD,43,169,0.9999719053506851,4.7053708410821855
4394,algoQD,43,169,0.9999719053506851,5.763869176618755
4395,algoQD,43,169,0.9999719053506851,5.6269681472331285
4396,algoQD,43,169,0.9999719053506851,4.521264934912324
4397,algoQD,43,169,0.9999719053506851,5.605907100718468
4398,algoQD,43,169,0.9999719053506851,4.672015694901347
4399,algoQD,43,169,0.9999719053506851,5.760618355125189
4400,algoQD,44,169,0.9999719053506851,5.604081219993532
4401,algoQD,44,169,0.9999719053506851,5.21054059965536
4402,algoQD,44,169,0.9999719053506851,5.3615652769804
4403,algoQD,44,169,0.9999719053506851,4.819349808618426
4404,algoQD,44,169,0.9999719053506851,5.719598144758493
4405,algoQD,44,169,0.9999719053506851,5.639817053917795
4406,algoQD,44,169,0.9999719053506851,5.044097058009356
4407,algoQD,44,169,0.9999719053506851,4.572123985737562
4408,algoQD,44,169,0.9999719053506851,4.825469161849469
4409,algoQD,44,169,0.9999719053506851,5.365894758142531
4410,algoQD,44,169,0.9999719053506851,5.489287453237921
4411,algoQD,44,169,0.9999719053506851,5.838082516100258
4412,algoQD,44,169,0.9999719053506851,4.985815743915737
4413,algoQD,44,169,0.9999719053506851,5.766457688063383
4414,algoQD,44,169,0.9999719053506851,5.594756671227515
4415,algoQD,44,169,0.9999719053506851,5.144145193975419
4416,algoQD,44,169,0.9999719053506851,6.1331516318023205
4417,algoQD,44,169,0.9999719053506851,5.045837074983865
4418,algoQD,44,169,0.9999719053506851,5.26960392203182
4419,algoQD,44,169,0.9999719053506851,5.057921748608351
4420,algoQD,44,169,0.9999719053506851,5.828599757049233
4421,algoQD,44,169,0.9999719053506851,4.936622029170394
4422,algoQD,44,169,0.9999719053506851,5.332446976099163
4423,algoQD,44,169,0.9999719053506851,5.512534569017589
4424,algoQD,44,169,0.9999719053506851,5.227561331354082
4425,algoQD,44,169,0.9999719053506851,4.922860826831311
4426,algoQD,44,169,0.9999719053506851,5.5957813677378
4427,algoQD,44,169,0.9999719053506851,5.769363549072295
4428,algoQD,44,169,0.9999719053506851,5.270523187704384
4429,algoQD,44,169,0.9999719053506851,5.414438141975552
4430,algoQD,44,169,0.9999719053506851,5.3436099900864065
4431,algoQD,44,169,0.9999719053506851,4.996604509186
4432,algoQD,44,170,0.9999719053506851,5.8141757836565375
4433,algoQD,44,170,0.9999719053506851,5.8402941939421
4434,algoQD,44,170,0.9999719053506851,5.454189684707671
4435,algoQD,44,170,0.9999719053506851,5.421589164994657
4436,algoQD,44,170,0.9999719053506851,6.613684237003326
4437,algoQD,44,170,0.9999719053506851,5.8037791680544615
4438,algoQD,44,170,0.9999719053506851,5.195708354003727
4439,algoQD,44,170,0.9999719053506851,5.54738442087546
4440,algoQD,44,170,0.9999719053506851,5.5152797270566225
4441,algoQD,44,170,0.9999719053506851,5.708025908097625
4442,algoQD,44,170,0.9999719053506851,6.478301805909723
4443,algoQD,44,170,0.9999719053506851,5.389478299766779
4444,algoQD,44,170,0.9999719053506851,5.0839442713186145
4445,algoQD,44,170,0.9999719053506851,6.288489968981594
4446,algoQD,44,170,0.9999719053506851,6.387902833987027
4447,algoQD,44,170,0.9999719053506851,5.514688388910145
4448,algoQD,44,170,0.9999719053506851,5.746292225085199
4449,algoQD,44,170,0.9999719053506851,5.3345258152112365
4450,algoQD,44,170,0.9999719053506851,5.704455763101578
4451,algoQD,44,170,0.9999719053506851,6.390942677855492
4452,algoQD,44,170,0.9999719053506851,5.8739647483453155
4453,algoQD,44,170,0.9999719053506851,5.4458506079390645
4454,algoQD,44,170,0.9999719053506851,5.497404090128839
4455,algoQD,44,170,0.9999719053506851,6.249125839211047
4456,algoQD,44,170,0.9999719053506851,6.392856535036117
4457,algoQD,44,170,0.9999719053506851,5.6056832782924175
4458,algoQD,44,170,0.9999719053506851,5.577844043727964
4459,algoQD,44,170,0.9999719053506851,6.452866349834949
4460,algoQD,44,170,0.9999719053506851,5.762681416235864
4461,algoQD,44,170,0.9999719053506851,6.332218935713172
4462,algoQD,44,170,0.9999719053506851,6.153682180680335
4463,algoQD,44,170,0.9999719053506851,5.979540362022817
4464,algoQD,44,170,0.9999719053506851,5.890597802121192
4465,algoQD,44,170,0.9999719053506851,5.494377453811467
4466,algoQD,44,170,0.9999719053506851,5.602112294640392
4467,algoQD,44,170,0.9999719053506851,5.503716860897839
4468,algoQD,44,170,0.9999719053506851,5.9527388801798224
4469,algoQD,44,170,0.9999719053506851,5.942617313936353
4470,algoQD,44,170,0.9999719053506851,5.839615928940475
4471,algoQD,44,170,0.9999719053506851,5.428083386737853
4472,algoQD,44,170,0.9999719053506851,5.391990439034998
4473,algoQD,44,170,0.9999719053506851,6.349060980137438
4474,algoQD,44,170,0.9999719053506851,5.590168435126543
4475,algoQD,44,170,0.9999719053506851,6.292789380997419
4476,algoQD,44,170,0.9999719053506851,5.7424369738437235
4477,algoQD,44,170,0.9999719053506851,6.610064980108291
4478,algoQD,44,170,0.9999719053506851,5.505084706004709
4479,algoQD,44,170,0.9999719053506851,5.732806637417525
4480,algoQD,44,170,0.9999719053506851,6.183974340092391
4481,algoQD,44,170,0.9999719053506851,5.205310317222029
4482,algoQD,44,170,0.9999719053506851,5.4711214997805655
4483,algoQD,44,170,0.9999719053506851,5.487902848981321
4484,algoQD,44,170,0.9999719053506851,6.337951919063926
4485,algoQD,44,170,0.9999719053506851,6.2198383579961956
4486,algoQD,44,170,0.9999719053506851,5.78981019789353
4487,algoQD,44,170,0.9999719053506851,5.33720128191635
4488,algoQD,44,170,0.9999719053506851,4.992348204832524
4489,algoQD,44,170,0.9999719053506851,5.41845223819837
4490,algoQD,44,170,0.9999719053506851,6.456889336928725
4491,algoQD,44,170,0.9999719053506851,6.051907434128225
4492,algoQD,44,170,0.9999719053506851,6.009234530851245
4493,algoQD,44,170,0.9999719053506851,5.540329711977392
4494,algoQD,44,170,0.9999719053506851,5.616941454820335
4495,algoQD,44,170,0.9999719053506851,5.495491006877273
4496,algoQD,44,170,0.9999719053506851,5.628431134857237
4497,algoQD,44,170,0.9999719053506851,5.35454824892804
4498,algoQD,44,170,0.9999719053506851,5.304445398040116
4499,algoQD,44,170,0.9999719053506851,5.6448175478726625
4500,algoQD,45,170,0.9999719053506851,5.511295130010694
4501,algoQD,45,170,0.9999719053506851,6.242764757946134
4502,algoQD,45,170,0.9999719053506851,5.9807985899969935
4503,algoQD,45,170,0.9999719053506851,6.414736175909638
4504,algoQD,45,170,0.9999719053506851,5.470738145057112
4505,algoQD,45,170,0.9999719053506851,5.532801216933876
4506,algoQD,45,170,0.9999719053506851,6.609270750079304
4507,algoQD,45,170,0.9999719053506851,5.87980592995882
4508,algoQD,45,170,0.9999719053506851,5.561363897752017
4509,algoQD,45,170,0.9999719053506851,6.764478592202067
4510,algoQD,45,170,0.9999719053506851,5.925265627913177
4511,algoQD,45,170,0.9999719053506851,5.323270860128105
4512,algoQD,45,170,0.9999719053506851,5.3098038719035685
4513,algoQD,45,170,0.9999719053506851,6.364499912131578
4514,algoQD,45,170,0.9999719053506851,5.225570690818131
4515,algoQD,45,170,0.9999719053506851,6.62296048598364
4516,algoQD,45,170,0.9999719053506851,6.648582320194691
4517,algoQD,45,170,0.9999719053506851,5.792846394702792
4518,algoQD,45,170,0.9999719053506851,6.535842591896653
4519,algoQD,45,170,0.9999719053506851,5.427345934789628
4520,algoQD,45,170,0.9999719053506851,5.993245819117874
4521,algoQD,45,170,0.9999719053506851,6.53275302471593
4522,algoQD,45,170,0.9999719053506851,6.437899154145271
4523,algoQD,45,170,0.9999719053506851,5.756264672148973
4524,algoQD,45,170,0.9999719053506851,6.297787776216865
4525,algoQD,45,170,0.9999719053506851,5.866846532095224
4526,algoQD,45,170,0.9999719053506851,6.283309149090201
4527,algoQD,45,170,0.9999719053506851,6.829731449950486
4528,algoQD,45,170,0.9999719053506851,6.713935057166964
4529,algoQD,45,170,0.9999719053506851,5.29112037923187
4530,algoQD,45,170,0.9999719053506851,5.705118468031287
4531,algoQD,45,170,0.9999719053506851,5.607328750193119
4532,algoQD,45,170,0.9999719053506851,6.554340134840459
4533,algoQD,45,170,0.9999719053506851,5.728125321678817
4534,algoQD,45,170,0.9999719053506851,6.729363489896059
4535,algoQD,45,170,0.9999719053506851,6.580306899733841
4536,algoQD,45,170,0.9999719053506851,5.50000271294266
4537,algoQD,45,170,0.9999719053506851,5.060316473711282
4538,algoQD,45,170,0.9999719053506851,5.279363874346018
4539,algoQD,45,170,0.9999719053506851,5.257074018009007
4540,algoQD,45,170,0.9999719053506851,5.424846122041345
4541,algoQD,45,170,0.9999719053506851,5.84667200082913
4542,algoQD,45,170,0.9999719053506851,5.254615942016244
4543,algoQD,45,170,0.9999719053506851,5.419692202005535
4544,algoQD,45,170,0.9999719053506851,6.417047002818435
4545,algoQD,45,170,0.9999719053506851,6.486495739780366
4546,algoQD,45,170,0.9999719053506851,6.521983465179801
4547,algoQD,45,170,0.9999719053506851,6.463849287945777
4548,algoQD,45,170,0.9999719053506851,5.322083406150341
4549,algoQD,45,170,0.9999719053506851,5.312465392053127
4550,algoQD,45,170,0.9999719053506851,5.909939598757774
4551,algoQD,45,170,0.9999719053506851,5.8883902402594686
4552,algoQD,45,170,0.9999719053506851,6.550616036634892
4553,algoQD,45,170,0.9999719053506851,5.68904692074284
4554,algoQD,45,170,0.9999719053506851,5.920932550914586
4555,algoQD,45,170,0.9999719053506851,6.411370567046106
4556,algoQD,45,170,0.9999719053506851,5.968284224160016
4557,algoQD,45,170,0.9999719053506851,5.736484767869115
4558,algoQD,45,170,0.9999719053506851,6.266818378120661
4559,algoQD,45,170,0.9999719053506851,5.579684184864163
4560,algoQD,45,170,0.9999719053506851,5.481328377965838
4561,algoQD,45,170,0.9999719053506851,5.579684586264193
4562,algoQD,45,170,0.9999719053506851,5.912602330092341
4563,algoQD,45,170,0.9999719053506851,6.215803373605013
4564,algoQD,45,170,0.9999719053506851,5.785191671922803
4565,algoQD,45,170,0.9999719053506851,6.457070630043745
4566,algoQD,45,170,0.9999719053506851,5.601280432194471
4567,algoQD,45,170,0.9999719053506851,5.63728071609512
4568,algoQD,45,170,0.9999719053506851,6.271611505188048
4569,algoQD,45,170,0.9999719053506851,6.461862574331462
4570,algoQD,45,170,0.9999719053506851,5.517869682982564
4571,algoQD,45,170,0.9999719053506851,6.443404657300562
4572,algoQD,45,170,0.9999719053506851,5.870805182028562
4573,algoQD,45,170,0.9999719053506851,6.565820316784084
4574,algoQD,45,170,0.9999719053506851,5.2738586431369185
4575,algoQD,45,170,0.9999719053506851,5.719214504119009
4576,algoQD,45,170,0.9999719053506851,6.499677957966924
4577,algoQD,45,170,0.9999719053506851,5.499689250253141
4578,algoQD,45,170,0.9999719053506851,6.073764324188232
4579,algoQD,45,170,0.9999719053506851,6.272379257250577
4580,algoQD,45,170,0.9999719053506851,5.258886591996998
4581,algoQD,45,170,0.9999719053506851,6.422020079102367
4582,algoQD,45,170,0.9999719053506851,4.926393900997937
4583,algoQD,45,170,0.9999719053506851,5.5241705677472055
4584,algoQD,45,170,0.9999719053506851,5.662997670006007
4585,algoQD,45,170,0.9999719053506851,6.001991285011172
4586,algoQD,45,170,0.9999719053506851,5.071660448797047
4587,algoQD,45,170,0.9999719053506851,5.230940015986562
4588,algoQD,45,170,0.9999719053506851,5.773202506825328
4589,algoQD,45,170,0.9999719053506851,5.177306853234768
4590,algoQD,45,170,0.9999719053506851,5.1788046029396355
4591,algoQD,45,170,0.9999719053506851,5.405869362875819
4592,algoQD,45,170,0.9999719053506851,5.4186536013148725
4593,algoQD,45,170,0.9999719053506851,5.092013326007873
4594,algoQD,45,170,0.9999719053506851,4.963105801027268
4595,algoQD,45,170,0.9999719053506851,5.360130046959966
4596,algoQD,45,170,0.9999719053506851,5.397265435662121
4597,algoQD,45,170,0.9999719053506851,5.753013770096004
4598,algoQD,45,170,0.9999719053506851,4.9584413771517575
4599,algoQD,45,170,0.9999719053506851,6.04772623302415
4600,algoQD,46,170,0.9999719053506851,6.00923198601231
4601,algoQD,46,170,0.9999719053506851,5.2708882093429565
4602,algoQD,46,170,0.9999719053506851,5.51811598893255
4603,algoQD,46,170,0.9999719053506851,6.533099750056863
4604,algoQD,46,170,0.9999719053506851,5.750842757988721
4605,algoQD,46,170,0.9999719053506851,6.178951449692249
4606,algoQD,46,170,0.9999719053506851,5.41009081993252
4607,algoQD,46,170,0.9999719053506851,5.37411572271958
4608,algoQD,46,170,0.9999719053506851,5.7077795271761715
4609,algoQD,46,170,0.9999719053506851,5.682784498203546
4610,algoQD,46,170,0.9999719053506851,6.417750170920044
4611,algoQD,46,170,0.9999719053506851,5.411801102105528
4612,algoQD,46,170,0.9999719053506851,5.5128975789994
4613,algoQD,46,170,0.9999719053506851,5.111218788195401
4614,algoQD,46,170,0.9999719053506851,5.93099309084937
4615,algoQD,46,170,0.9999719053506851,5.420683957170695
4616,algoQD,46,170,0.9999719053506851,5.881760332733393
4617,algoQD,46,170,0.9999719053506851,4.940230093896389
4618,algoQD,46,170,0.9999719053506851,5.219276246614754
4619,algoQD,46,170,0.9999719053506851,6.366441512014717
4620,algoQD,46,170,0.9999719053506851,5.166710992343724
4621,algoQD,46,171,0.9999719053506851,5.3188429228030145
4622,algoQD,46,171,0.9999719053506851,6.09481114288792
4623,algoQD,46,171,0.9999719053506851,6.085983391851187
4624,algoQD,46,171,0.9999719053506851,5.870131128933281
4625,algoQD,46,171,0.9999719053506851,5.887283348944038
4626,algoQD,46,171,0.9999719053506851,6.186741118319333
4627,algoQD,46,171,0.9999719053506851,5.441836935933679
4628,algoQD,46,171,0.9999719053506851,6.034750564955175
4629,algoQD,46,171,0.9999719053506851,6.348314580041915
4630,algoQD,46,171,0.9999719053506851,6.015534175094217
4631,algoQD,46,171,0.9999719053506851,4.8794892728328705
4632,algoQD,46,171,0.9999719053506851,5.034242757130414
4633,algoQD,46,171,0.9999719053506851,5.689422740135342
4634,algoQD,46,171,0.9999719053506851,5.8934491579420865
4635,algoQD,46,172,0.9999719053506851,5.347779378760606
4636,algoQD,46,172,0.9999719053506851,4.961661030072719
4637,algoQD,46,172,0.9999719053506851,5.346510661765933
4638,algoQD,46,172,0.9999719053506851,5.34845428308472
4639,algoQD,46,172,0.9999719053506851,4.942303697112948
4640,algoQD,46,172,0.9999719053506851,4.597043564077467
4641,algoQD,46,172,0.9999719053506851,4.967814802657813
4642,algoQD,46,172,0.9999719053506851,4.784729303326458
4643,algoQD,46,172,0.9999719053506851,5.314543521031737
4644,algoQD,46,172,0.9999719053506851,5.187450292985886
4645,algoQD,46,172,0.9999719053506851,5.631609291769564
4646,algoQD,46,172,0.9999719053506851,4.889111328870058
4647,algoQD,46,172,0.9999719053506851,5.0822902880609035
4648,algoQD,46,172,0.9999719053506851,5.496760840062052
4649,algoQD,46,172,0.9999719053506851,5.329697935841978
4650,algoQD,46,172,0.9999719053506851,5.006298428867012
4651,algoQD,46,172,0.9999719053506851,5.8956696768291295
4652,algoQD,46,172,0.9999719053506851,5.140312645118684
4653,algoQD,46,172,0.9999719053506851,5.729081959929317
4654,algoQD,46,172,0.9999719053506851,5.047465727198869
4655,algoQD,46,172,0.9999719053506851,5.7555364379659295
4656,algoQD,46,172,0.9999719053506851,5.35687419725582
4657,algoQD,46,172,0.9999719053506851,5.724038231186569
4658,algoQD,46,172,0.9999719053506851,6.101005878765136
4659,algoQD,46,172,0.9999719053506851,5.05646251514554
4660,algoQD,46,172,0.9999719053506851,5.117885706946254
4661,algoQD,46,172,0.9999719053506851,5.992158587090671
4662,algoQD,46,172,0.9999719053506851,5.134432523045689
4663,algoQD,46,172,0.9999719053506851,5.169444189872593
4664,algoQD,46,172,0.9999719053506851,6.178183318115771
4665,algoQD,46,172,0.9999719053506851,6.192653920967132
4666,algoQD,46,172,0.9999719053506851,5.943005840294063
4667,algoQD,46,172,0.9999719053506851,5.997559390030801
4668,algoQD,46,172,0.9999719053506851,5.439151084050536
4669,algoQD,46,172,0.9999719053506851,5.26137375459075
4670,algoQD,46,172,0.9999719053506851,5.464558923151344
4671,algoQD,46,172,0.9999719053506851,5.312416854314506
4672,algoQD,46,172,0.9999719053506851,4.991462265141308
4673,algoQD,46,172,0.9999719053506851,4.978108271025121
4674,algoQD,46,172,0.9999719053506851,5.902338816784322
4675,algoQD,46,172,0.9999719053506851,5.00242193415761
4676,algoQD,46,172,0.9999719053506851,5.895506928674877
4677,algoQD,46,172,0.9999719053506851,5.599149577785283
4678,algoQD,46,172,0.9999719053506851,6.102206306997687
4679,algoQD,46,172,0.9999719053506851,5.381078721955419
4680,algoQD,46,172,0.9999719053506851,5.410836662165821
4681,algoQD,46,172,0.9999719053506851,5.8944466058164835
4682,algoQD,46,172,0.9999719053506851,5.881093513220549
4683,algoQD,46,172,0.9999719053506851,6.155970194842666
4684,algoQD,46,172,0.9999719053506851,6.116552192252129
4685,algoQD,46,172,0.9999719053506851,6.064742385875434
4686,algoQD,46,172,0.9999719053506851,6.2393857217393816
4687,algoQD,46,172,0.9999719053506851,5.885649904143065
4688,algoQD,46,172,0.9999719053506851,5.584853834938258
4689,algoQD,46,172,0.9999719053506851,5.2927820617333055
4690,algoQD,46,172,0.9999719053506851,5.99124685395509
4691,algoQD,46,172,0.9999719053506851,5.875811554025859
4692,algoQD,46,172,0.9999719053506851,5.261371091008186
4693,algoQD,46,172,0.9999719053506851,6.031689312309027
4694,algoQD,46,172,0.9999719053506851,5.0789395570755005
4695,algoQD,46,172,0.9999719053506851,6.007883018814027
4696,algoQD,46,173,0.9999719053506851,4.809791008941829
4697,algoQD,46,173,0.9999719053506851,5.488427633885294
4698,algoQD,46,173,0.9999719053506851,5.204828680027276
4699,algoQD,46,173,0.9999719053506851,4.897501381114125
4700,algoQD,47,173,0.9999719053506851,4.894328527152538
4701,algoQD,47,173,0.9999719053506851,4.809037474915385
4702,algoQD,47,173,0.9999719053506851,5.066471106838435
4703,algoQD,47,173,0.9999719053506851,5.03649181034416
4704,algoQD,47,173,0.9999719053506851,5.641322996933013
4705,algoQD,47,173,0.9999719053506851,5.058414494153112
4706,algoQD,47,173,0.9999719053506851,4.947542937938124
4707,algoQD,47,173,0.9999719053506851,6.1477010399103165
4708,algoQD,47,173,0.9999719053506851,5.28844492835924
4709,algoQD,47,173,0.9999719053506851,5.533529015723616
4710,algoQD,47,173,0.9999719053506851,5.0681761698797345
4711,algoQD,47,173,0.9999719053506851,5.3863196056336164
4712,algoQD,47,173,0.9999719053506851,6.32538847764954
4713,algoQD,47,173,0.9999719053506851,4.7875605542212725
4714,algoQD,47,173,0.9999719053506851,5.248591051902622
4715,algoQD,47,173,0.9999719053506851,5.719390398822725
4716,algoQD,47,173,0.9999719053506851,5.103823587298393
4717,algoQD,47,173,0.9999719053506851,5.896128815133125
4718,algoQD,47,173,0.9999719053506851,5.161664931103587
4719,algoQD,47,173,0.9999719053506851,5.77560101961717
4720,algoQD,47,173,0.9999719053506851,6.049685206264257
4721,algoQD,47,173,0.9999719053506851,5.209752235095948
4722,algoQD,47,173,0.9999719053506851,6.142001831904054
4723,algoQD,47,173,0.9999719053506851,5.391431204043329
4724,algoQD,47,173,0.9999719053506851,5.627908378839493
4725,algoQD,47,173,0.9999719053506851,5.156295365188271
4726,algoQD,47,173,0.9999719053506851,5.065796843729913
4727,algoQD,47,173,0.9999719053506851,5.5198217430152
4728,algoQD,47,173,0.9999719053506851,7.094802682287991
4729,algoQD,47,173,0.9999719053506851,6.2320992150343955
4730,algoQD,47,173,0.9999719053506851,5.48663175990805
4731,algoQD,47,173,0.9999719053506851,6.293683592230082
4732,algoQD,47,173,0.9999719053506851,5.446101595647633
4733,algoQD,47,173,0.9999719053506851,5.27227600524202
4734,algoQD,47,173,0.9999719053506851,5.633365911431611
4735,algoQD,47,173,0.9999719053506851,5.4285390712320805
4736,algoQD,47,173,0.9999719053506851,6.205314784776419
4737,algoQD,47,173,0.9999719053506851,6.574216692242771
4738,algoQD,47,173,0.9999719053506851,5.711227254010737
4739,algoQD,47,173,0.9999719053506851,5.440042758826166
4740,algoQD,47,173,0.9999719053506851,5.891249984037131
4741,algoQD,47,173,0.9999719053506851,5.723210306838155
4742,algoQD,47,173,0.9999719053506851,5.545611976180226
4743,algoQD,47,173,0.9999719053506851,6.7555400100536644
4744,algoQD,47,173,0.9999719053506851,6.240365635138005
4745,algoQD,47,173,0.9999719053506851,6.30838168412447
4746,algoQD,47,173,0.9999719053506851,5.470487194135785
4747,algoQD,47,173,0.9999719053506851,5.05707120615989
4748,algoQD,47,173,0.9999719053506851,5.4127641948871315
4749,algoQD,47,173,0.9999719053506851,6.292164660990238
4750,algoQD,47,173,0.9999719053506851,5.099274070002139
4751,algoQD,47,173,0.9999719053506851,5.179985356982797
4752,algoQD,47,173,0.9999719053506851,6.297687387093902
4753,algoQD,47,173,0.9999719053506851,5.066737720742822
4754,algoQD,47,173,0.9999719053506851,6.078387058805674
4755,algoQD,47,173,0.9999719053506851,5.038028594106436
4756,algoQD,47,173,0.9999719053506851,5.228007920086384
4757,algoQD,47,173,0.9999719053506851,5.514519345015287
4758,algoQD,47,173,0.9999719053506851,5.855326726101339
4759,algoQD,47,173,0.9999719053506851,5.060470819007605
4760,algoQD,47,173,0.9999719053506851,5.921547123230994
4761,algoQD,47,173,0.9999719053506851,5.317726695910096
4762,algoQD,47,173,0.9999719053506851,5.913594125770032
4763,algoQD,47,173,0.9999719053506851,6.432172402739525
4764,algoQD,47,173,0.9999719053506851,6.184045163914561
4765,algoQD,47,173,0.9999719053506851,6.192748779896647
4766,algoQD,47,173,0.9999719053506851,5.1217178092338145
4767,algoQD,47,173,0.9999719053506851,4.8582060118205845
4768,algoQD,47,173,0.9999719053506851,5.273439332842827
4769,algoQD,47,173,0.9999719053506851,5.459356471896172
4770,algoQD,47,173,0.9999719053506851,5.868948002811521
4771,algoQD,47,173,0.9999719053506851,5.813393071293831
4772,algoQD,47,173,0.9999719053506851,5.253710045013577
4773,algoQD,47,173,0.9999719053506851,5.997611147817224
4774,algoQD,47,173,0.9999719053506851,5.366957489866763
4775,algoQD,47,173,0.9999719053506851,5.508258736226708
4776,algoQD,47,173,0.9999719053506851,6.261753648053855
4777,algoQD,47,173,0.9999719053506851,5.190833305940032
4778,algoQD,47,173,0.9999719053506851,5.706704829353839
4779,algoQD,47,173,0.9999719053506851,5.174844603985548
4780,algoQD,47,173,0.9999719053506851,4.945673133712262
4781,algoQD,47,173,0.9999719053506851,6.224402772728354
4782,algoQD,47,173,0.9999719053506851,5.762363648973405
4783,algoQD,47,173,0.9999719053506851,5.4789115018211305
4784,algoQD,47,173,0.9999719053506851,6.43835754878819
4785,algoQD,47,173,0.9999719053506851,5.234398974105716
4786,algoQD,47,173,0.9999719053506851,5.465474301949143
4787,algoQD,47,173,0.9999719053506851,6.126115913968533
4788,algoQD,47,173,0.9999719053506851,6.684946430847049
4789,algoQD,47,173,0.9999719053506851,5.425026844255626
4790,algoQD,47,173,0.9999719053506851,5.567753212992102
4791,algoQD,47,173,0.9999719053506851,6.682441467419267
4792,algoQD,47,173,0.9999719053506851,6.701552637852728
4793,algoQD,47,173,0.9999719053506851,6.35997807700187
4794,algoQD,47,173,0.9999719053506851,5.4918263563886285
4795,algoQD,47,173,0.9999719053506851,5.772763710003346
4796,algoQD,47,173,0.9999719053506851,6.293370910920203
4797,algoQD,47,173,0.9999719053506851,5.466096427757293
4798,algoQD,47,173,0.9999719053506851,6.0140293831937015
4799,algoQD,47,173,0.9999719053506851,6.341717503033578
4800,algoQD,48,173,0.9999719053506851,6.468638346064836
4801,algoQD,48,173,0.9999719053506851,5.5284229358658195
4802,algoQD,48,173,0.9999719053506851,6.164975229650736
4803,algoQD,48,173,0.9999719053506851,6.107525636907667
4804,algoQD,48,173,0.9999719053506851,5.317551655229181
4805,algoQD,48,173,0.9999719053506851,5.441781242843717
4806,algoQD,48,173,0.9999719053506851,6.894837990868837
4807,algoQD,48,173,0.9999719053506851,6.441075485665351
4808,algoQD,48,173,0.9999719053506851,5.420316064264625
4809,algoQD,48,173,0.9999719053506851,5.394411176908761
4810,algoQD,48,173,0.9999719053506851,5.361725373659283
4811,algoQD,48,173,0.9999719053506851,6.526380133349448
4812,algoQD,48,173,0.9999719053506851,6.063930891919881
4813,algoQD,48,173,0.9999719053506851,5.036691016983241
4814,algoQD,48,173,0.9999719053506851,5.675647784024477
4815,algoQD,48,173,0.9999719053506851,5.304014176130295
4816,algoQD,48,173,0.9999719053506851,4.889346583280712
4817,algoQD,48,173,0.9999719053506851,5.6175105520524085
4818,algoQD,48,173,0.9999719053506851,6.043331429827958
4819,algoQD,48,173,0.9999719053506851,5.242937880102545
4820,algoQD,48,173,0.9999719053506851,4.921486793085933
4821,algoQD,48,173,0.9999719053506851,5.927105808164924
4822,algoQD,48,173,0.9999719053506851,5.240928387269378
4823,algoQD,48,173,0.9999719053506851,5.772340257186443
4824,algoQD,48,173,0.9999719053506851,5.791809955146164
4825,algoQD,48,173,0.9999719053506851,5.868982315994799
4826,algoQD,48,173,0.9999719053506851,6.181096161250025
4827,algoQD,48,173,0.9999719053506851,5.268312599975616
4828,algoQD,48,173,0.9999719053506851,5.079627248924226
4829,algoQD,48,173,0.9999719053506851,5.38565811002627
4830,algoQD,48,173,0.9999719053506851,5.843673944938928
4831,algoQD,48,173,0.9999719053506851,5.553023976739496
4832,algoQD,48,173,0.9999719053506851,5.753407591953874
4833,algoQD,48,173,0.9999719053506851,5.791101496201009
4834,algoQD,48,173,0.9999719053506851,4.807956174015999
4835,algoQD,48,173,0.9999719053506851,6.600986927282065
4836,algoQD,48,173,0.9999719053506851,5.334179739933461
4837,algoQD,48,173,0.9999719053506851,5.919475976843387
4838,algoQD,48,173,0.9999719053506851,6.399379608221352
4839,algoQD,48,173,0.9999719053506851,5.745451306924224
4840,algoQD,48,173,0.9999719053506851,5.679931784979999
4841,algoQD,48,173,0.9999719053506851,5.978590606246144
4842,algoQD,48,173,0.9999719053506851,6.454849490895867
4843,algoQD,48,173,0.9999719053506851,6.379937942139804
4844,algoQD,48,173,0.9999719053506851,5.586954379919916
4845,algoQD,48,173,0.9999719053506851,5.698273863643408
4846,algoQD,48,173,0.9999719053506851,5.520721520762891
4847,algoQD,48,173,0.9999719053506851,5.711610904894769
4848,algoQD,48,173,0.9999719053506851,5.882508574053645
4849,algoQD,48,173,0.9999719053506851,5.44132645893842
4850,algoQD,48,173,0.9999719053506851,5.471639066003263
4851,algoQD,48,173,0.9999719053506851,5.462117293849587
4852,algoQD,48,173,0.9999719053506851,6.328666581772268
4853,algoQD,48,173,0.9999719053506851,6.474248335696757
4854,algoQD,48,173,0.9999719053506851,5.477819935418665
4855,algoQD,48,173,0.9999719053506851,5.494642722886056
4856,algoQD,48,173,0.9999719053506851,5.784238087944686
4857,algoQD,48,173,0.9999719053506851,5.144073475152254
4858,algoQD,48,173,0.9999719053506851,5.58625288400799
4859,algoQD,48,173,0.9999719053506851,5.858187208883464
4860,algoQD,48,173,0.9999719053506851,6.28264997061342
4861,algoQD,48,173,0.9999719053506851,5.195410849992186
4862,algoQD,48,173,0.9999719053506851,6.387799707707018
4863,algoQD,48,173,0.9999719053506851,5.6825296939350665
4864,algoQD,48,173,0.9999719053506851,5.419394789263606
4865,algoQD,48,173,0.9999719053506851,6.209538183175027
4866,algoQD,48,173,0.9999719053506851,5.2480788179673254
4867,algoQD,48,173,0.9999719053506851,6.0193718848749995
4868,algoQD,48,173,0.9999719053506851,6.347204862162471
4869,algoQD,48,173,0.9999719053506851,5.338195236865431
4870,algoQD,48,173,0.9999719053506851,6.058140318840742
4871,algoQD,48,173,0.9999719053506851,5.0841287756338716
4872,algoQD,48,173,0.9999719053506851,5.660579819232225
4873,algoQD,48,173,0.9999719053506851,5.693429009988904
4874,algoQD,48,173,0.9999719053506851,5.963192720897496
4875,algoQD,48,173,0.9999719053506851,6.285484596621245
4876,algoQD,48,173,0.9999719053506851,6.248224483337253
4877,algoQD,48,173,0.9999719053506851,5.856611509807408
4878,algoQD,48,173,0.9999719053506851,5.252765113022178
4879,algoQD,48,173,0.9999719053506851,5.462989892810583
4880,algoQD,48,173,0.9999719053506851,4.917774902656674
4881,algoQD,48,173,0.9999719053506851,5.718787536025047
4882,algoQD,48,173,0.9999719053506851,5.307124698068947
4883,algoQD,48,173,0.9999719053506851,6.151325699873269
4884,algoQD,48,173,0.9999719053506851,4.861894512083381
4885,algoQD,48,173,0.9999719053506851,5.028488111216575
4886,algoQD,48,173,0.9999719053506851,5.646243500057608
4887,algoQD,48,173,0.9999719053506851,6.058310721069574
4888,algoQD,48,173,0.9999719053506851,5.193129637744278
4889,algoQD,48,173,0.9999719053506851,5.806776454672217
4890,algoQD,48,173,0.9999719053506851,5.30474205641076
4891,algoQD,48,173,0.9999719053506851,5.920706501696259
4892,algoQD,48,174,0.9999719053506851,6.373005692847073
4893,algoQD,48,174,0.9999719053506851,5.081625386141241
4894,algoQD,48,174,0.9999719053506851,5.494869872462004
4895,algoQD,48,174,0.9999719053506851,5.788763748947531
4896,algoQD,48,174,0.9999719053506851,5.121963897719979
4897,algoQD,48,174,0.9999719053506851,4.990987712051719
4898,algoQD,48,174,0.9999719053506851,6.116218112409115
4899,algoQD,48,174,0.9999719053506851,5.6269750208593905
4900,algoQD,49,174,0.9999719053506851,4.899958427995443
4901,algoQD,49,174,0.9999719053506851,6.1361289718188345
4902,algoQD,49,174,0.9999719053506851,6.1170878750272095
4903,algoQD,49,174,0.9999719053506851,5.085031672380865
4904,algoQD,49,174,0.9999719053506851,5.0066343462094665
4905,algoQD,49,174,0.9999719053506851,5.936602168250829
4906,algoQD,49,174,0.9999719053506851,5.027354918885976
4907,algoQD,49,174,0.9999719053506851,6.395279149990529
4908,algoQD,49,174,0.9999719053506851,5.682321241125464
4909,algoQD,49,174,0.9999719053506851,5.099455818999559
4910,algoQD,49,174,0.9999719053506851,5.509365241974592
4911,algoQD,49,174,0.9999719053506851,5.189576123841107
4912,algoQD,49,174,0.9999719053506851,5.800984621047974
4913,algoQD,49,174,0.9999719053506851,5.457964445929974
4914,algoQD,49,174,0.9999719053506851,5.481625807005912
4915,algoQD,49,174,0.9999719053506851,5.230874881148338
4916,algoQD,49,174,0.9999719053506851,4.800964812748134
4917,algoQD,49,174,0.9999719053506851,5.759058881085366
4918,algoQD,49,174,0.9999719053506851,5.951704213395715
4919,algoQD,49,174,0.9999719053506851,5.92928365804255
4920,algoQD,49,174,0.9999719053506851,5.3362748879007995
4921,algoQD,49,174,0.9999719053506851,5.436470693908632
4922,algoQD,49,174,0.9999719053506851,5.257483649067581
4923,algoQD,49,174,0.9999719053506851,6.146216484252363
4924,algoQD,49,174,0.9999719053506851,5.491980270948261
4925,algoQD,49,174,0.9999719053506851,5.308396411128342
4926,algoQD,49,174,0.9999719053506851,5.151832756120712
4927,algoQD,49,174,0.9999719053506851,6.383826530072838
4928,algoQD,49,174,0.9999719053506851,6.292481568176299
4929,algoQD,49,174,0.9999719053506851,5.735668423119932
4930,algoQD,49,174,0.9999719053506851,5.174981787800789
4931,algoQD,49,174,0.9999719053506851,5.473632633220404
4932,algoQD,49,174,0.9999719053506851,5.5830350844189525
4933,algoQD,49,174,0.9999719053506851,5.762007873039693
4934,algoQD,49,174,0.9999719053506851,6.076637220103294
4935,algoQD,49,174,0.9999719053506851,6.185406336095184
4936,algoQD,49,174,0.9999719053506851,5.2514785109087825
4937,algoQD,49,174,0.9999719053506851,5.452702334150672
4938,algoQD,49,174,0.9999719053506851,5.022498844191432
4939,algoQD,49,174,0.9999719053506851,5.326027696020901
4940,algoQD,49,174,0.9999719053506851,6.271244079805911
4941,algoQD,49,174,0.9999719053506851,6.315892175305635
4942,algoQD,49,174,0.9999719053506851,5.524105184245855
4943,algoQD,49,174,0.9999719053506851,5.967302495613694
4944,algoQD,49,174,0.9999719053506851,5.301992490887642
4945,algoQD,49,174,0.9999719053506851,5.122542099561542
4946,algoQD,49,174,0.9999719053506851,5.598945508245379
4947,algoQD,49,174,0.9999719053506851,5.428218181245029
4948,algoQD,49,174,0.9999719053506851,5.895420031156391
4949,algoQD,49,174,0.9999719053506851,6.495576186105609
4950,algoQD,49,174,0.9999719053506851,6.2610012060031295
4951,algoQD,49,174,0.9999719053506851,4.769409779459238
4952,algoQD,49,174,0.9999719053506851,6.2945621390827
4953,algoQD,49,174,0.9999719053506851,6.250931778922677
4954,algoQD,49,174,0.9999719053506851,6.170392225962132
4955,algoQD,49,174,0.9999719053506851,6.230567197781056
4956,algoQD,49,174,0.9999719053506851,5.456870310008526
4957,algoQD,49,174,0.9999719053506851,5.736489894799888
4958,algoQD,49,174,0.9999719053506851,5.390052964910865
4959,algoQD,49,174,0.9999719053506851,5.333434471860528
4960,algoQD,49,174,0.9999719053506851,5.122628413140774
4961,algoQD,49,174,0.9999719053506851,6.48729155305773
4962,algoQD,49,174,0.9999719053506851,5.857486343942583
4963,algoQD,49,174,0.9999719053506851,5.351874684914947
4964,algoQD,49,174,0.9999719053506851,5.605754013638943
4965,algoQD,49,174,0.9999719053506851,5.636319187004119
4966,algoQD,49,174,0.9999719053506851,5.489594713784754
4967,algoQD,49,174,0.9999719053506851,5.161288993898779
4968,algoQD,49,174,0.9999719053506851,5.605032808613032
4969,algoQD,49,174,0.9999719053506851,6.19322287524119
4970,algoQD,49,174,0.9999719053506851,6.314928724896163
4971,algoQD,49,174,0.9999719053506851,6.739008894190192
4972,algoQD,49,174,0.9999719053506851,6.2504640449769795
4973,algoQD,49,174,0.9999719053506851,5.7842540689744055
4974,algoQD,49,174,0.9999719053506851,5.606790833175182
4975,algoQD,49,174,0.9999719053506851,6.050144140142947
4976,algoQD,49,174,0.9999719053506851,5.88946238392964
4977,algoQD,49,175,0.9999719053506851,6.3715255269780755
4978,algoQD,49,175,0.9999719053506851,5.358748411759734
4979,algoQD,49,175,0.9999719053506851,5.387476996984333
4980,algoQD,49,175,0.9999719053506851,5.3100735689513385
4981,algoQD,49,175,0.9999719053506851,6.360478362068534
4982,algoQD,49,175,0.9999719053506851,5.7878813510760665
4983,algoQD,49,175,0.9999719053506851,5.658102799206972
4984,algoQD,49,175,0.9999719053506851,6.412323397118598
4985,algoQD,49,175,0.9999719053506851,4.976886305958033
4986,algoQD,49,175,0.9999719053506851,5.839758124668151
4987,algoQD,49,175,0.9999719053506851,5.429115856066346
4988,algoQD,49,175,0.9999719053506851,5.213179374113679
4989,algoQD,49,175,0.9999719053506851,5.301442672032863
4990,algoQD,49,175,0.9999719053506851,5.409718323964626
4991,algoQD,49,175,0.9999719053506851,5.472192250657827
4992,algoQD,49,175,0.9999719053506851,5.165677526965737
4993,algoQD,49,175,0.9999719053506851,5.060014449991286
4994,algoQD,49,175,0.9999719053506851,5.901064326055348
4995,algoQD,49,175,0.9999719053506851,6.047851097770035
4996,algoQD,49,175,0.9999719053506851,5.16609894298017
4997,algoQD,49,175,0.9999719053506851,5.5816562487743795
4998,algoQD,49,175,0.9999719053506851,6.682085576001555
4999,algoQD,49,175,0.9999719053506851,5.229185739066452
5000,algoQD,50,175,0.9999719053506851,5.350581872742623
5001,algoQD,50,175,0.9999719053506851,6.116160272154957
5002,algoQD,50,175,0.9999719053506851,5.990324169863015
5003,algoQD,50,175,0.9999719053506851,6.125571057666093
5004,algoQD,50,175,0.9999719053506851,6.390690085943788
5005,algoQD,50,175,0.9999719053506851,6.157381014898419
5006,algoQD,50,175,0.9999719053506851,6.0606244169175625
5007,algoQD,50,175,0.9999719053506851,6.245399541221559
5008,algoQD,50,175,0.9999719053506851,5.365485002286732
5009,algoQD,50,175,0.9999719053506851,6.5577188059687614
5010,algoQD,50,175,0.9999719053506851,6.451398878823966
5011,algoQD,50,175,0.9999719053506851,5.539489743299782
5012,algoQD,50,175,0.9999719053506851,5.583031376823783
5013,algoQD,50,175,0.9999719053506851,6.092070356011391
5014,algoQD,50,175,0.9999719053506851,5.9149859650060534
5015,algoQD,50,175,0.9999719053506851,6.068709023762494
5016,algoQD,50,175,0.9999719053506851,4.838558884337544
5017,algoQD,50,175,0.9999719053506851,5.201006599701941
5018,algoQD,50,175,0.9999719053506851,4.747453666292131
5019,algoQD,50,175,0.9999719053506851,4.957934530917555
5020,algoQD,50,176,0.9999719053506851,6.0606179451569915
5021,algoQD,50,176,0.9999719053506851,5.082593512255698
5022,algoQD,50,176,0.9999719053506851,6.050445184111595
5023,algoQD,50,176,0.9999719053506851,6.275957131292671
5024,algoQD,50,176,0.9999719053506851,5.257562865968794
5025,algoQD,50,176,0.9999719053506851,6.033472432754934
5026,algoQD,50,176,0.9999719053506851,5.828944695182145
5027,algoQD,50,176,0.9999719053506851,5.08430674765259
5028,algoQD,50,176,0.9999719053506851,5.236619783099741
5029,algoQD,50,176,0.9999719053506851,6.063264494761825
5030,algoQD,50,176,0.9999719053506851,5.846147843170911
5031,algoQD,50,176,0.9999719053506851,6.29200709797442
5032,algoQD,50,176,0.9999719053506851,5.571136111393571
5033,algoQD,50,176,0.9999719053506851,5.863618925213814
5034,algoQD,50,176,0.9999719053506851,5.132108764257282
5035,algoQD,50,176,0.9999719053506851,5.521268294192851
5036,algoQD,50,176,0.9999719053506851,4.975661568343639
5037,algoQD,50,176,0.9999719053506851,5.675608948338777
5038,algoQD,50,176,0.9999719053506851,5.082703168969601
5039,algoQD,50,176,0.9999719053506851,5.306488955859095
5040,algoQD,50,176,0.9999719053506851,5.030522041022778
5041,algoQD,50,176,0.9999719053506851,6.065820956137031
5042,algoQD,50,176,0.9999719053506851,5.327427509240806
5043,algoQD,50,176,0.9999719053506851,5.598349401727319
5044,algoQD,50,176,0.9999719053506851,5.274845634121448
5045,algoQD,50,176,0.9999719053506851,5.21209860779345
5046,algoQD,50,176,0.9999719053506851,5.6556037068367
5047,algoQD,50,176,0.9999719053506851,5.427053620107472
5048,algoQD,50,176,0.9999719053506851,6.2733446336351335
5049,algoQD,50,176,0.9999719053506851,6.091734492685646
5050,algoQD,50,176,0.9999719053506851,5.1534417839720845
5051,algoQD,50,176,0.9999719053506851,6.262366850860417
5052,algoQD,50,176,0.9999719053506851,6.1712953969836235
5053,algoQD,50,176,0.9999719053506851,5.246539507992566
5054,algoQD,50,177,0.9999719053506851,5.008057791739702
5055,algoQD,50,177,0.9999719053506851,5.447902254294604
5056,algoQD,50,177,0.9999719053506851,5.231644763145596
5057,algoQD,50,177,0.9999719053506851,6.451281054876745
5058,algoQD,50,177,0.9999719053506851,6.303394686896354
5059,algoQD,50,177,0.9999719053506851,5.349330877885222
5060,algoQD,50,177,0.9999719053506851,5.783020599745214
5061,algoQD,50,177,0.9999719053506851,5.907433736138046
5062,algoQD,50,177,0.9999719053506851,6.186523352283984
5063,algoQD,50,177,0.9999719053506851,5.0107111860997975
5064,algoQD,50,177,0.9999719053506851,5.006015813909471
5065,algoQD,50,177,0.9999719053506851,5.574924218002707
5066,algoQD,50,177,0.9999719053506851,5.043297199066728
5067,algoQD,50,177,0.9999719053506851,6.085024191997945
5068,algoQD,50,177,0.9999719053506851,5.943528227973729
5069,algoQD,50,177,0.9999719053506851,5.266681766603142
5070,algoQD,50,177,0.9999719053506851,5.584564674645662
5071,algoQD,50,177,0.9999719053506851,5.704023140016943
5072,algoQD,50,177,0.9999719053506851,5.4346938659437
5073,algoQD,50,177,0.9999719053506851,6.071344824042171
5074,algoQD,50,177,0.9999719053506851,5.619695467874408
5075,algoQD,50,177,0.9999719053506851,5.6226818398572505
5076,algoQD,50,177,0.9999719053506851,5.2850174442864954
5077,algoQD,50,177,0.9999719053506851,5.550184541847557
5078,algoQD,50,177,0.9999719053506851,4.770962807815522
5079,algoQD,50,177,0.9999719053506851,5.825090582948178
5080,algoQD,50,177,0.9999719053506851,4.823847706895322
5081,algoQD,50,177,0.9999719053506851,5.115304050967097
5082,algoQD,50,177,0.9999719053506851,5.687200161162764
5083,algoQD,50,177,0.9999719053506851,5.960809612181038
5084,algoQD,50,177,0.9999719053506851,5.0137028601020575
5085,algoQD,50,177,0.9999719053506851,5.700486557092518
5086,algoQD,50,177,0.9999719053506851,5.4379130192101
5087,algoQD,50,177,0.9999719053506851,6.024927317164838
5088,algoQD,50,177,0.9999719053506851,5.52447015279904
5089,algoQD,50,177,0.9999719053506851,6.020843839738518
5090,algoQD,50,177,0.9999719053506851,5.407383893150836
5091,algoQD,50,177,0.9999719053506851,5.661995134782046
5092,algoQD,50,177,0.9999719053506851,6.0173886911943555
5093,algoQD,50,177,0.9999719053506851,5.153311959002167
5094,algoQD,50,177,0.9999719053506851,5.420523080043495
5095,algoQD,50,177,0.9999719053506851,6.0868871519342065
5096,algoQD,50,177,0.9999719053506851,4.93841489776969
5097,algoQD,50,177,0.9999719053506851,5.36447561532259
5098,algoQD,50,177,0.9999719053506851,6.325398133601993
5099,algoQD,50,177,0.9999719053506851,5.155288903973997
5100,algoQD,51,177,0.9999719053506851,5.4994762958958745
5101,algoQD,51,177,0.9999719053506851,5.074030231218785
5102,algoQD,51,177,0.9999719053506851,6.527312402613461
5103,algoQD,51,177,0.9999719053506851,5.505785416811705
5104,algoQD,51,177,0.9999719053506851,5.795527650974691
5105,algoQD,51,177,0.9999719053506851,5.863682394847274
5106,algoQD,51,177,0.9999719053506851,6.331880291923881
5107,algoQD,51,177,0.9999719053506851,6.350029185414314
5108,algoQD,51,177,0.9999719053506851,5.569097188767046
5109,algoQD,51,177,0.9999719053506851,6.373859602957964
5110,algoQD,51,177,0.9999719053506851,5.929202518425882
5111,algoQD,51,177,0.9999719053506851,5.178568463306874
5112,algoQD,51,177,0.9999719053506851,5.484052312094718
5113,algoQD,51,177,0.9999719053506851,6.16468022717163
5114,algoQD,51,177,0.9999719053506851,5.866706257686019
5115,algoQD,51,177,0.9999719053506851,5.4713339996524155
5116,algoQD,51,177,0.9999719053506851,6.0494903489016
5117,algoQD,51,177,0.9999719053506851,5.604722847230732
5118,algoQD,51,177,0.9999719053506851,5.230306654702872
5119,algoQD,51,177,0.9999719053506851,5.4040316878817976
5120,algoQD,51,177,0.9999719053506851,4.971033582929522
5121,algoQD,51,177,0.9999719053506851,6.183750802185386
5122,algoQD,51,177,0.9999719053506851,5.128104207105935
5123,algoQD,51,177,0.9999719053506851,6.186393705196679
5124,algoQD,51,177,0.9999719053506851,5.963837482966483
5125,algoQD,51,177,0.9999719053506851,6.088799886871129
5126,algoQD,51,177,0.9999719053506851,6.360618584323674
5127,algoQD,51,177,0.9999719053506851,5.364661847241223
5128,algoQD,51,177,0.9999719053506851,4.948929105885327
5129,algoQD,51,177,0.9999719053506851,5.704743310343474
5130,algoQD,51,178,0.9999719053506851,6.366663706023246
5131,algoQD,51,178,0.9999719053506851,5.321004984434694
5132,algoQD,51,178,0.9999719053506851,6.219186060130596
5133,algoQD,51,178,0.9999719053506851,6.2659857789985836
5134,algoQD,51,178,0.9999719053506851,6.166575499344617
5135,algoQD,51,179,0.9999719053506851,5.870234755799174
5136,algoQD,51,179,0.9999719053506851,5.394739080220461
5137,algoQD,51,179,0.9999719053506851,5.305478606838733
5138,algoQD,51,179,0.9999719053506851,5.192395970225334
5139,algoQD,51,179,0.9999719053506851,6.0884810741990805
5140,algoQD,51,179,0.9999719053506851,5.149965243879706
5141,algoQD,51,179,0.9999719053506851,6.2307501011528075
5142,algoQD,51,179,0.9999719053506851,6.3002526499331
5143,algoQD,51,179,0.9999719053506851,6.142526424955577
5144,algoQD,51,179,0.9999719053506851,6.076359909959137
5145,algoQD,51,179,0.9999719053506851,6.129739174153656
5146,algoQD,51,179,0.9999719053506851,5.853142668958753
5147,algoQD,51,179,0.9999719053506851,5.061365712899715
5148,algoQD,51,179,0.9999719053506851,5.970482078846544
5149,algoQD,51,179,0.9999719053506851,6.3066071551293135
5150,algoQD,51,179,0.9999719053506851,6.0960171250626445
5151,algoQD,51,179,0.9999719053506851,6.501158551778644
5152,algoQD,51,179,0.9999719053506851,4.9961198549717665
5153,algoQD,51,179,0.9999719053506851,6.070688754785806
5154,algoQD,51,179,0.9999719053506851,5.9651188547722995
5155,algoQD,51,179,0.9999719053506851,6.327394123654813
5156,algoQD,51,179,0.9999719053506851,6.019886059686542
5157,algoQD,51,179,0.9999719053506851,5.149090430699289
5158,algoQD,51,179,0.9999719053506851,5.146245365962386
5159,algoQD,51,179,0.9999719053506851,4.9206793969497085
5160,algoQD,51,179,0.9999719053506851,6.224466736894101
5161,algoQD,51,179,0.9999719053506851,5.839303288143128
5162,algoQD,51,179,0.9999719053506851,5.72260123398155
5163,algoQD,51,179,0.9999719053506851,5.2191067119129
5164,algoQD,51,179,0.9999719053506851,5.1729259309358895
5165,algoQD,51,179,0.9999719053506851,5.926883746869862
5166,algoQD,51,179,0.9999719053506851,5.674482020083815
5167,algoQD,51,179,0.9999719053506851,5.3013332830742
5168,algoQD,51,179,0.9999719053506851,5.1960015231743455
5169,algoQD,51,179,0.9999719053506851,5.882708224002272
5170,algoQD,51,179,0.9999719053506851,4.939337782096118
5171,algoQD,51,179,0.9999719053506851,5.81282753078267
5172,algoQD,51,179,0.9999719053506851,5.326707107946277
5173,algoQD,51,179,0.9999719053506851,5.3342223088257015
5174,algoQD,51,179,0.9999719053506851,6.26596998097375
5175,algoQD,51,179,0.9999719053506851,6.188794262241572
5176,algoQD,51,179,0.9999719053506851,4.6409895261749625
5177,algoQD,51,179,0.9999719053506851,4.917306302115321
5178,algoQD,51,179,0.9999719053506851,5.661871480755508
5179,algoQD,51,179,0.9999719053506851,5.372874374967068
5180,algoQD,51,179,0.9999719053506851,4.968062559142709
5181,algoQD,51,179,0.9999719053506851,5.924241064116359
5182,algoQD,51,179,0.9999719053506851,4.886109984945506
5183,algoQD,51,179,0.9999719053506851,5.137709447182715
5184,algoQD,51,179,0.9999719053506851,4.680546923074871
5185,algoQD,51,179,0.9999719053506851,5.7361776772886515
5186,algoQD,51,179,0.9999719053506851,5.65547832287848
5187,algoQD,51,179,0.9999719053506851,4.89929106971249
5188,algoQD,51,179,0.9999719053506851,5.379262204747647
5189,algoQD,51,179,0.9999719053506851,5.603000751696527
5190,algoQD,51,179,0.9999719053506851,4.842245246749371
5191,algoQD,51,179,0.9999719053506851,5.5827069049701095
5192,algoQD,51,179,0.9999719053506851,5.0457518538460135
5193,algoQD,51,179,0.9999719053506851,5.670373569242656
5194,algoQD,51,179,0.9999719053506851,4.759008943103254
5195,algoQD,51,179,0.9999719053506851,5.085350568871945
5196,algoQD,51,179,0.9999719053506851,5.057546761352569
5197,algoQD,51,179,0.9999719053506851,5.659998694900423
5198,algoQD,51,179,0.9999719053506851,5.640268041752279
5199,algoQD,51,179,0.9999719053506851,5.794334276113659
5200,algoQD,52,179,0.9999719053506851,5.926849938929081
5201,algoQD,52,179,0.9999719053506851,6.080132711213082
5202,algoQD,52,179,0.9999719053506851,5.75255193375051
5203,algoQD,52,179,0.9999719053506851,5.630210768897086
5204,algoQD,52,179,0.9999719053506851,5.246454912237823
5205,algoQD,52,179,0.9999719053506851,5.004712756257504
5206,algoQD,52,179,0.9999719053506851,5.859307640232146
5207,algoQD,52,179,0.9999719053506851,4.97716902801767
5208,algoQD,52,179,0.9999719053506851,5.957636171020567
5209,algoQD,52,179,0.9999719053506851,5.1523020612075925
5210,algoQD,52,179,0.9999719053506851,5.570855199825019
5211,algoQD,52,179,0.9999719053506851,5.135692324023694
5212,algoQD,52,179,0.9999719053506851,4.972746221814305
5213,algoQD,52,179,0.9999719053506851,5.0352629320696
5214,algoQD,52,179,0.9999719053506851,6.309302971698344
5215,algoQD,52,179,0.9999719053506851,5.619058563839644
5216,algoQD,52,179,0.9999719053506851,6.154902956914157
5217,algoQD,52,179,0.9999719053506851,5.002322218380868
5218,algoQD,52,179,0.9999719053506851,5.931602348107845
5219,algoQD,52,179,0.9999719053506851,4.868984933942556
5220,algoQD,52,180,0.9999719053506851,6.156738325022161
5221,algoQD,52,181,0.9999719053506851,5.819827497005463
5222,algoQD,52,181,0.9999719053506851,5.244152040686458
5223,algoQD,52,181,0.9999719053506851,5.1435556430369616
5224,algoQD,52,181,0.9999719053506851,5.464780360925943
5225,algoQD,52,181,0.9999719053506851,5.256650547962636
5226,algoQD,52,181,0.9999719053506851,5.45802312111482
5227,algoQD,52,182,0.9999719053506851,6.564951304811984
5228,algoQD,52,182,0.9999719053506851,5.644991607870907
5229,algoQD,52,182,0.9999719053506851,5.203284956980497
5230,algoQD,52,182,0.9999719053506851,6.38782798172906
5231,algoQD,52,182,0.9999719053506851,6.4192332662642
5232,algoQD,52,182,0.9999719053506851,6.916168546304107
5233,algoQD,52,182,0.9999719053506851,6.168601212091744
5234,algoQD,52,182,0.9999719053506851,6.379266525153071
5235,algoQD,52,182,0.9999719053506851,5.537235983181745
5236,algoQD,52,182,0.9999719053506851,5.195837405975908
5237,algoQD,52,182,0.9999719053506851,5.542248695157468
5238,algoQD,52,182,0.9999719053506851,5.8727311552502215
5239,algoQD,52,182,0.9999719053506851,5.972990735899657
5240,algoQD,52,182,0.9999719053506851,5.814437514171004
5241,algoQD,52,183,0.9999719053506851,6.024452018085867
5242,algoQD,52,184,0.9999719053506851,6.290756196249276
5243,algoQD,52,184,0.9999719053506851,5.652953853365034
5244,algoQD,52,184,0.9999719053506851,5.624542256817222
5245,algoQD,52,184,0.9999719053506851,5.316396133042872
5246,algoQD,52,184,0.9999719053506851,5.553491680882871
5247,algoQD,52,184,0.9999719053506851,5.780835126992315
5248,algoQD,52,184,0.9999719053506851,5.93662322498858
5249,algoQD,52,184,0.9999719053506851,6.020470262970775
5250,algoQD,52,184,0.9999719053506851,5.629376330878586
5251,algoQD,52,184,0.9999719053506851,5.491070497781038
5252,algoQD,52,184,0.9999719053506851,5.397545923944563
5253,algoQD,52,184,0.9999719053506851,5.34498085686937
5254,algoQD,52,184,0.9999719053506851,6.341067675035447
5255,algoQD,52,184,0.9999719053506851,5.483556349761784
5256,algoQD,52,184,0.9999719053506851,5.984984438866377
5257,algoQD,52,184,0.9999719053506851,4.9123235060833395
5258,algoQD,52,184,0.9999719053506851,6.0862778541632
5259,algoQD,52,184,0.9999719053506851,6.421037314925343
5260,algoQD,52,184,0.9999719053506851,6.007972828112543
5261,algoQD,52,184,0.9999719053506851,5.503107303287834
5262,algoQD,52,184,0.9999719053506851,5.588136944919825
5263,algoQD,52,184,0.9999719053506851,5.959238118957728
5264,algoQD,52,184,0.9999719053506851,5.6173710357397795
5265,algoQD,52,184,0.9999719053506851,6.494153866078705
5266,algoQD,52,184,0.9999719053506851,5.552867851220071
5267,algoQD,52,184,0.9999719053506851,6.587065604049712
5268,algoQD,52,184,0.9999719053506851,5.335284513887018
5269,algoQD,52,184,0.9999719053506851,6.246054048184305
5270,algoQD,52,184,0.9999719053506851,6.681087837088853
5271,algoQD,52,184,0.9999719053506851,5.7732674879953265
5272,algoQD,52,184,0.9999719053506851,6.160592646803707
5273,algoQD,52,184,0.9999719053506851,6.560912733897567
5274,algoQD,52,184,0.9999719053506851,6.52770835114643
5275,algoQD,52,184,0.9999719053506851,5.630418130196631
5276,algoQD,52,184,0.9999719053506851,4.888195152860135
5277,algoQD,52,184,0.9999719053506851,5.338287499733269
5278,algoQD,52,184,0.9999719053506851,6.648702330887318
5279,algoQD,52,184,0.9999719053506851,5.740903331898153
5280,algoQD,52,184,0.9999719053506851,5.050963922869414
5281,algoQD,52,184,0.9999719053506851,6.2132518738508224
5282,algoQD,52,184,0.9999719053506851,5.307943801861256
5283,algoQD,52,184,0.9999719053506851,5.137841696385294
5284,algoQD,52,184,0.9999719053506851,5.580630240030587
5285,algoQD,52,184,0.9999719053506851,5.304560048040003
5286,algoQD,52,184,0.9999719053506851,6.279565048869699
5287,algoQD,52,184,0.9999719053506851,5.482837760820985
5288,algoQD,52,184,0.9999719053506851,5.469354273751378
5289,algoQD,52,184,0.9999719053506851,5.809986472129822
5290,algoQD,52,184,0.9999719053506851,5.704491538926959
5291,algoQD,52,184,0.9999719053506851,5.175184198189527
5292,algoQD,52,184,0.9999719053506851,6.187763229943812
5293,algoQD,52,184,0.9999719053506851,5.879349851049483
5294,algoQD,52,184,0.9999719053506851,5.379719960037619
5295,algoQD,52,184,0.9999719053506851,5.496251517906785
5296,algoQD,52,184,0.9999719053506851,5.882173577323556
5297,algoQD,52,184,0.9999719053506851,6.225966108031571
5298,algoQD,52,184,0.9999719053506851,5.45442827930674
5299,algoQD,52,184,0.9999719053506851,5.880312740802765
5300,algoQD,53,184,0.9999719053506851,5.768170867115259
5301,algoQD,53,184,0.9999719053506851,4.970738407690078
5302,algoQD,53,184,0.9999719053506851,5.253884822130203
5303,algoQD,53,184,0.9999719053506851,5.228413782082498
5304,algoQD,53,184,0.9999719053506851,5.943604305852205
5305,algoQD,53,184,0.9999719053506851,5.279724637977779
5306,algoQD,53,184,0.9999719053506851,4.821871988940984
5307,algoQD,53,184,0.9999719053506851,5.331022601108998
5308,algoQD,53,184,0.9999719053506851,5.716839541681111
5309,algoQD,53,184,0.9999719053506851,5.092927024699748
5310,algoQD,53,184,0.9999719053506851,5.057266009040177
5311,algoQD,53,184,0.9999719053506851,5.570778635330498
5312,algoQD,53,184,0.9999719053506851,4.887458100914955
5313,algoQD,53,184,0.9999719053506851,4.769700516015291
5314,algoQD,53,184,0.9999719053506851,5.909956957213581
5315,algoQD,53,184,0.9999719053506851,5.144936784170568
5316,algoQD,53,184,0.9999719053506851,5.110937359277159
5317,algoQD,53,184,0.9999719053506851,4.708731989841908
5318,algoQD,53,185,0.9999719053506851,5.376053392421454
5319,algoQD,53,185,0.9999719053506851,4.546718378085643
5320,algoQD,53,185,0.9999719053506851,4.881907611619681
5321,algoQD,53,185,0.9999719053506851,5.3477040021680295
5322,algoQD,53,185,0.9999719053506851,5.517052794806659
5323,algoQD,53,185,0.9999719053506851,5.932269349228591
5324,algoQD,53,185,0.9999719053506851,5.278519370127469
5325,algoQD,53,185,0.9999719053506851,4.738469271920621
5326,algoQD,53,185,0.9999719053506851,5.329013244714588
5327,algoQD,53,185,0.9999719053506851,5.706993266008794
5328,algoQD,53,185,0.9999719053506851,5.024097805842757
5329,algoQD,53,185,0.9999719053506851,5.210434036329389
5330,algoQD,53,185,0.9999719053506851,5.450069533195347
5331,algoQD,53,185,0.9999719053506851,5.782785043120384
5332,algoQD,53,185,0.9999719053506851,6.166013853158802
5333,algoQD,53,185,0.9999719053506851,5.246872361749411
5334,algoQD,53,185,0.9999719053506851,5.914400964975357
5335,algoQD,53,185,0.9999719053506851,5.411152014043182
5336,algoQD,53,185,0.9999719053506851,6.298413094133139
5337,algoQD,53,185,0.9999719053506851,4.955836679320782
5338,algoQD,53,185,0.9999719053506851,5.34371369285509
5339,algoQD,53,185,0.9999719053506851,6.408108685165644
5340,algoQD,53,185,0.9999719053506851,6.008670826908201
5341,algoQD,53,185,0.9999719053506851,6.053552354220301
5342,algoQD,53,185,0.9999719053506851,6.18066522711888
5343,algoQD,53,185,0.9999719053506851,6.032832643948495
5344,algoQD,53,185,0.9999719053506851,5.186922047752887
5345,algoQD,53,185,0.9999719053506851,5.2638795976527035
5346,algoQD,53,185,0.9999719053506851,5.6287828190252185
5347,algoQD,53,185,0.9999719053506851,6.100999011192471
5348,algoQD,53,185,0.9999719053506851,5.633103874977678
5349,algoQD,53,185,0.9999719053506851,5.52812301274389
5350,algoQD,53,185,0.9999719053506851,4.937283270992339
5351,algoQD,53,185,0.9999719053506851,5.024470800068229
5352,algoQD,53,185,0.9999719053506851,6.055979230906814
5353,algoQD,53,185,0.9999719053506851,5.034565725829452
5354,algoQD,53,185,0.9999719053506851,5.43938695685938
5355,algoQD,53,185,0.9999719053506851,5.292012938298285
5356,algoQD,53,185,0.9999719053506851,5.378102323040366
5357,algoQD,53,185,0.9999719053506851,5.305712584871799
5358,algoQD,53,185,0.9999719053506851,5.9616926070302725
5359,algoQD,53,185,0.9999719053506851,5.2095024161972106
5360,algoQD,53,185,0.9999719053506851,5.35025693802163
5361,algoQD,53,185,0.9999719053506851,6.298204675782472
5362,algoQD,53,185,0.9999719053506851,6.090594585984945
5363,algoQD,53,185,0.9999719053506851,4.929511305876076
5364,algoQD,53,185,0.9999719053506851,5.315992052666843
5365,algoQD,53,185,0.9999719053506851,5.943557790946215
5366,algoQD,53,185,0.9999719053506851,4.967483086045831
5367,algoQD,53,185,0.9999719053506851,5.317672627046704
5368,algoQD,53,185,0.9999719053506851,5.758499782998115
5369,algoQD,53,185,0.9999719053506851,5.85049800015986
5370,algoQD,53,185,0.9999719053506851,5.828933445271105
5371,algoQD,53,185,0.9999719053506851,6.0288305738940835
5372,algoQD,53,185,0.9999719053506851,6.038058420177549
5373,algoQD,53,185,0.9999719053506851,5.181945896707475
5374,algoQD,53,185,0.9999719053506851,4.8120379047468305
5375,algoQD,53,185,0.9999719053506851,5.361418392043561
5376,algoQD,53,185,0.9999719053506851,5.0689811441116035
5377,algoQD,53,185,0.9999719053506851,5.088068902026862
5378,algoQD,53,185,0.9999719053506851,6.022534117102623
5379,algoQD,53,185,0.9999719053506851,5.849314379040152
5380,algoQD,53,185,0.9999719053506851,6.046172432135791
5381,algoQD,53,185,0.9999719053506851,5.539830039255321
5382,algoQD,53,185,0.9999719053506851,5.206676336936653
5383,algoQD,53,185,0.9999719053506851,6.1139892167411745
5384,algoQD,53,185,0.9999719053506851,5.451800101902336
5385,algoQD,53,185,0.9999719053506851,5.9896373357623816
5386,algoQD,53,185,0.9999719053506851,5.946619180031121
5387,algoQD,53,185,0.9999719053506851,5.909693839028478
5388,algoQD,53,185,0.9999719053506851,5.731761935167015
5389,algoQD,53,185,0.9999719053506851,5.433216207195073
5390,algoQD,53,185,0.9999719053506851,5.123447592370212
5391,algoQD,53,185,0.9999719053506851,5.829423882998526
5392,algoQD,53,185,0.9999719053506851,5.130533821880817
5393,algoQD,53,185,0.9999719053506851,5.313070254866034
5394,algoQD,53,185,0.9999719053506851,5.885122740175575
5395,algoQD,53,185,0.9999719053506851,5.617469494231045
5396,algoQD,53,185,0.9999719053506851,5.837937870062888
5397,algoQD,53,186,0.9999719053506851,5.6226303759031
5398,algoQD,53,186,0.9999719053506851,5.488633781205863
5399,algoQD,53,186,0.9999719053506851,5.1052309912629426
5400,algoQD,54,186,0.9999719053506851,5.235627052839845
5401,algoQD,54,186,0.9999719053506851,5.7821591552346945
5402,algoQD,54,186,0.9999719053506851,4.652681032195687
5403,algoQD,54,186,0.9999719053506851,5.816956895869225
5404,algoQD,54,186,0.9999719053506851,5.539486982859671
5405,algoQD,54,186,0.9999719053506851,5.864917040336877
5406,algoQD,54,186,0.9999719053506851,5.949562692083418
5407,algoQD,54,186,0.9999719053506851,5.926510784775019
5408,algoQD,54,186,0.9999719053506851,5.334023757837713
5409,algoQD,54,186,0.9999719053506851,4.884849708992988
5410,algoQD,54,186,0.9999719053506851,5.204038362018764
5411,algoQD,54,186,0.9999719053506851,4.916929904837161
5412,algoQD,54,186,0.9999719053506851,4.914533565752208
5413,algoQD,54,186,0.9999719053506851,4.985172614920884
5414,algoQD,54,186,0.9999719053506851,5.369830465875566
5415,algoQD,54,186,0.9999719053506851,5.8799001118168235
5416,algoQD,54,186,0.9999719053506851,4.805926037952304
5417,algoQD,54,186,0.9999719053506851,5.628137030638754
5418,algoQD,54,186,0.9999719053506851,4.972402312792838
5419,algoQD,54,186,0.9999719053506851,6.0944394851103425
5420,algoQD,54,186,0.9999719053506851,5.3408764260821044
5421,algoQD,54,186,0.9999719053506851,5.826124499086291
5422,algoQD,54,186,0.9999719053506851,5.863694108091295
5423,algoQD,54,186,0.9999719053506851,5.001080242916942
5424,algoQD,54,186,0.9999719053506851,6.142858896404505
5425,algoQD,54,186,0.9999719053506851,5.942120971158147
5426,algoQD,54,186,0.9999719053506851,4.9918290809728205
5427,algoQD,54,186,0.9999719053506851,5.585166877135634
5428,algoQD,54,186,0.9999719053506851,4.914376029279083
5429,algoQD,54,186,0.9999719053506851,5.527606945019215
5430,algoQD,54,186,0.9999719053506851,5.230372421909124
5431,algoQD,54,186,0.9999719053506851,5.332469540648162
5432,algoQD,54,186,0.9999719053506851,4.922794816084206
5433,algoQD,54,186,0.9999719053506851,5.132673834916204
5434,algoQD,54,186,0.9999719053506851,5.782531348988414
5435,algoQD,54,186,0.9999719053506851,5.5308354939334095
5436,algoQD,54,186,0.9999719053506851,5.338077779393643
5437,algoQD,54,186,0.9999719053506851,4.861996214836836
5438,algoQD,54,186,0.9999719053506851,4.690900980960578
5439,algoQD,54,186,0.9999719053506851,5.624300140421838
5440,algoQD,54,186,0.9999719053506851,5.03364119771868
5441,algoQD,54,186,0.9999719053506851,4.786445287056267
5442,algoQD,54,186,0.9999719053506851,4.782868539914489
5443,algoQD,54,186,0.9999719053506851,5.003616403788328
5444,algoQD,54,186,0.9999719053506851,4.760612795129418
5445,algoQD,54,186,0.9999719053506851,5.476480758283287
5446,algoQD,54,186,0.9999719053506851,4.7197580467909575
5447,algoQD,54,186,0.9999719053506851,4.930363979656249
5448,algoQD,54,186,0.9999719053506851,4.624539135955274
5449,algoQD,54,186,0.9999719053506851,4.455326147843152
5450,algoQD,54,186,0.9999719053506851,4.9825336169451475
5451,algoQD,54,186,0.9999719053506851,4.553235985804349
5452,algoQD,54,186,0.9999719053506851,4.42182046873495
5453,algoQD,54,186,0.9999719053506851,4.786688206251711
5454,algoQD,54,186,0.9999719053506851,5.415290966164321
5455,algoQD,54,186,0.9999719053506851,4.867956517264247
5456,algoQD,54,186,0.9999719053506851,5.349344447255135
5457,algoQD,54,186,0.9999719053506851,5.167194585315883
5458,algoQD,54,186,0.9999719053506851,5.524344499222934
5459,algoQD,54,186,0.9999719053506851,5.8852955950424075
5460,algoQD,54,186,0.9999719053506851,5.268128855153918
5461,algoQD,54,186,0.9999719053506851,6.022796272300184
5462,algoQD,54,186,0.9999719053506851,4.845027400646359
5463,algoQD,54,186,0.9999719053506851,4.990401144139469
5464,algoQD,54,186,0.9999719053506851,5.580434754956514
5465,algoQD,54,186,0.9999719053506851,4.807953387033194
5466,algoQD,54,186,0.9999719053506851,5.035825453698635
5467,algoQD,54,186,0.9999719053506851,4.78804299607873
5468,algoQD,54,186,0.9999719053506851,5.550401344895363
5469,algoQD,54,186,0.9999719053506851,5.449702579062432
5470,algoQD,54,186,0.9999719053506851,5.031893454957753
5471,algoQD,54,186,0.9999719053506851,5.261653470341116
5472,algoQD,54,186,0.9999719053506851,5.48244075011462
5473,algoQD,54,186,0.9999719053506851,6.282564678695053
5474,algoQD,54,186,0.9999719053506851,5.343243980314583
5475,algoQD,54,186,0.9999719053506851,5.871336429845542
5476,algoQD,54,186,0.9999719053506851,5.272014819085598
5477,algoQD,54,186,0.9999719053506851,5.136323231272399
5478,algoQD,54,186,0.9999719053506851,5.36249369289726
5479,algoQD,54,186,0.9999719053506851,5.728790280874819
5480,algoQD,54,186,0.9999719053506851,4.93635986931622
5481,algoQD,54,186,0.9999719053506851,6.539331303909421
5482,algoQD,54,186,0.9999719053506851,4.812353251967579
5483,algoQD,54,186,0.9999719053506851,5.287744401022792
5484,algoQD,54,186,0.9999719053506851,5.4543519131839275
5485,algoQD,54,186,0.9999719053506851,6.210705888923258
5486,algoQD,54,186,0.9999719053506851,5.107598963659257
5487,algoQD,54,186,0.9999719053506851,6.1941230138763785
5488,algoQD,54,186,0.9999719053506851,6.304505927953869
5489,algoQD,54,186,0.9999719053506851,5.204079639632255
5490,algoQD,54,186,0.9999719053506851,6.301011846400797
5491,algoQD,54,186,0.9999719053506851,6.064155463129282
5492,algoQD,54,186,0.9999719053506851,6.60867450106889
5493,algoQD,54,186,0.9999719053506851,6.3293299549259245
5494,algoQD,54,186,0.9999719053506851,6.490688971243799
5495,algoQD,54,186,0.9999719053506851,5.561396561097354
5496,algoQD,54,186,0.9999719053506851,5.460070909932256
5497,algoQD,54,186,0.9999719053506851,6.478862856049091
5498,algoQD,54,186,0.9999719053506851,5.020194138865918
5499,algoQD,54,186,0.9999719053506851,4.969007057603449
5500,algoQD,55,186,0.9999719053506851,5.4286453211680055
5501,algoQD,55,186,0.9999719053506851,5.932632241863757
5502,algoQD,55,186,0.9999719053506851,5.387420152779669
5503,algoQD,55,186,0.9999719053506851,5.4257572325877845
5504,algoQD,55,186,0.9999719053506851,5.7837540078908205
5505,algoQD,55,186,0.9999719053506851,5.544314714148641
5506,algoQD,55,186,0.9999719053506851,5.133561292197555
5507,algoQD,55,186,0.9999719053506851,5.048837271053344
5508,algoQD,55,186,0.9999719053506851,5.473611636087298
5509,algoQD,55,186,0.9999719053506851,6.712006181944162
5510,algoQD,55,186,0.9999719053506851,5.589025927707553
5511,algoQD,55,186,0.9999719053506851,6.2342806328088045
5512,algoQD,55,186,0.9999719053506851,5.371490774210542
5513,algoQD,55,186,0.9999719053506851,6.216753373853862
5514,algoQD,55,186,0.9999719053506851,6.462772251106799
5515,algoQD,55,186,0.9999719053506851,5.513191053178161
5516,algoQD,55,186,0.9999719053506851,5.096165801864117
5517,algoQD,55,186,0.9999719053506851,5.144959700293839
5518,algoQD,55,186,0.9999719053506851,5.179067158140242
5519,algoQD,55,186,0.9999719053506851,5.370209371671081
5520,algoQD,55,186,0.9999719053506851,5.111132882069796
5521,algoQD,55,186,0.9999719053506851,5.991234472952783
5522,algoQD,55,186,0.9999719053506851,6.090654104016721
5523,algoQD,55,186,0.9999719053506851,5.482290124054998
5524,algoQD,55,186,0.9999719053506851,5.71728626312688
5525,algoQD,55,186,0.9999719053506851,5.3491056761704385
5526,algoQD,55,186,0.9999719053506851,6.227638062089682
5527,algoQD,55,186,0.9999719053506851,5.102710377890617
5528,algoQD,55,186,0.9999719053506851,4.976641774177551
5529,algoQD,55,186,0.9999719053506851,5.3443525726906955
5530,algoQD,55,186,0.9999719053506851,6.588989505078644
5531,algoQD,55,186,0.9999719053506851,5.738808050751686
5532,algoQD,55,186,0.9999719053506851,6.277918159030378
5533,algoQD,55,186,0.9999719053506851,5.7246795729734
5534,algoQD,55,186,0.9999719053506851,5.361407189164311
5535,algoQD,55,186,0.9999719053506851,6.038397290743887
5536,algoQD,55,186,0.9999719053506851,5.8970751548185945
5537,algoQD,55,186,0.9999719053506851,6.47459709411487
5538,algoQD,55,186,0.9999719053506851,6.3921710960567
5539,algoQD,55,186,0.9999719053506851,6.3318727989681065
5540,algoQD,55,186,0.9999719053506851,5.472696306183934
5541,algoQD,55,186,0.9999719053506851,5.727080901153386
5542,algoQD,55,186,0.9999719053506851,6.306329454295337
5543,algoQD,55,186,0.9999719053506851,5.312303124926984
5544,algoQD,55,186,0.9999719053506851,4.974957261234522
5545,algoQD,55,186,0.9999719053506851,5.54279447067529
5546,algoQD,55,186,0.9999719053506851,5.820187680888921
5547,algoQD,55,186,0.9999719053506851,5.371191606856883
5548,algoQD,55,186,0.9999719053506851,5.7650446547195315
5549,algoQD,55,186,0.9999719053506851,5.804029789753258
5550,algoQD,55,186,0.9999719053506851,5.541091714985669
5551,algoQD,55,186,0.9999719053506851,5.4840812887996435
5552,algoQD,55,186,0.9999719053506851,5.237011626828462
5553,algoQD,55,186,0.9999719053506851,4.997282857075334
5554,algoQD,55,186,0.9999719053506851,5.829302433878183
5555,algoQD,55,186,0.9999719053506851,6.011837224941701
5556,algoQD,55,186,0.9999719053506851,5.365876394789666
5557,algoQD,55,186,0.9999719053506851,5.304834330454469
5558,algoQD,55,186,0.9999719053506851,5.937383848708123
5559,algoQD,55,186,0.9999719053506851,6.045170785859227
5560,algoQD,55,186,0.9999719053506851,5.351223833858967
5561,algoQD,55,186,0.9999719053506851,5.066330370027572
5562,algoQD,55,186,0.9999719053506851,5.25169216375798
5563,algoQD,55,186,0.9999719053506851,5.340332401916385
5564,algoQD,55,186,0.9999719053506851,5.242025828920305
5565,algoQD,55,186,0.9999719053506851,5.239544679876417
5566,algoQD,55,186,0.9999719053506851,4.892791934777051
5567,algoQD,55,186,0.9999719053506851,5.851901669986546
5568,algoQD,55,186,0.9999719053506851,5.063602725043893
5569,algoQD,55,186,0.9999719053506851,5.153647967148572
5570,algoQD,55,186,0.9999719053506851,5.4092354332096875
5571,algoQD,55,186,0.9999719053506851,6.25109004881233
5572,algoQD,55,186,0.9999719053506851,6.35964124975726
5573,algoQD,55,186,0.9999719053506851,5.854299650993198
5574,algoQD,55,186,0.9999719053506851,6.206274995114654
5575,algoQD,55,186,0.9999719053506851,5.631371428724378
5576,algoQD,55,186,0.9999719053506851,5.577126665040851
5577,algoQD,55,186,0.9999719053506851,5.751714703161269
5578,algoQD,55,186,0.9999719053506851,5.521282030735165
5579,algoQD,55,186,0.9999719053506851,4.964556043036282
5580,algoQD,55,186,0.9999719053506851,5.404576710890979
5581,algoQD,55,186,0.9999719053506851,5.41870070900768
5582,algoQD,55,186,0.9999719053506851,5.594021912198514
5583,algoQD,55,186,0.9999719053506851,6.484646904747933
5584,algoQD,55,186,0.9999719053506851,5.702881295699626
5585,algoQD,55,186,0.9999719053506851,5.539071325212717
5586,algoQD,55,186,0.9999719053506851,5.922092023771256
5587,algoQD,55,186,0.9999719053506851,5.726993098855019
5588,algoQD,55,186,0.9999719053506851,6.468144582118839
5589,algoQD,55,186,0.9999719053506851,6.220825149677694
5590,algoQD,55,186,0.9999719053506851,6.059307802002877
5591,algoQD,55,186,0.9999719053506851,5.408679593820125
5592,algoQD,55,186,0.9999719053506851,5.446843939833343
5593,algoQD,55,186,0.9999719053506851,6.197262703906745
5594,algoQD,55,186,0.9999719053506851,5.973008617758751
5595,algoQD,55,186,0.9999719053506851,6.0741000031121075
5596,algoQD,55,186,0.9999719053506851,6.25212907185778
5597,algoQD,55,186,0.9999719053506851,6.270973250735551
5598,algoQD,55,186,0.9999719053506851,5.549001600127667
5599,algoQD,55,186,0.9999719053506851,5.757395209278911
5600,algoQD,56,186,0.9999719053506851,6.609378532040864
5601,algoQD,56,186,0.9999719053506851,6.530573239084333
5602,algoQD,56,186,0.9999719053506851,6.369216363877058
5603,algoQD,56,186,0.9999719053506851,6.55808354401961
5604,algoQD,56,186,0.9999719053506851,5.579845163039863
5605,algoQD,56,186,0.9999719053506851,6.162718696985394
5606,algoQD,56,186,0.9999719053506851,5.946544699836522
5607,algoQD,56,186,0.9999719053506851,6.027327541261911
5608,algoQD,56,186,0.9999719053506851,5.911484208889306
5609,algoQD,56,186,0.9999719053506851,5.588609694968909
5610,algoQD,56,186,0.9999719053506851,6.0014095338992774
5611,algoQD,56,186,0.9999719053506851,5.616965476889163
5612,algoQD,56,186,0.9999719053506851,5.4327136389911175
5613,algoQD,56,186,0.9999719053506851,6.613845493178815
5614,algoQD,56,186,0.9999719053506851,7.12626490695402
5615,algoQD,56,186,0.9999719053506851,5.607676214072853
5616,algoQD,56,186,0.9999719053506851,5.401605035178363
5617,algoQD,56,186,0.9999719053506851,5.49019082589075
5618,algoQD,56,186,0.9999719053506851,6.371654982212931
5619,algoQD,56,186,0.9999719053506851,5.563809582032263
5620,algoQD,56,186,0.9999719053506851,5.424600719008595
5621,algoQD,56,186,0.9999719053506851,6.503934510983527
5622,algoQD,56,186,0.9999719053506851,6.453415669966489
5623,algoQD,56,186,0.9999719053506851,6.231934942770749
5624,algoQD,56,186,0.9999719053506851,5.340049597900361
5625,algoQD,56,186,0.9999719053506851,5.372341406997293
5626,algoQD,56,186,0.9999719053506851,5.562390980776399
5627,algoQD,56,186,0.9999719053506851,5.650040104985237
5628,algoQD,56,186,0.9999719053506851,6.763560449238867
5629,algoQD,56,186,0.9999719053506851,5.644744567107409
5630,algoQD,56,187,0.9999719053506851,6.24515048507601
5631,algoQD,56,187,0.9999719053506851,6.001269820146263
5632,algoQD,56,187,0.9999719053506851,5.56442254036665
5633,algoQD,56,187,0.9999719053506851,5.2386302119120955
5634,algoQD,56,187,0.9999719053506851,6.536713072098792
5635,algoQD,56,187,0.9999719053506851,5.351266294252127
5636,algoQD,56,187,0.9999719053506851,5.2272256328724325
5637,algoQD,56,187,0.9999719053506851,5.1936534331180155
5638,algoQD,56,187,0.9999719053506851,5.922371411696076
5639,algoQD,56,187,0.9999719053506851,5.493948679883033
5640,algoQD,56,187,0.9999719053506851,6.784788813907653
5641,algoQD,56,187,0.9999719053506851,6.294594115111977
5642,algoQD,56,187,0.9999719053506851,5.194649505894631
5643,algoQD,56,187,0.9999719053506851,4.990464369766414
5644,algoQD,56,187,0.9999719053506851,5.388126195408404
5645,algoQD,56,187,0.9999719053506851,5.615505898837
5646,algoQD,56,187,0.9999719053506851,5.966779566835612
5647,algoQD,56,187,0.9999719053506851,6.557767475955188
5648,algoQD,56,187,0.9999719053506851,5.302014133892953
5649,algoQD,56,187,0.9999719053506851,5.651571318041533
5650,algoQD,56,187,0.9999719053506851,5.518342004157603
5651,algoQD,56,187,0.9999719053506851,6.490992535836995
5652,algoQD,56,187,0.9999719053506851,5.744050300680101
5653,algoQD,56,187,0.9999719053506851,5.589704858139157
5654,algoQD,56,187,0.9999719053506851,5.506824800744653
5655,algoQD,56,187,0.9999719053506851,6.341430448926985
5656,algoQD,56,187,0.9999719053506851,5.449605257250369
5657,algoQD,56,187,0.9999719053506851,5.797342563048005
5658,algoQD,56,187,0.9999719053506851,5.885675420053303
5659,algoQD,56,187,0.9999719053506851,5.154057631734759
5660,algoQD,56,187,0.9999719053506851,5.292160844895989
5661,algoQD,56,187,0.9999719053506851,6.029378555715084
5662,algoQD,56,187,0.9999719053506851,5.122861852869391
5663,algoQD,56,187,0.9999719053506851,5.2090309713967144
5664,algoQD,56,187,0.9999719053506851,5.5387497171759605
5665,algoQD,56,187,0.9999719053506851,5.882146241143346
5666,algoQD,56,187,0.9999719053506851,5.86216270364821
5667,algoQD,56,187,0.9999719053506851,5.660103472415358
5668,algoQD,56,187,0.9999719053506851,6.051805645227432
5669,algoQD,56,187,0.9999719053506851,5.198314561042935
5670,algoQD,56,187,0.9999719053506851,6.002360923215747
5671,algoQD,56,187,0.9999719053506851,6.056698170024902
5672,algoQD,56,187,0.9999719053506851,5.873023041989654
5673,algoQD,56,187,0.9999719053506851,5.279819596093148
5674,algoQD,56,187,0.9999719053506851,4.793721308000386
5675,algoQD,56,187,0.9999719053506851,4.912453468888998
5676,algoQD,56,187,0.9999719053506851,6.149789157323539
5677,algoQD,56,187,0.9999719053506851,5.330902803689241
5678,algoQD,56,187,0.9999719053506851,6.012891237158328
5679,algoQD,56,187,0.9999719053506851,4.850035639945418
5680,algoQD,56,187,0.9999719053506851,6.043221605010331
5681,algoQD,56,187,0.9999719053506851,4.861885292921215
5682,algoQD,56,187,0.9999719053506851,5.137124684639275
5683,algoQD,56,187,0.9999719053506851,6.2264287089928985
5684,algoQD,56,187,0.9999719053506851,5.9595588822849095
5685,algoQD,56,187,0.9999719053506851,5.7332035643048584
5686,algoQD,56,188,0.9999719053506851,6.002531497739255
5687,algoQD,56,188,0.9999719053506851,5.3872883301228285
5688,algoQD,56,188,0.9999719053506851,5.26062372000888
5689,algoQD,56,188,0.9999719053506851,5.896533150225878
5690,algoQD,56,188,0.9999719053506851,4.927541442681104
5691,algoQD,56,188,0.9999719053506851,5.257346170954406
5692,algoQD,56,188,0.9999719053506851,5.972835787106305
5693,algoQD,56,188,0.9999719053506851,5.538300517946482
5694,algoQD,56,188,0.9999719053506851,6.243898957967758
5695,algoQD,56,188,0.9999719053506851,5.53904497390613
5696,algoQD,56,188,0.9999719053506851,5.422530523966998
5697,algoQD,56,188,0.9999719053506851,6.01485619880259
5698,algoQD,56,188,0.9999719053506851,5.276307515799999
5699,algoQD,56,188,0.9999719053506851,5.415537819266319
5700,algoQD,57,188,0.9999719053506851,4.955085708759725
5701,algoQD,57,188,0.9999719053506851,5.720662279985845
5702,algoQD,57,188,0.9999719053506851,5.919431916903704
5703,algoQD,57,188,0.9999719053506851,4.993509022053331
5704,algoQD,57,188,0.9999719053506851,4.957568841986358
5705,algoQD,57,188,0.9999719053506851,6.18625063681975
5706,algoQD,57,188,0.9999719053506851,5.389351247809827
5707,algoQD,57,188,0.9999719053506851,5.822807029355317
5708,algoQD,57,188,0.9999719053506851,5.322490441612899
5709,algoQD,57,189,0.9999719053506851,6.2765337019227445
5710,algoQD,57,189,0.9999719053506851,6.141631085891277
5711,algoQD,57,189,0.9999719053506851,5.389808954205364
5712,algoQD,57,189,0.9999719053506851,5.813551981002092
5713,algoQD,57,189,0.9999719053506851,5.788482942152768
5714,algoQD,57,189,0.9999719053506851,6.176570245996118
5715,algoQD,57,189,0.9999719053506851,5.5893978187814355
5716,algoQD,57,189,0.9999719053506851,4.894035852979869
5717,algoQD,57,189,0.9999719053506851,5.480850744061172
5718,algoQD,57,189,0.9999719053506851,4.92273175297305
5719,algoQD,57,189,0.9999719053506851,5.963749409187585
5720,algoQD,57,189,0.9999719053506851,5.2212681961245835
5721,algoQD,57,189,0.9999719053506851,5.2680404339917
5722,algoQD,57,189,0.9999719053506851,6.2166187898255885
5723,algoQD,57,189,0.9999719053506851,5.959618302062154
5724,algoQD,57,189,0.9999719053506851,5.660341199953109
5725,algoQD,57,189,0.9999719053506851,4.9995690123178065
5726,algoQD,57,189,0.9999719053506851,5.29840293712914
5727,algoQD,57,189,0.9999719053506851,6.002374823205173
5728,algoQD,57,189,0.9999719053506851,4.8139313901774585
5729,algoQD,57,189,0.9999719053506851,5.412891870830208
5730,algoQD,57,190,0.9999719053506851,5.308570921886712
5731,algoQD,57,190,0.9999719053506851,5.225602795835584
5732,algoQD,57,190,0.9999719053506851,4.9216703390702605
5733,algoQD,57,190,0.9999719053506851,5.047288792207837
5734,algoQD,57,190,0.9999719053506851,5.606655699200928
5735,algoQD,57,190,0.9999719053506851,5.397386171855032
5736,algoQD,57,190,0.9999719053506851,4.706092850770801
5737,algoQD,57,190,0.9999719053506851,5.7599158133380115
5738,algoQD,57,190,0.9999719053506851,4.941663636825979
5739,algoQD,57,190,0.9999719053506851,5.272731719072908
5740,algoQD,57,190,0.9999719053506851,5.686796318739653
5741,algoQD,57,190,0.9999719053506851,5.262531204149127
5742,algoQD,57,190,0.9999719053506851,5.076704085804522
5743,algoQD,57,190,0.9999719053506851,5.516298436094075
5744,algoQD,57,190,0.9999719053506851,4.867141176015139
5745,algoQD,57,190,0.9999719053506851,5.281576192006469
5746,algoQD,57,190,0.9999719053506851,5.50481734983623
5747,algoQD,57,190,0.9999719053506851,4.942826665006578
5748,algoQD,57,190,0.9999719053506851,4.933251569978893
5749,algoQD,57,190,0.9999719053506851,5.513500768691301
5750,algoQD,57,190,0.9999719053506851,5.905986819881946
5751,algoQD,57,190,0.9999719053506851,4.869369666092098
5752,algoQD,57,190,0.9999719053506851,5.188367369584739
5753,algoQD,57,190,0.9999719053506851,5.040248848032206
5754,algoQD,57,190,0.9999719053506851,4.890073729213327
5755,algoQD,57,190,0.9999719053506851,6.007305426988751
5756,algoQD,57,190,0.9999719053506851,5.4009883482940495
5757,algoQD,57,190,0.9999719053506851,5.117464487906545
5758,algoQD,57,190,0.9999719053506851,4.610189275816083
5759,algoQD,57,190,0.9999719053506851,5.583580686245114
5760,algoQD,57,190,0.9999719053506851,4.860314013902098
5761,algoQD,57,190,0.9999719053506851,5.559217758011073
5762,algoQD,57,190,0.9999719053506851,5.4557737950235605
5763,algoQD,57,190,0.9999719053506851,5.969230588059872
5764,algoQD,57,190,0.9999719053506851,5.112957342993468
5765,algoQD,57,190,0.9999719053506851,5.392322013154626
5766,algoQD,57,190,0.9999719053506851,5.482491562142968
5767,algoQD,57,190,0.9999719053506851,4.915836101863533
5768,algoQD,57,190,0.9999719053506851,5.190884226001799
5769,algoQD,57,190,0.9999719053506851,5.0178104573860765
5770,algoQD,57,190,0.9999719053506851,5.565812669228762
5771,algoQD,57,190,0.9999719053506851,5.211363073904067
5772,algoQD,57,190,0.9999719053506851,6.035111760720611
5773,algoQD,57,190,0.9999719053506851,5.142939678393304
5774,algoQD,57,190,0.9999719053506851,5.6007229667156935
5775,algoQD,57,190,0.9999719053506851,4.88270359300077
5776,algoQD,57,190,0.9999719053506851,4.484641585033387
5777,algoQD,57,190,0.9999719053506851,4.602917205076665
5778,algoQD,57,190,0.9999719053506851,5.087092426605523
5779,algoQD,57,190,0.9999719053506851,5.280399559997022
5780,algoQD,57,190,0.9999719053506851,4.6258253222331405
5781,algoQD,57,190,0.9999719053506851,5.405817786231637
5782,algoQD,57,190,0.9999719053506851,4.918330705724657
5783,algoQD,57,190,0.9999719053506851,5.262355290353298
5784,algoQD,57,190,0.9999719053506851,4.713041040115058
5785,algoQD,57,190,0.9999719053506851,4.501211937051266
5786,algoQD,57,190,0.9999719053506851,4.6986896907910705
5787,algoQD,57,190,0.9999719053506851,5.21956341015175
5788,algoQD,57,191,0.9999719053506851,5.376850557979196
5789,algoQD,57,191,0.9999719053506851,4.382700280752033
5790,algoQD,57,191,0.9999719053506851,5.5538927358575165
5791,algoQD,57,191,0.9999719053506851,5.473928682040423
5792,algoQD,57,191,0.9999719053506851,5.576797497924417
5793,algoQD,57,191,0.9999719053506851,5.102582036983222
5794,algoQD,57,191,0.9999719053506851,4.8580136969685555
5795,algoQD,57,191,0.9999719053506851,4.955944532994181
5796,algoQD,57,191,0.9999719053506851,4.796745169907808
5797,algoQD,57,191,0.9999719053506851,4.638389112893492
5798,algoQD,57,191,0.9999719053506851,5.193389127962291
5799,algoQD,57,191,0.9999719053506851,4.627324426081032
5800,algoQD,58,191,0.9999719053506851,5.4911885359324515
5801,algoQD,58,191,0.9999719053506851,5.3571490701287985
5802,algoQD,58,191,0.9999719053506851,5.289531705901027
5803,algoQD,58,191,0.9999719053506851,5.071482498198748
5804,algoQD,58,191,0.9999719053506851,4.643478129990399
5805,algoQD,58,191,0.9999719053506851,4.798198617994785
5806,algoQD,58,191,0.9999719053506851,4.884379119146615
5807,algoQD,58,191,0.9999719053506851,4.596174772828817
5808,algoQD,58,191,0.9999719053506851,5.179576789028943
5809,algoQD,58,191,0.9999719053506851,4.7944909618236125
5810,algoQD,58,191,0.9999719053506851,5.244565695058554
5811,algoQD,58,191,0.9999719053506851,5.533301104325801
5812,algoQD,58,191,0.9999719053506851,4.853816385846585
5813,algoQD,58,191,0.9999719053506851,5.266526394058019
5814,algoQD,58,191,0.9999719053506851,5.4705007136799395
5815,algoQD,58,191,0.9999719053506851,5.309477276168764
5816,algoQD,58,191,0.9999719053506851,5.2757061291486025
5817,algoQD,58,191,0.9999719053506851,5.55550806876272
5818,algoQD,58,191,0.9999719053506851,5.5355634479783475
5819,algoQD,58,191,0.9999719053506851,5.641235573217273
5820,algoQD,58,191,0.9999719053506851,4.868713526986539
5821,algoQD,58,191,0.9999719053506851,5.6396720190532506
5822,algoQD,58,191,0.9999719053506851,4.840577139053494
5823,algoQD,58,191,0.9999719053506851,4.816692473832518
5824,algoQD,58,191,0.9999719053506851,5.039777137339115
5825,algoQD,58,191,0.9999719053506851,4.6102917566895485
5826,algoQD,58,191,0.9999719053506851,5.83168830210343
5827,algoQD,58,191,0.9999719053506851,6.018068706151098
5828,algoQD,58,191,0.9999719053506851,6.226296293083578
5829,algoQD,58,192,0.9999719053506851,6.210005649831146
5830,algoQD,58,192,0.9999719053506851,5.249960849992931
5831,algoQD,58,192,0.9999719053506851,5.6626553889364
5832,algoQD,58,192,0.9999719053506851,6.085548828821629
5833,algoQD,58,192,0.9999719053506851,5.564464232884347
5834,algoQD,58,192,0.9999719053506851,6.3424772643484175
5835,algoQD,58,192,0.9999719053506851,5.348329985048622
5836,algoQD,58,192,0.9999719053506851,5.478040221147239
5837,algoQD,58,192,0.9999719053506851,5.4183968137949705
5838,algoQD,58,192,0.9999719053506851,5.240956315305084
5839,algoQD,58,192,0.9999719053506851,6.0371107389219105
5840,algoQD,58,192,0.9999719053506851,5.739880597684532
5841,algoQD,58,192,0.9999719053506851,5.704476415645331
5842,algoQD,58,192,0.9999719053506851,5.980698539875448
5843,algoQD,58,192,0.9999719053506851,6.182523286901414
5844,algoQD,58,192,0.9999719053506851,6.093170371837914
5845,algoQD,58,192,0.9999719053506851,6.246692886110395
5846,algoQD,58,192,0.9999719053506851,5.8221014169976115
5847,algoQD,58,192,0.9999719053506851,5.434695535339415
5848,algoQD,58,192,0.9999719053506851,5.438880582805723
5849,algoQD,58,192,0.9999719053506851,5.3930269461125135
5850,algoQD,58,192,0.9999719053506851,5.595777713228017
5851,algoQD,58,192,0.9999719053506851,5.998596480116248
5852,algoQD,58,192,0.9999719053506851,5.657281594350934
5853,algoQD,58,192,0.9999719053506851,5.84647180698812
5854,algoQD,58,192,0.9999719053506851,5.924335664138198
5855,algoQD,58,192,0.9999719053506851,5.804264470003545
5856,algoQD,58,192,0.9999719053506851,6.153921891003847
5857,algoQD,58,192,0.9999719053506851,5.256742756348103
5858,algoQD,58,192,0.9999719053506851,5.642417906783521
5859,algoQD,58,192,0.9999719053506851,5.760311987251043
5860,algoQD,58,192,0.9999719053506851,6.825709724798799
5861,algoQD,58,192,0.9999719053506851,6.41958641493693
5862,algoQD,58,192,0.9999719053506851,6.421173453796655
5863,algoQD,58,192,0.9999719053506851,6.113459581974894
5864,algoQD,58,192,0.9999719053506851,6.326159750111401
5865,algoQD,58,192,0.9999719053506851,6.104819324798882
5866,algoQD,58,192,0.9999719053506851,5.517002354841679
5867,algoQD,58,192,0.9999719053506851,6.419425941072404
5868,algoQD,58,192,0.9999719053506851,5.7602914669550955
5869,algoQD,58,192,0.9999719053506851,6.088944015093148
5870,algoQD,58,192,0.9999719053506851,5.515261656139046
5871,algoQD,58,192,0.9999719053506851,5.998217083048075
5872,algoQD,58,192,0.9999719053506851,5.4229015479795635
5873,algoQD,58,192,0.9999719053506851,6.451534913852811
5874,algoQD,58,192,0.9999719053506851,6.008480607997626
5875,algoQD,58,192,0.9999719053506851,5.442035263869911
5876,algoQD,58,193,0.9999719053506851,6.037104597315192
5877,algoQD,58,193,0.9999719053506851,6.252398006152362
5878,algoQD,58,193,0.9999719053506851,5.833241257350892
5879,algoQD,58,193,0.9999719053506851,5.477192500140518
5880,algoQD,58,193,0.9999719053506851,5.541967642027885
5881,algoQD,58,193,0.9999719053506851,5.377765426877886
5882,algoQD,58,193,0.9999719053506851,5.9178491570055485
5883,algoQD,58,193,0.9999719053506851,5.166928199119866
5884,algoQD,58,193,0.9999719053506851,6.312253633048385
5885,algoQD,58,193,0.9999719053506851,5.9072106028907
5886,algoQD,58,193,0.9999719053506851,5.945191341917962
5887,algoQD,58,193,0.9999719053506851,5.834347706753761
5888,algoQD,58,193,0.9999719053506851,6.168703883886337
5889,algoQD,58,193,0.9999719053506851,4.989936696365476
5890,algoQD,58,193,0.9999719053506851,5.323940587230027
5891,algoQD,58,193,0.9999719053506851,5.1367734470404685
5892,algoQD,58,193,0.9999719053506851,5.198067229706794
5893,algoQD,58,193,0.9999719053506851,6.010578783228993
5894,algoQD,58,193,0.9999719053506851,6.256663786713034
5895,algoQD,58,193,0.9999719053506851,6.16928066406399
5896,algoQD,58,193,0.9999719053506851,5.369484117720276
5897,algoQD,58,193,0.9999719053506851,5.862001847010106
5898,algoQD,58,193,0.9999719053506851,6.162702722940594
5899,algoQD,58,193,0.9999719053506851,5.699885306879878
5900,algoQD,59,193,0.9999719053506851,5.835720345843583
5901,algoQD,59,193,0.9999719053506851,5.87646637763828
5902,algoQD,59,193,0.9999719053506851,6.318487117066979
5903,algoQD,59,193,0.9999719053506851,5.928500050213188
5904,algoQD,59,193,0.9999719053506851,5.3973456169478595
5905,algoQD,59,193,0.9999719053506851,4.969905330333859
5906,algoQD,59,193,0.9999719053506851,6.167798160109669
5907,algoQD,59,193,0.9999719053506851,6.241914127022028
5908,algoQD,59,193,0.9999719053506851,6.3889051070436835
5909,algoQD,59,193,0.9999719053506851,5.033187855966389
5910,algoQD,59,193,0.9999719053506851,5.255195637233555
5911,algoQD,59,193,0.9999719053506851,6.353687492199242
5912,algoQD,59,193,0.9999719053506851,5.316369878128171
5913,algoQD,59,193,0.9999719053506851,5.196747363079339
5914,algoQD,59,193,0.9999719053506851,5.5373454871587455
5915,algoQD,59,193,0.9999719053506851,6.331027052365243
5916,algoQD,59,193,0.9999719053506851,5.4195559858344495
5917,algoQD,59,193,0.9999719053506851,5.559477786999196
5918,algoQD,59,193,0.9999719053506851,6.097464389633387
5919,algoQD,59,193,0.9999719053506851,5.523569567129016
5920,algoQD,59,193,0.9999719053506851,5.760997291188687
5921,algoQD,59,193,0.9999719053506851,5.446146680042148
5922,algoQD,59,193,0.9999719053506851,6.1655991286970675
5923,algoQD,59,193,0.9999719053506851,5.10165253514424
5924,algoQD,59,193,0.9999719053506851,5.125981655903161
5925,algoQD,59,193,0.9999719053506851,5.09112989064306
5926,algoQD,59,193,0.9999719053506851,5.421810153871775
5927,algoQD,59,193,0.9999719053506851,5.8498285240493715
5928,algoQD,59,193,0.9999719053506851,4.878453959245235
5929,algoQD,59,193,0.9999719053506851,5.2245879531838
5930,algoQD,59,193,0.9999719053506851,5.9040072853676975
5931,algoQD,59,193,0.9999719053506851,6.287268808111548
5932,algoQD,59,193,0.9999719053506851,6.346543502062559
5933,algoQD,59,193,0.9999719053506851,5.61845370195806
5934,algoQD,59,193,0.9999719053506851,5.066139678005129
5935,algoQD,59,193,0.9999719053506851,5.309039142914116
5936,algoQD,59,193,0.9999719053506851,5.387059179134667
5937,algoQD,59,193,0.9999719053506851,6.223314358852804
5938,algoQD,59,193,0.9999719053506851,6.218629016075283
5939,algoQD,59,193,0.9999719053506851,6.304401812143624
5940,algoQD,59,193,0.9999719053506851,5.005213382188231
5941,algoQD,59,193,0.9999719053506851,5.855154642835259
5942,algoQD,59,193,0.9999719053506851,5.84210355207324
5943,algoQD,59,193,0.9999719053506851,6.333472061902285
5944,algoQD,59,193,0.9999719053506851,5.524245626293123
5945,algoQD,59,193,0.9999719053506851,5.564984939061105
5946,algoQD,59,193,0.9999719053506851,5.360915116965771
5947,algoQD,59,193,0.9999719053506851,5.221999180968851
5948,algoQD,59,193,0.9999719053506851,5.769520036876202
5949,algoQD,59,193,0.9999719053506851,5.77099845232442
5950,algoQD,59,193,0.9999719053506851,6.6841670661233366
5951,algoQD,59,193,0.9999719053506851,6.179404576309025
5952,algoQD,59,193,0.9999719053506851,5.4150465237908065
5953,algoQD,59,193,0.9999719053506851,5.7346043810248375
5954,algoQD,59,193,0.9999719053506851,5.01048928219825
5955,algoQD,59,193,0.9999719053506851,6.374477667268366
5956,algoQD,59,193,0.9999719053506851,6.528968743048608
5957,algoQD,59,193,0.9999719053506851,5.463829304091632
5958,algoQD,59,193,0.9999719053506851,5.638784670270979
5959,algoQD,59,193,0.9999719053506851,5.961984399240464
5960,algoQD,59,193,0.9999719053506851,5.617127175908536
5961,algoQD,59,193,0.9999719053506851,5.6106062438338995
5962,algoQD,59,193,0.9999719053506851,5.069873233791441
5963,algoQD,59,193,0.9999719053506851,5.826134447008371
5964,algoQD,59,193,0.9999719053506851,5.184487279038876
5965,algoQD,59,193,0.9999719053506851,6.149314838927239
5966,algoQD,59,193,0.9999719053506851,5.758634819183499
5967,algoQD,59,193,0.9999719053506851,5.228849424980581
5968,algoQD,59,193,0.9999719053506851,5.583669222891331
5969,algoQD,59,193,0.9999719053506851,6.6268648081459105
5970,algoQD,59,193,0.9999719053506851,5.761851897928864
5971,algoQD,59,193,0.9999719053506851,5.235938500147313
5972,algoQD,59,193,0.9999719053506851,5.423692743293941
5973,algoQD,59,193,0.9999719053506851,5.789940354414284
5974,algoQD,59,193,0.9999719053506851,6.117317026015371
5975,algoQD,59,193,0.9999719053506851,6.029233714099973
5976,algoQD,59,193,0.9999719053506851,6.282785976771265
5977,algoQD,59,193,0.9999719053506851,6.523315018974245
5978,algoQD,59,193,0.9999719053506851,5.357133220881224
5979,algoQD,59,193,0.9999719053506851,5.686937571037561
5980,algoQD,59,193,0.9999719053506851,5.86531359795481
5981,algoQD,59,193,0.9999719053506851,6.824880018364638
5982,algoQD,59,193,0.9999719053506851,5.151103505864739
5983,algoQD,59,193,0.9999719053506851,4.949857502244413
5984,algoQD,59,193,0.9999719053506851,6.306230526883155
5985,algoQD,59,193,0.9999719053506851,5.966219240333885
5986,algoQD,59,193,0.9999719053506851,5.227335975971073
5987,algoQD,59,193,0.9999719053506851,6.414596165064722
5988,algoQD,59,193,0.9999719053506851,5.7298312918283045
5989,algoQD,59,193,0.9999719053506851,6.35628291638568
5990,algoQD,59,193,0.9999719053506851,6.036016300320625
5991,algoQD,59,193,0.9999719053506851,5.16055083880201
5992,algoQD,59,193,0.9999719053506851,6.163264298345894
5993,algoQD,59,193,0.9999719053506851,5.250829318072647
5994,algoQD,59,193,0.9999719053506851,5.434238108806312
5995,algoQD,59,193,0.9999719053506851,5.692476867232472
5996,algoQD,59,193,0.9999719053506851,6.457347178366035
5997,algoQD,59,193,0.9999719053506851,5.921271358150989
5998,algoQD,59,193,0.9999719053506851,5.5510995290242136
5999,algoQD,59,193,0.9999719053506851,6.276512562297285
6000,algoQD,60,193,0.9999719053506851,5.4252112209796906
6001,algoQD,60,193,0.9999719053506851,6.171028449200094
6002,algoQD,60,193,0.9999719053506851,5.549409195780754
6003,algoQD,60,193,0.9999719053506851,5.233654644805938
6004,algoQD,60,193,0.9999719053506851,5.897530215792358
6005,algoQD,60,193,0.9999719053506851,5.257844875101
6006,algoQD,60,193,0.9999719053506851,5.075678312685341
6007,algoQD,60,193,0.9999719053506851,6.232967017684132
6008,algoQD,60,193,0.9999719053506851,6.041332494933158
6009,algoQD,60,193,0.9999719053506851,5.492354324087501
6010,algoQD,60,193,0.9999719053506851,5.894320049788803
6011,algoQD,60,193,0.9999719053506851,5.780921822879463
6012,algoQD,60,193,0.9999719053506851,5.572088550776243
6013,algoQD,60,193,0.9999719053506851,5.544857305008918
6014,algoQD,60,193,0.9999719053506851,5.684295366983861
6015,algoQD,60,193,0.9999719053506851,5.892458793241531
6016,algoQD,60,193,0.9999719053506851,5.351531194988638
6017,algoQD,60,193,0.9999719053506851,5.6505601508542895
6018,algoQD,60,193,0.9999719053506851,5.366356409154832
6019,algoQD,60,193,0.9999719053506851,5.390772004146129
6020,algoQD,60,193,0.9999719053506851,5.536555618047714
6021,algoQD,60,193,0.9999719053506851,6.065058047417551
6022,algoQD,60,193,0.9999719053506851,4.923277605790645
6023,algoQD,60,193,0.9999719053506851,5.6660140519961715
6024,algoQD,60,193,0.9999719053506851,5.428800703026354
6025,algoQD,60,193,0.9999719053506851,5.140305432025343
6026,algoQD,60,193,0.9999719053506851,5.309417528100312
6027,algoQD,60,193,0.9999719053506851,4.989835414104164
6028,algoQD,60,194,0.9999719053506851,5.793629625812173
6029,algoQD,60,194,0.9999719053506851,6.009697948116809
6030,algoQD,60,194,0.9999719053506851,5.970904583111405
6031,algoQD,60,194,0.9999719053506851,4.819215098861605
6032,algoQD,60,194,0.9999719053506851,6.211279307026416
6033,algoQD,60,194,0.9999719053506851,5.180694041308016
6034,algoQD,60,194,0.9999719053506851,5.9761255998164415
6035,algoQD,60,194,0.9999719053506851,5.329651481937617
6036,algoQD,60,195,0.9999719053506851,5.216534795705229
6037,algoQD,60,195,0.9999719053506851,5.7160609010607
6038,algoQD,60,195,0.9999719053506851,5.911171041894704
6039,algoQD,60,195,0.9999719053506851,5.66994479065761
6040,algoQD,60,195,0.9999719053506851,5.683827872853726
6041,algoQD,60,195,0.9999719053506851,5.377956319134682
6042,algoQD,60,195,0.9999719053506851,4.920289500616491
6043,algoQD,60,195,0.9999719053506851,5.5846926579251885
6044,algoQD,60,195,0.9999719053506851,5.0810358370654285
6045,algoQD,60,195,0.9999719053506851,5.2724876049906015
6046,algoQD,60,195,0.9999719053506851,5.806784232147038
6047,algoQD,60,195,0.9999719053506851,5.698256988078356
6048,algoQD,60,195,0.9999719053506851,5.951896517071873
6049,algoQD,60,195,0.9999719053506851,5.820248493924737
6050,algoQD,60,195,0.9999719053506851,5.469968313816935
6051,algoQD,60,195,0.9999719053506851,5.725385821890086
6052,algoQD,60,195,0.9999719053506851,5.913626993075013
6053,algoQD,60,195,0.9999719053506851,5.396401782985777
6054,algoQD,60,195,0.9999719053506851,5.919056471902877
6055,algoQD,60,195,0.9999719053506851,5.563508457969874
6056,algoQD,60,195,0.9999719053506851,5.164927277714014
6057,algoQD,60,195,0.9999719053506851,5.349359571002424
6058,algoQD,60,195,0.9999719053506851,5.225586551241577
6059,algoQD,60,195,0.9999719053506851,5.040787391830236
6060,algoQD,60,195,0.9999719053506851,5.598803562112153
6061,algoQD,60,195,0.9999719053506851,5.853170653805137
6062,algoQD,60,195,0.9999719053506851,5.194907718803734
6063,algoQD,60,195,0.9999719053506851,5.687893416266888
6064,algoQD,60,195,0.9999719053506851,6.000950638670474
6065,algoQD,60,195,0.9999719053506851,5.695240720175207
6066,algoQD,60,195,0.9999719053506851,5.178714700974524
6067,algoQD,60,195,0.9999719053506851,5.043021945748478
6068,algoQD,60,195,0.9999719053506851,6.157895061653107
6069,algoQD,60,195,0.9999719053506851,6.4417979759164155
6070,algoQD,60,195,0.9999719053506851,6.365430681966245
6071,algoQD,60,195,0.9999719053506851,5.99208262283355
6072,algoQD,60,195,0.9999719053506851,5.868613144848496
6073,algoQD,60,195,0.9999719053506851,6.464288394432515
6074,algoQD,60,195,0.9999719053506851,5.729945227038115
6075,algoQD,60,195,0.9999719053506851,5.107603128068149
6076,algoQD,60,195,0.9999719053506851,5.143091476988047
6077,algoQD,60,195,0.9999719053506851,6.647751736920327
6078,algoQD,60,195,0.9999719053506851,5.777723429258913
6079,algoQD,60,195,0.9999719053506851,6.233029746916145
6080,algoQD,60,195,0.9999719053506851,5.76287733623758
6081,algoQD,60,195,0.9999719053506851,5.934768771752715
6082,algoQD,60,195,0.9999719053506851,5.628776669036597
6083,algoQD,60,195,0.9999719053506851,6.314381540287286
6084,algoQD,60,195,0.9999719053506851,5.261441943235695
6085,algoQD,60,195,0.9999719053506851,6.437381840776652
6086,algoQD,60,195,0.9999719053506851,5.393926976248622
6087,algoQD,60,195,0.9999719053506851,5.211505342274904
6088,algoQD,60,195,0.9999719053506851,6.026719292160124
6089,algoQD,60,195,0.9999719053506851,5.4200312732718885
6090,algoQD,60,195,0.9999719053506851,5.187654011882842
6091,algoQD,60,195,0.9999719053506851,6.008544168900698
6092,algoQD,60,195,0.9999719053506851,5.264647630043328
6093,algoQD,60,195,0.9999719053506851,6.2166339652612805
6094,algoQD,60,195,0.9999719053506851,5.531905902083963
6095,algoQD,60,195,0.9999719053506851,5.175734359771013
6096,algoQD,60,195,0.9999719053506851,5.1861302042379975
6097,algoQD,60,196,0.9999719053506851,5.926847825292498
6098,algoQD,60,196,0.9999719053506851,6.036866957787424
6099,algoQD,60,196,0.9999719053506851,5.491893563885242
6100,algoQD,61,196,0.9999719053506851,5.151605835650116
6101,algoQD,61,196,0.9999719053506851,5.975941000971943
6102,algoQD,61,196,0.9999719053506851,5.025470608845353
6103,algoQD,61,196,0.9999719053506851,6.145360606256872
6104,algoQD,61,196,0.9999719053506851,5.979892298113555
6105,algoQD,61,196,0.9999719053506851,5.8918474479578435
6106,algoQD,61,196,0.9999719053506851,5.231075461953878
6107,algoQD,61,196,0.9999719053506851,5.4114063759334385
6108,algoQD,61,196,0.9999719053506851,5.278876997996122
6109,algoQD,61,196,0.9999719053506851,5.954558388795704
6110,algoQD,61,196,0.9999719053506851,5.872849781066179
6111,algoQD,61,196,0.9999719053506851,5.698342073243111
6112,algoQD,61,196,0.9999719053506851,4.8178811077959836
6113,algoQD,61,196,0.9999719053506851,5.6274488852359354
6114,algoQD,61,196,0.9999719053506851,5.240471368189901
6115,algoQD,61,196,0.9999719053506851,5.025718044023961
6116,algoQD,61,196,0.9999719053506851,4.915209258906543
6117,algoQD,61,196,0.9999719053506851,5.544369108974934
6118,algoQD,61,196,0.9999719053506851,5.24179275566712
6119,algoQD,61,196,0.9999719053506851,4.960332010872662
6120,algoQD,61,196,0.9999719053506851,5.2540337149985135
6121,algoQD,61,196,0.9999719053506851,5.035177337005734
6122,algoQD,61,196,0.9999719053506851,5.864791544154286
6123,algoQD,61,197,0.9999719053506851,5.609790207352489
6124,algoQD,61,197,0.9999719053506851,4.880471928976476
6125,algoQD,61,197,0.9999719053506851,5.854302975349128
6126,algoQD,61,197,0.9999719053506851,4.914271647110581
6127,algoQD,61,197,0.9999719053506851,5.523721162229776
6128,algoQD,61,197,0.9999719053506851,5.822449764702469
6129,algoQD,61,197,0.9999719053506851,5.348863555118442
6130,algoQD,61,197,0.9999719053506851,6.458900982979685
6131,algoQD,61,197,0.9999719053506851,6.024974150583148
6132,algoQD,61,197,0.9999719053506851,5.141529129818082
6133,algoQD,61,197,0.9999719053506851,5.101709354668856
6134,algoQD,61,197,0.9999719053506851,5.969450464937836
6135,algoQD,61,197,0.9999719053506851,6.294210076332092
6136,algoQD,61,197,0.9999719053506851,6.253261168953031
6137,algoQD,61,197,0.9999719053506851,5.885144573170692
6138,algoQD,61,197,0.9999719053506851,5.263829145114869
6139,algoQD,61,197,0.9999719053506851,5.002125042956322
6140,algoQD,61,197,0.9999719053506851,5.625834544189274
6141,algoQD,61,197,0.9999719053506851,4.999871544074267
6142,algoQD,61,197,0.9999719053506851,5.529386607930064
6143,algoQD,61,197,0.9999719053506851,4.912887239828706
6144,algoQD,61,197,0.9999719053506851,5.594310647808015
6145,algoQD,61,197,0.9999719053506851,5.371850050054491
6146,algoQD,61,197,0.9999719053506851,5.665598190855235
6147,algoQD,61,197,0.9999719053506851,5.816240552812815
6148,algoQD,61,197,0.9999719053506851,5.149226935580373
6149,algoQD,61,197,0.9999719053506851,5.0662966896779835
6150,algoQD,61,197,0.9999719053506851,5.286535270977765
6151,algoQD,61,197,0.9999719053506851,6.256460344884545
6152,algoQD,61,197,0.9999719053506851,5.397620966192335
6153,algoQD,61,197,0.9999719053506851,5.10122821573168
6154,algoQD,61,197,0.9999719053506851,5.804449432063848
6155,algoQD,61,197,0.9999719053506851,5.7504117442294955
6156,algoQD,61,197,0.9999719053506851,4.989743495825678
6157,algoQD,61,197,0.9999719053506851,5.365314329043031
6158,algoQD,61,197,0.9999719053506851,5.060663666110486
6159,algoQD,61,197,0.9999719053506851,5.663380981888622
6160,algoQD,61,197,0.9999719053506851,5.031120060943067
6161,algoQD,61,197,0.9999719053506851,5.219634823966771
6162,algoQD,61,197,0.9999719053506851,5.5382085070014
6163,algoQD,61,197,0.9999719053506851,5.594687579665333
6164,algoQD,61,197,0.9999719053506851,5.166725920047611
6165,algoQD,61,197,0.9999719053506851,5.587505679111928
6166,algoQD,61,197,0.9999719053506851,6.6566178747452796
6167,algoQD,61,197,0.9999719053506851,5.537112337071449
6168,algoQD,61,197,0.9999719053506851,5.829441476147622
6169,algoQD,61,197,0.9999719053506851,6.427020732779056
6170,algoQD,61,197,0.9999719053506851,5.32490315893665
6171,algoQD,61,197,0.9999719053506851,5.70244868285954
6172,algoQD,61,197,0.9999719053506851,5.612896478269249
6173,algoQD,61,197,0.9999719053506851,6.165669005829841
6174,algoQD,61,197,0.9999719053506851,5.992751987185329
6175,algoQD,61,197,0.9999719053506851,6.584189696237445
6176,algoQD,61,197,0.9999719053506851,6.08181710075587
6177,algoQD,61,197,0.9999719053506851,5.294348364230245
6178,algoQD,61,197,0.9999719053506851,5.413636527955532
6179,algoQD,61,197,0.9999719053506851,5.527643803972751
6180,algoQD,61,197,0.9999719053506851,5.160302442032844
6181,algoQD,61,197,0.9999719053506851,5.411340129096061
6182,algoQD,61,197,0.9999719053506851,5.8065793556161225
6183,algoQD,61,197,0.9999719053506851,5.13971510110423
6184,algoQD,61,197,0.9999719053506851,5.619868561159819
6185,algoQD,61,197,0.9999719053506851,4.968877369072288
6186,algoQD,61,197,0.9999719053506851,5.76479628495872
6187,algoQD,61,197,0.9999719053506851,5.671789130195975
6188,algoQD,61,197,0.9999719053506851,5.188345632981509
6189,algoQD,61,197,0.9999719053506851,5.322648278903216
6190,algoQD,61,197,0.9999719053506851,5.174415118992329
6191,algoQD,61,197,0.9999719053506851,6.128009415697306
6192,algoQD,61,197,0.9999719053506851,6.317887917160988
6193,algoQD,61,197,0.9999719053506851,6.382398745045066
6194,algoQD,61,197,0.9999719053506851,6.380413713864982
6195,algoQD,61,197,0.9999719053506851,5.929820341058075
6196,algoQD,61,197,0.9999719053506851,6.636743891984224
6197,algoQD,61,197,0.9999719053506851,6.3493026490323246
6198,algoQD,61,197,0.9999719053506851,5.89942981582135
6199,algoQD,61,197,0.9999719053506851,5.437843349762261
6200,algoQD,62,197,0.9999719053506851,5.473347787745297
6201,algoQD,62,197,0.9999719053506851,5.476352955214679
6202,algoQD,62,197,0.9999719053506851,5.684190112166107
6203,algoQD,62,197,0.9999719053506851,6.063509287778288
6204,algoQD,62,197,0.9999719053506851,5.847458421252668
6205,algoQD,62,197,0.9999719053506851,6.1840646462515
6206,algoQD,62,197,0.9999719053506851,5.425603000912815
6207,algoQD,62,197,0.9999719053506851,5.779941652435809
6208,algoQD,62,197,0.9999719053506851,5.889042467810214
6209,algoQD,62,197,0.9999719053506851,5.417461186181754
6210,algoQD,62,197,0.9999719053506851,5.395659378729761
6211,algoQD,62,197,0.9999719053506851,6.0352673237212
6212,algoQD,62,197,0.9999719053506851,6.0577268111519516
6213,algoQD,62,197,0.9999719053506851,6.396876011043787
6214,algoQD,62,197,0.9999719053506851,5.88591982703656
6215,algoQD,62,197,0.9999719053506851,5.843095917720348
6216,algoQD,62,197,0.9999719053506851,5.377968900837004
6217,algoQD,62,197,0.9999719053506851,6.1395084541291
6218,algoQD,62,197,0.9999719053506851,5.546838604845107
6219,algoQD,62,197,0.9999719053506851,5.4034071592614055
6220,algoQD,62,197,0.9999719053506851,5.469153862912208
6221,algoQD,62,197,0.9999719053506851,5.283671920187771
6222,algoQD,62,197,0.9999719053506851,5.262751519214362
6223,algoQD,62,197,0.9999719053506851,5.047577491030097
6224,algoQD,62,197,0.9999719053506851,5.413052475079894
6225,algoQD,62,197,0.9999719053506851,5.1231078510172665
6226,algoQD,62,197,0.9999719053506851,5.237062146887183
6227,algoQD,62,197,0.9999719053506851,6.556453656870872
6228,algoQD,62,197,0.9999719053506851,5.457766585052013
6229,algoQD,62,197,0.9999719053506851,6.089461446274072
6230,algoQD,62,197,0.9999719053506851,5.04954262310639
6231,algoQD,62,197,0.9999719053506851,5.213002151809633
6232,algoQD,62,197,0.9999719053506851,5.090309024788439
6233,algoQD,62,197,0.9999719053506851,6.238612980116159
6234,algoQD,62,197,0.9999719053506851,5.091265221126378
6235,algoQD,62,197,0.9999719053506851,5.697304282803088
6236,algoQD,62,197,0.9999719053506851,5.7088705422356725
6237,algoQD,62,197,0.9999719053506851,5.636591290123761
6238,algoQD,62,197,0.9999719053506851,6.169580708723515
6239,algoQD,62,197,0.9999719053506851,5.712657573167235
6240,algoQD,62,197,0.9999719053506851,6.485051557421684
6241,algoQD,62,197,0.9999719053506851,6.404930521268398
6242,algoQD,62,197,0.9999719053506851,5.423525454942137
6243,algoQD,62,197,0.9999719053506851,6.377810274716467
6244,algoQD,62,197,0.9999719053506851,5.989572236780077
6245,algoQD,62,197,0.9999719053506851,6.352983672637492
6246,algoQD,62,197,0.9999719053506851,5.219571847934276
6247,algoQD,62,197,0.9999719053506851,5.5172663372941315
6248,algoQD,62,197,0.9999719053506851,6.225231376942247
6249,algoQD,62,197,0.9999719053506851,5.803895814809948
6250,algoQD,62,197,0.9999719053506851,6.346079568378627
6251,algoQD,62,197,0.9999719053506851,6.174509000964463
6252,algoQD,62,197,0.9999719053506851,4.970026769675314
6253,algoQD,62,197,0.9999719053506851,5.07184115704149
6254,algoQD,62,197,0.9999719053506851,5.067922181915492
6255,algoQD,62,197,0.9999719053506851,5.039276603143662
6256,algoQD,62,197,0.9999719053506851,4.75727413687855
6257,algoQD,62,197,0.9999719053506851,4.6987012582831085
6258,algoQD,62,197,0.9999719053506851,4.839445856865495
6259,algoQD,62,197,0.9999719053506851,5.737093947827816
6260,algoQD,62,197,0.9999719053506851,5.865934363100678
6261,algoQD,62,197,0.9999719053506851,5.1860097399912775
6262,algoQD,62,197,0.9999719053506851,4.6137828580103815
6263,algoQD,62,197,0.9999719053506851,5.4924662839621305
6264,algoQD,62,197,0.9999719053506851,5.445509274024516
6265,algoQD,62,197,0.9999719053506851,6.185272078029811
6266,algoQD,62,197,0.9999719053506851,4.961395130958408
6267,algoQD,62,197,0.9999719053506851,5.084088179748505
6268,algoQD,62,197,0.9999719053506851,5.432436421979219
6269,algoQD,62,197,0.9999719053506851,5.232354581356049
6270,algoQD,62,197,0.9999719053506851,6.094219757243991
6271,algoQD,62,197,0.9999719053506851,5.078480912838131
6272,algoQD,62,197,0.9999719053506851,5.51808281801641
6273,algoQD,62,197,0.9999719053506851,4.892324585933238
6274,algoQD,62,197,0.9999719053506851,4.700613792054355
6275,algoQD,62,197,0.9999719053506851,4.836713332682848
6276,algoQD,62,197,0.9999719053506851,5.346000733785331
6277,algoQD,62,197,0.9999719053506851,4.74041663389653
6278,algoQD,62,197,0.9999719053506851,5.6120411697775126
6279,algoQD,62,197,0.9999719053506851,4.7051817127503455
6280,algoQD,62,197,0.9999719053506851,4.886796118691564
6281,algoQD,62,197,0.9999719053506851,5.335843191947788
6282,algoQD,62,197,0.9999719053506851,5.8868211805820465
6283,algoQD,62,197,0.9999719053506851,5.674624598119408
6284,algoQD,62,197,0.9999719053506851,6.077535771764815
6285,algoQD,62,197,0.9999719053506851,5.533678927924484
6286,algoQD,62,197,0.9999719053506851,6.12938671791926
6287,algoQD,62,197,0.9999719053506851,5.555142165161669
6288,algoQD,62,197,0.9999719053506851,5.352520073764026
6289,algoQD,62,197,0.9999719053506851,5.625933079980314
6290,algoQD,62,197,0.9999719053506851,5.7403769115917385
6291,algoQD,62,197,0.9999719053506851,6.154245760757476
6292,algoQD,62,197,0.9999719053506851,6.2851245370693505
6293,algoQD,62,197,0.9999719053506851,5.084708821959794
6294,algoQD,62,197,0.9999719053506851,5.135007766075432
6295,algoQD,62,197,0.9999719053506851,5.29427743004635
6296,algoQD,62,197,0.9999719053506851,5.515011335257441
6297,algoQD,62,197,0.9999719053506851,4.948287864215672
6298,algoQD,62,197,0.9999719053506851,5.81828655814752
6299,algoQD,62,197,0.9999719053506851,5.4014849667437375
6300,algoQD,63,197,0.9999719053506851,5.932260673958808
6301,algoQD,63,197,0.9999719053506851,5.024043147917837
6302,algoQD,63,197,0.9999719053506851,5.264104184228927
6303,algoQD,63,197,0.9999719053506851,5.404372823890299
6304,algoQD,63,197,0.9999719053506851,6.297425250988454
6305,algoQD,63,197,0.9999719053506851,5.550756847951561
6306,algoQD,63,197,0.9999719053506851,5.528617513831705
6307,algoQD,63,197,0.9999719053506851,6.107241441961378
6308,algoQD,63,197,0.9999719053506851,5.6272804560139775
6309,algoQD,63,197,0.9999719053506851,6.044617570005357
6310,algoQD,63,197,0.9999719053506851,5.735337369143963
6311,algoQD,63,197,0.9999719053506851,6.029889779165387
6312,algoQD,63,197,0.9999719053506851,5.141094436869025
6313,algoQD,63,197,0.9999719053506851,5.059193389955908
6314,algoQD,63,197,0.9999719053506851,5.399883632082492
6315,algoQD,63,197,0.9999719053506851,5.978073127102107
6316,algoQD,63,197,0.9999719053506851,5.278531175106764
6317,algoQD,63,197,0.9999719053506851,5.613298285286874
6318,algoQD,63,197,0.9999719053506851,6.043052662163973
6319,algoQD,63,197,0.9999719053506851,6.177425310947001
6320,algoQD,63,197,0.9999719053506851,5.806868823245168
6321,algoQD,63,197,0.9999719053506851,5.557249607052654
6322,algoQD,63,197,0.9999719053506851,5.3458069381304085
6323,algoQD,63,197,0.9999719053506851,4.903088103979826
6324,algoQD,63,197,0.9999719053506851,5.641689734067768
6325,algoQD,63,197,0.9999719053506851,6.018458909820765
6326,algoQD,63,197,0.9999719053506851,5.161471973638982
6327,algoQD,63,197,0.9999719053506851,4.977999416179955
6328,algoQD,63,197,0.9999719053506851,5.9273508046753705
6329,algoQD,63,197,0.9999719053506851,5.721638774033636
6330,algoQD,63,197,0.9999719053506851,4.9664851180277765
6331,algoQD,63,197,0.9999719053506851,5.512815846130252
6332,algoQD,63,197,0.9999719053506851,6.097366611938924
6333,algoQD,63,197,0.9999719053506851,5.485636828932911
6334,algoQD,63,197,0.9999719053506851,5.60201026732102
6335,algoQD,63,197,0.9999719053506851,6.0516018769703805
6336,algoQD,63,197,0.9999719053506851,5.703278791159391
6337,algoQD,63,197,0.9999719053506851,5.9030543537810445
6338,algoQD,63,197,0.9999719053506851,5.132055739872158
6339,algoQD,63,197,0.9999719053506851,5.948496250901371
6340,algoQD,63,197,0.9999719053506851,5.989826146047562
6341,algoQD,63,197,0.9999719053506851,5.75520321726799
6342,algoQD,63,197,0.9999719053506851,5.0896317032165825
6343,algoQD,63,197,0.9999719053506851,5.288707455154508
6344,algoQD,63,197,0.9999719053506851,5.688524131197482
6345,algoQD,63,197,0.9999719053506851,5.587117724586278
6346,algoQD,63,197,0.9999719053506851,5.437317403964698
6347,algoQD,63,197,0.9999719053506851,6.089942243881524
6348,algoQD,63,197,0.9999719053506851,5.070019185077399
6349,algoQD,63,197,0.9999719053506851,4.94041976518929
6350,algoQD,63,197,0.9999719053506851,5.996197585016489
6351,algoQD,63,197,0.9999719053506851,4.785299544222653
6352,algoQD,63,197,0.9999719053506851,6.021842995192856
6353,algoQD,63,197,0.9999719053506851,4.746263802051544
6354,algoQD,63,197,0.9999719053506851,5.87550589768216
6355,algoQD,63,197,0.9999719053506851,5.554140381980687
6356,algoQD,63,197,0.9999719053506851,5.676569723058492
6357,algoQD,63,197,0.9999719053506851,5.06716790702194
6358,algoQD,63,197,0.9999719053506851,5.726037696003914
6359,algoQD,63,197,0.9999719053506851,5.964481294620782
6360,algoQD,63,197,0.9999719053506851,4.9298513061366975
6361,algoQD,63,197,0.9999719053506851,4.927918703760952
6362,algoQD,63,197,0.9999719053506851,5.724576506298035
6363,algoQD,63,197,0.9999719053506851,5.29790073633194
6364,algoQD,63,197,0.9999719053506851,5.072849132120609
6365,algoQD,63,197,0.9999719053506851,5.698939852882177
6366,algoQD,63,197,0.9999719053506851,6.0611813478171825
6367,algoQD,63,197,0.9999719053506851,4.549405612051487
6368,algoQD,63,197,0.9999719053506851,5.763009989168495
6369,algoQD,63,198,0.9999719053506851,5.672400364186615
6370,algoQD,63,198,0.9999719053506851,5.296708622016013
6371,algoQD,63,198,0.9999719053506851,5.743068747688085
6372,algoQD,63,198,0.9999719053506851,4.587159491144121
6373,algoQD,63,198,0.9999719053506851,5.147988513112068
6374,algoQD,63,198,0.9999719053506851,5.015671148896217
6375,algoQD,63,198,0.9999719053506851,5.068951747845858
6376,algoQD,63,198,0.9999719053506851,6.117907315958291
6377,algoQD,63,198,0.9999719053506851,5.84559991909191
6378,algoQD,63,198,0.9999719053506851,5.407833831850439
6379,algoQD,63,198,0.9999719053506851,5.2644968261010945
6380,algoQD,63,198,0.9999719053506851,4.929425770882517
6381,algoQD,63,198,0.9999719053506851,4.842621778137982
6382,algoQD,63,198,0.9999719053506851,5.318173612933606
6383,algoQD,63,198,0.9999719053506851,5.224018298089504
6384,algoQD,63,198,0.9999719053506851,6.17054874682799
6385,algoQD,63,198,0.9999719053506851,5.974233301822096
6386,algoQD,63,198,0.9999719053506851,5.3403873979114
6387,algoQD,63,198,0.9999719053506851,6.075414282269776
6388,algoQD,63,198,0.9999719053506851,5.536925743333995
6389,algoQD,63,198,0.9999719053506851,5.108445634134114
6390,algoQD,63,198,0.9999719053506851,4.926400575786829
6391,algoQD,63,198,0.9999719053506851,6.174721941817552
6392,algoQD,63,198,0.9999719053506851,5.66630290215835
6393,algoQD,63,198,0.9999719053506851,6.148577069398016
6394,algoQD,63,198,0.9999719053506851,4.607971737161279
6395,algoQD,63,198,0.9999719053506851,6.085825685877353
6396,algoQD,63,198,0.9999719053506851,5.2163355210796
6397,algoQD,63,198,0.9999719053506851,6.21804375294596
6398,algoQD,63,198,0.9999719053506851,5.826437959913164
6399,algoQD,63,198,0.9999719053506851,5.670743993949145
6400,algoQD,64,199,0.9999719053506851,5.718842249829322
6401,algoQD,64,199,0.9999719053506851,5.58775880606845
6402,algoQD,64,199,0.9999719053506851,6.234507873188704
6403,algoQD,64,199,0.9999719053506851,6.588764681015164
6404,algoQD,64,199,0.9999719053506851,5.839744394645095
6405,algoQD,64,199,0.9999719053506851,5.32728371815756
6406,algoQD,64,199,0.9999719053506851,5.960087573155761
6407,algoQD,64,199,0.9999719053506851,5.076556496787816
6408,algoQD,64,199,0.9999719053506851,6.823738262988627
6409,algoQD,64,199,0.9999719053506851,5.182020611129701
6410,algoQD,64,199,0.9999719053506851,5.761197282932699
6411,algoQD,64,199,0.9999719053506851,5.570179890375584
6412,algoQD,64,199,0.9999719053506851,6.365584081970155
6413,algoQD,64,199,0.9999719053506851,6.279464714229107
6414,algoQD,64,199,0.9999719053506851,5.7312951111234725
6415,algoQD,64,199,0.9999719053506851,5.574940364342183
6416,algoQD,64,199,0.9999719053506851,6.467799107078463
6417,algoQD,64,199,0.9999719053506851,5.67171490797773
6418,algoQD,64,199,0.9999719053506851,5.902600455563515
6419,algoQD,64,199,0.9999719053506851,6.374180004931986
6420,algoQD,64,199,0.9999719053506851,5.629242883995175
6421,algoQD,64,199,0.9999719053506851,6.443603897932917
6422,algoQD,64,199,0.9999719053506851,6.036197708919644
6423,algoQD,64,199,0.9999719053506851,6.37706989608705
6424,algoQD,64,199,0.9999719053506851,5.916137605905533
6425,algoQD,64,199,0.9999719053506851,5.335787084884942
6426,algoQD,64,199,0.9999719053506851,5.078326691873372
6427,algoQD,64,200,0.9999719053506851,5.911331804934889
6428,algoQD,64,200,0.9999719053506851,5.254182305186987
6429,algoQD,64,200,0.9999719053506851,6.143735961988568
6430,algoQD,64,200,0.9999719053506851,5.982293392997235
6431,algoQD,64,200,0.9999719053506851,5.34699865989387
6432,algoQD,64,200,0.9999719053506851,5.977745468262583
6433,algoQD,64,201,0.9999719053506851,5.629707030951977
6434,algoQD,64,201,0.9999719053506851,6.011959038674831
6435,algoQD,64,201,0.9999719053506851,5.00335893407464
6436,algoQD,64,201,0.9999719053506851,5.2366072572767735
6437,algoQD,64,201,0.9999719053506851,5.594809139147401
6438,algoQD,64,201,0.9999719053506851,5.899109087884426
6439,algoQD,64,201,0.9999719053506851,6.284808794036508
6440,algoQD,64,201,0.9999719053506851,5.657599376980215
6441,algoQD,64,201,0.9999719053506851,5.326355192810297
6442,algoQD,64,201,0.9999719053506851,5.360929684247822
6443,algoQD,64,201,0.9999719053506851,5.67968258401379
6444,algoQD,64,201,0.9999719053506851,5.004399039782584
6445,algoQD,64,201,0.9999719053506851,6.00363720394671
6446,algoQD,64,201,0.9999719053506851,5.8721192087978125
6447,algoQD,64,201,0.9999719053506851,5.097188152838498
6448,algoQD,64,201,0.9999719053506851,5.455955784302205
6449,algoQD,64,201,0.9999719053506851,6.340846910141408
6450,algoQD,64,201,0.9999719053506851,6.280365784652531
6451,algoQD,64,201,0.9999719053506851,5.190277541987598
6452,algoQD,64,201,0.9999719053506851,5.982702520210296
6453,algoQD,64,201,0.9999719053506851,5.7642348618246615
6454,algoQD,64,201,0.9999719053506851,5.98707666201517
6455,algoQD,64,201,0.9999719053506851,5.4015267649665475
6456,algoQD,64,201,0.9999719053506851,5.3677723640576005
6457,algoQD,64,201,0.9999719053506851,4.97326282504946
6458,algoQD,64,201,0.9999719053506851,5.315025254152715
6459,algoQD,64,201,0.9999719053506851,5.766531503293663
6460,algoQD,64,201,0.9999719053506851,5.3343302719295025
6461,algoQD,64,201,0.9999719053506851,5.025937758851796
6462,algoQD,64,201,0.9999719053506851,5.295865749940276
6463,algoQD,64,201,0.9999719053506851,5.0970623241737485
6464,algoQD,64,201,0.9999719053506851,5.578572708647698
6465,algoQD,64,201,0.9999719053506851,5.030119651928544
6466,algoQD,64,201,0.9999719053506851,5.8382774027995765
6467,algoQD,64,201,0.9999719053506851,6.012298601213843
6468,algoQD,64,201,0.9999719053506851,5.873551725875586
6469,algoQD,64,201,0.9999719053506851,4.824706445913762
6470,algoQD,64,201,0.9999719053506851,4.997684441972524
6471,algoQD,64,201,0.9999719053506851,5.276638440322131
6472,algoQD,64,201,0.9999719053506851,6.083970961160958
6473,algoQD,64,201,0.9999719053506851,5.899548398796469
6474,algoQD,64,201,0.9999719053506851,4.704759806860238
6475,algoQD,64,201,0.9999719053506851,5.216259697917849
6476,algoQD,64,201,0.9999719053506851,6.059103944338858
6477,algoQD,64,201,0.9999719053506851,5.218038278166205
6478,algoQD,64,201,0.9999719053506851,6.152895919978619
6479,algoQD,64,201,0.9999719053506851,5.189547383226454
6480,algoQD,64,201,0.9999719053506851,4.921846500132233
6481,algoQD,64,201,0.9999719053506851,4.686585674993694
6482,algoQD,64,201,0.9999719053506851,5.614443625789136
6483,algoQD,64,201,0.9999719053506851,6.03056543180719
6484,algoQD,64,201,0.9999719053506851,5.106218962930143
6485,algoQD,64,201,0.9999719053506851,5.584343147929758
6486,algoQD,64,201,0.9999719053506851,5.653669034130871
6487,algoQD,64,201,0.9999719053506851,5.749991533346474
6488,algoQD,64,201,0.9999719053506851,4.551276633050293
6489,algoQD,64,202,0.9999719053506851,6.034159070812166
6490,algoQD,64,202,0.9999719053506851,5.495231853798032
6491,algoQD,64,202,0.9999719053506851,5.282867244910449
6492,algoQD,64,202,0.9999719053506851,5.547155219130218
6493,algoQD,64,202,0.9999719053506851,5.361204288434237
6494,algoQD,64,202,0.9999719053506851,5.637949950993061
6495,algoQD,64,202,0.9999719053506851,6.273308285046369
6496,algoQD,64,202,0.9999719053506851,4.915418388787657
6497,algoQD,64,202,0.9999719053506851,5.766418625134975
6498,algoQD,64,202,0.9999719053506851,5.462355952709913
6499,algoQD,64,202,0.9999719053506851,5.9989360249601305
6500,algoQD,65,202,0.9999719053506851,4.7311656079255044
6501,algoQD,65,202,0.9999719053506851,4.630118531174958
6502,algoQD,65,202,0.9999719053506851,5.250774102285504
6503,algoQD,65,202,0.9999719053506851,4.8890508050099015
6504,algoQD,65,202,0.9999719053506851,4.828692232724279
6505,algoQD,65,202,0.9999719053506851,4.628540308680385
6506,algoQD,65,202,0.9999719053506851,5.302619106136262
6507,algoQD,65,202,0.9999719053506851,5.5198206678032875
6508,algoQD,65,202,0.9999719053506851,4.722099266014993
6509,algoQD,65,202,0.9999719053506851,5.07288426393643
6510,algoQD,65,202,0.9999719053506851,5.062796541955322
6511,algoQD,65,202,0.9999719053506851,5.444770753849298
6512,algoQD,65,202,0.9999719053506851,5.057185159996152
6513,algoQD,65,202,0.9999719053506851,5.5351204769685864
6514,algoQD,65,202,0.9999719053506851,5.156710239127278
6515,algoQD,65,202,0.9999719053506851,5.416057317983359
6516,algoQD,65,202,0.9999719053506851,4.928579397965223
6517,algoQD,65,202,0.9999719053506851,5.569765642751008
6518,algoQD,65,202,0.9999719053506851,4.801797532942146
6519,algoQD,65,202,0.9999719053506851,4.551721463911235
6520,algoQD,65,202,0.9999719053506851,5.536179649177939
6521,algoQD,65,202,0.9999719053506851,4.81129608117044
6522,algoQD,65,202,0.9999719053506851,6.050174884963781
6523,algoQD,65,202,0.9999719053506851,5.710959129035473
6524,algoQD,65,202,0.9999719053506851,6.034705915022641
6525,algoQD,65,202,0.9999719053506851,5.020959007088095
6526,algoQD,65,202,0.9999719053506851,4.97346383985132
6527,algoQD,65,202,0.9999719053506851,5.4908405458554626
6528,algoQD,65,202,0.9999719053506851,5.341681508813053
6529,algoQD,65,202,0.9999719053506851,5.445131454151124
6530,algoQD,65,202,0.9999719053506851,5.340152628719807
6531,algoQD,65,202,0.9999719053506851,6.144433747045696
6532,algoQD,65,202,0.9999719053506851,5.560803035739809
6533,algoQD,65,202,0.9999719053506851,5.9714248911477625
6534,algoQD,65,202,0.9999719053506851,5.747262337245047
6535,algoQD,65,202,0.9999719053506851,5.980652255937457
6536,algoQD,65,202,0.9999719053506851,5.898486997932196
6537,algoQD,65,202,0.9999719053506851,5.382595106959343
6538,algoQD,65,202,0.9999719053506851,5.823163419030607
6539,algoQD,65,202,0.9999719053506851,5.115035771857947
6540,algoQD,65,202,0.9999719053506851,4.961389063857496
6541,algoQD,65,202,0.9999719053506851,4.7139005940407515
6542,algoQD,65,202,0.9999719053506851,5.219721925910562
6543,algoQD,65,202,0.9999719053506851,5.798318602144718
6544,algoQD,65,202,0.9999719053506851,5.093577890191227
6545,algoQD,65,202,0.9999719053506851,4.999432229902595
6546,algoQD,65,202,0.9999719053506851,5.099872389808297
6547,algoQD,65,202,0.9999719053506851,5.7123334356583655
6548,algoQD,65,202,0.9999719053506851,4.772149560041726
6549,algoQD,65,202,0.9999719053506851,5.773463256191462
6550,algoQD,65,202,0.9999719053506851,5.727813597768545
6551,algoQD,65,202,0.9999719053506851,4.72973419399932
6552,algoQD,65,202,0.9999719053506851,5.648425786755979
6553,algoQD,65,202,0.9999719053506851,5.506337489001453
6554,algoQD,65,202,0.9999719053506851,5.367659794632345
6555,algoQD,65,202,0.9999719053506851,5.919431344605982
6556,algoQD,65,202,0.9999719053506851,6.111597368028015
6557,algoQD,65,202,0.9999719053506851,5.401025915052742
6558,algoQD,65,202,0.9999719053506851,5.071317892987281
6559,algoQD,65,202,0.9999719053506851,5.051703010220081
6560,algoQD,65,202,0.9999719053506851,5.239142883103341
6561,algoQD,65,202,0.9999719053506851,5.2318945759907365
6562,algoQD,65,202,0.9999719053506851,5.111520589794964
6563,algoQD,65,202,0.9999719053506851,5.8495726101100445
6564,algoQD,65,202,0.9999719053506851,5.514812733978033
6565,algoQD,65,202,0.9999719053506851,6.261630247812718
6566,algoQD,65,202,0.9999719053506851,5.005535362754017
6567,algoQD,65,202,0.9999719053506851,4.846423666924238
6568,algoQD,65,202,0.9999719053506851,5.20039968425408
6569,algoQD,65,202,0.9999719053506851,5.009228179231286
6570,algoQD,65,202,0.9999719053506851,5.27717106975615
6571,algoQD,65,202,0.9999719053506851,5.487538036890328
6572,algoQD,65,202,0.9999719053506851,5.79023845307529
6573,algoQD,65,202,0.9999719053506851,5.446208349894732
6574,algoQD,65,202,0.9999719053506851,5.3215763182379305
6575,algoQD,65,202,0.9999719053506851,5.835510208271444
6576,algoQD,65,202,0.9999719053506851,5.256429617293179
6577,algoQD,65,203,0.9999719053506851,6.155346665997058
6578,algoQD,65,203,0.9999719053506851,4.849632100202143
6579,algoQD,65,203,0.9999719053506851,6.086420274339616
6580,algoQD,65,203,0.9999719053506851,5.486318272072822
6581,algoQD,65,203,0.9999719053506851,5.612789708655328
6582,algoQD,65,203,0.9999719053506851,5.447940303944051
6583,algoQD,65,203,0.9999719053506851,5.655868821311742
6584,algoQD,65,203,0.9999719053506851,5.470100055914372
6585,algoQD,65,203,0.9999719053506851,5.661918141879141
6586,algoQD,65,203,0.9999719053506851,5.910383637994528
6587,algoQD,65,203,0.9999719053506851,5.246212851721793
6588,algoQD,65,203,0.9999719053506851,5.886377245653421
6589,algoQD,65,203,0.9999719053506851,5.770871978718787
6590,algoQD,65,203,0.9999719053506851,4.90415803110227
6591,algoQD,65,203,0.9999719053506851,5.124352407176048
6592,algoQD,65,203,0.9999719053506851,4.938345772679895
6593,algoQD,65,203,0.9999719053506851,5.247961565852165
6594,algoQD,65,203,0.9999719053506851,6.07905329298228
6595,algoQD,65,203,0.9999719053506851,5.3030546102672815
6596,algoQD,65,203,0.9999719053506851,5.4215077380649745
6597,algoQD,65,203,0.9999719053506851,6.156879832036793
6598,algoQD,65,203,0.9999719053506851,4.589251719880849
6599,algoQD,65,203,0.9999719053506851,5.1526033799164
6600,algoQD,66,203,0.9999719053506851,5.1075473628006876
6601,algoQD,66,203,0.9999719053506851,5.972752429079264
6602,algoQD,66,203,0.9999719053506851,6.09689063904807
6603,algoQD,66,203,0.9999719053506851,4.966758280992508
6604,algoQD,66,203,0.9999719053506851,6.452501625288278
6605,algoQD,66,203,0.9999719053506851,5.63005668669939
6606,algoQD,66,203,0.9999719053506851,5.364404295105487
6607,algoQD,66,203,0.9999719053506851,5.703051446937025
6608,algoQD,66,203,0.9999719053506851,6.015425833873451
6609,algoQD,66,203,0.9999719053506851,5.21947805583477
6610,algoQD,66,203,0.9999719053506851,5.446142196189612
6611,algoQD,66,203,0.9999719053506851,5.376190454699099
6612,algoQD,66,203,0.9999719053506851,5.135525240097195
6613,algoQD,66,203,0.9999719053506851,5.447592103853822
6614,algoQD,66,203,0.9999719053506851,5.457697028759867
6615,algoQD,66,203,0.9999719053506851,5.3894974500872195
6616,algoQD,66,203,0.9999719053506851,5.9364481889642775
6617,algoQD,66,203,0.9999719053506851,5.802757117897272
6618,algoQD,66,203,0.9999719053506851,6.040466710925102
6619,algoQD,66,203,0.9999719053506851,4.9865340469405055
6620,algoQD,66,203,0.9999719053506851,5.7470527910627425
6621,algoQD,66,203,0.9999719053506851,6.155207545030862
6622,algoQD,66,203,0.9999719053506851,6.061049003154039
6623,algoQD,66,203,0.9999719053506851,4.8368856953457
6624,algoQD,66,203,0.9999719053506851,5.9897905443795025
6625,algoQD,66,203,0.9999719053506851,5.614125763066113
6626,algoQD,66,203,0.9999719053506851,4.91409451700747
6627,algoQD,66,203,0.9999719053506851,5.015296095982194
6628,algoQD,66,203,0.9999719053506851,5.699057119898498
6629,algoQD,66,203,0.9999719053506851,5.086846885737032
6630,algoQD,66,203,0.9999719053506851,5.0165125648491085
6631,algoQD,66,203,0.9999719053506851,5.8882702938281
6632,algoQD,66,203,0.9999719053506851,5.989899741020054
6633,algoQD,66,203,0.9999719053506851,5.6333950948901474
6634,algoQD,66,203,0.9999719053506851,5.1763749602250755
6635,algoQD,66,203,0.9999719053506851,4.804975479841232
6636,algoQD,66,203,0.9999719053506851,5.083797676023096
6637,algoQD,66,203,0.9999719053506851,5.520581515040249
6638,algoQD,66,203,0.9999719053506851,6.0791873671114445
6639,algoQD,66,203,0.9999719053506851,5.85031811799854
6640,algoQD,66,203,0.9999719053506851,5.8606345928274095
6641,algoQD,66,203,0.9999719053506851,5.2281111679039896
6642,algoQD,66,203,0.9999719053506851,5.663228928111494
6643,algoQD,66,203,0.9999719053506851,4.820103904232383
6644,algoQD,66,203,0.9999719053506851,5.274617786984891
6645,algoQD,66,203,0.9999719053506851,5.9126517730765045
6646,algoQD,66,203,0.9999719053506851,5.95420499285683
6647,algoQD,66,203,0.9999719053506851,4.973816306330264
6648,algoQD,66,203,0.9999719053506851,4.777403949294239
6649,algoQD,66,203,0.9999719053506851,6.060170963872224
6650,algoQD,66,203,0.9999719053506851,5.637318049091846
6651,algoQD,66,203,0.9999719053506851,6.083208024036139
6652,algoQD,66,203,0.9999719053506851,6.160207469947636
6653,algoQD,66,203,0.9999719053506851,5.406493736896664
6654,algoQD,66,203,0.9999719053506851,6.21862659836188
6655,algoQD,66,203,0.9999719053506851,5.403171679005027
6656,algoQD,66,203,0.9999719053506851,6.078752604778856
6657,algoQD,66,203,0.9999719053506851,5.839803031180054
6658,algoQD,66,203,0.9999719053506851,5.155589061789215
6659,algoQD,66,203,0.9999719053506851,6.204631193075329
6660,algoQD,66,203,0.9999719053506851,5.5237905899994075
6661,algoQD,66,203,0.9999719053506851,5.5035019321367145
6662,algoQD,66,203,0.9999719053506851,4.886198034975678
6663,algoQD,66,203,0.9999719053506851,5.420519990846515
6664,algoQD,66,203,0.9999719053506851,5.138925834093243
6665,algoQD,66,203,0.9999719053506851,6.191384331788868
6666,algoQD,66,203,0.9999719053506851,5.39580354699865
6667,algoQD,66,203,0.9999719053506851,5.162724564317614
6668,algoQD,66,204,0.9999719053506851,6.08047203393653
6669,algoQD,66,204,0.9999719053506851,6.065079388674349
6670,algoQD,66,204,0.9999719053506851,5.888629531953484
6671,algoQD,66,204,0.9999719053506851,6.431047154124826
6672,algoQD,66,204,0.9999719053506851,4.877311593387276
6673,algoQD,66,204,0.9999719053506851,5.6483680182136595
6674,algoQD,66,204,0.9999719053506851,5.6825282871723175
6675,algoQD,66,204,0.9999719053506851,6.393416489008814
6676,algoQD,66,204,0.9999719053506851,5.44801242928952
6677,algoQD,66,204,0.9999719053506851,6.28936351230368
6678,algoQD,66,204,0.9999719053506851,5.016312296967953
6679,algoQD,66,204,0.9999719053506851,6.319376753643155
6680,algoQD,66,204,0.9999719053506851,6.397410435136408
6681,algoQD,66,204,0.9999719053506851,5.454419795889407
6682,algoQD,66,204,0.9999719053506851,5.523929019924253
6683,algoQD,66,204,0.9999719053506851,5.508152547758073
6684,algoQD,66,204,0.9999719053506851,5.641402996145189
6685,algoQD,66,204,0.9999719053506851,5.632209835574031
6686,algoQD,66,204,0.9999719053506851,6.194655051920563
6687,algoQD,66,204,0.9999719053506851,6.38603870710358
6688,algoQD,66,204,0.9999719053506851,5.497349495999515
6689,algoQD,66,204,0.9999719053506851,6.1288591851480305
6690,algoQD,66,204,0.9999719053506851,5.848394002765417
6691,algoQD,66,204,0.9999719053506851,5.191189060918987
6692,algoQD,66,204,0.9999719053506851,5.547208018135279
6693,algoQD,66,204,0.9999719053506851,5.898765814956278
6694,algoQD,66,204,0.9999719053506851,5.3521704180166125
6695,algoQD,66,204,0.9999719053506851,5.4604739169590175
6696,algoQD,66,204,0.9999719053506851,5.865989971905947
6697,algoQD,66,204,0.9999719053506851,5.036642581690103
6698,algoQD,66,204,0.9999719053506851,5.942893840372562
6699,algoQD,66,204,0.9999719053506851,6.224243060685694
6700,algoQD,67,204,0.9999719053506851,7.0014368132688105
6701,algoQD,67,204,0.9999719053506851,6.554436018690467
6702,algoQD,67,204,0.9999719053506851,6.168988603167236
6703,algoQD,67,204,0.9999719053506851,6.2597087966278195
6704,algoQD,67,204,0.9999719053506851,6.222890906967223
6705,algoQD,67,205,0.9999719053506851,6.675229296088219
6706,algoQD,67,205,0.9999719053506851,6.2764317356050014
6707,algoQD,67,205,0.9999719053506851,6.223631815984845
6708,algoQD,67,205,0.9999719053506851,6.3547166008502245
6709,algoQD,67,205,0.9999719053506851,5.676620704121888
6710,algoQD,67,205,0.9999719053506851,6.107132971286774
6711,algoQD,67,205,0.9999719053506851,5.284067823085934
6712,algoQD,67,205,0.9999719053506851,5.092246821150184
6713,algoQD,67,205,0.9999719053506851,5.313471091911197
6714,algoQD,67,205,0.9999719053506851,5.4358440157957375
6715,algoQD,67,206,0.9999719053506851,6.535973271355033
6716,algoQD,67,206,0.9999719053506851,6.576178051065654
6717,algoQD,67,206,0.9999719053506851,5.443914266303182
6718,algoQD,67,206,0.9999719053506851,5.577239154372364
6719,algoQD,67,206,0.9999719053506851,6.176993940025568
6720,algoQD,67,206,0.9999719053506851,5.995108644012362
6721,algoQD,67,206,0.9999719053506851,7.188654927071184
6722,algoQD,67,206,0.9999719053506851,6.134803036693484
6723,algoQD,67,206,0.9999719053506851,6.387387334834784
6724,algoQD,67,206,0.9999719053506851,5.819143482018262
6725,algoQD,67,206,0.9999719053506851,6.045736358035356
6726,algoQD,67,206,0.9999719053506851,6.320295509882271
6727,algoQD,67,206,0.9999719053506851,5.722219066228718
6728,algoQD,67,206,0.9999719053506851,5.740270365029573
6729,algoQD,67,206,0.9999719053506851,5.699501317925751
6730,algoQD,67,206,0.9999719053506851,5.271536762826145
6731,algoQD,67,206,0.9999719053506851,5.74514389410615
6732,algoQD,67,206,0.9999719053506851,5.465195858851075
6733,algoQD,67,206,0.9999719053506851,6.207278113812208
6734,algoQD,67,206,0.9999719053506851,6.3901698724366724
6735,algoQD,67,206,0.9999719053506851,5.574930842034519
6736,algoQD,67,206,0.9999719053506851,6.102831635158509
6737,algoQD,67,206,0.9999719053506851,6.022423345595598
6738,algoQD,67,206,0.9999719053506851,6.27397136669606
6739,algoQD,67,206,0.9999719053506851,5.259472548030317
6740,algoQD,67,206,0.9999719053506851,5.648176605347544
6741,algoQD,67,206,0.9999719053506851,6.309257152955979
6742,algoQD,67,206,0.9999719053506851,5.388833246193826
6743,algoQD,67,206,0.9999719053506851,5.7495699767023325
6744,algoQD,67,206,0.9999719053506851,6.2390382080338895
6745,algoQD,67,206,0.9999719053506851,5.53405694803223
6746,algoQD,67,206,0.9999719053506851,5.344045265112072
6747,algoQD,67,206,0.9999719053506851,5.031922893133014
6748,algoQD,67,206,0.9999719053506851,5.2781527251936495
6749,algoQD,67,206,0.9999719053506851,4.9528797450475395
6750,algoQD,67,206,0.9999719053506851,5.5901334481313825
6751,algoQD,67,206,0.9999719053506851,5.356703783851117
6752,algoQD,67,206,0.9999719053506851,6.449568642303348
6753,algoQD,67,206,0.9999719053506851,6.5284262909553945
6754,algoQD,67,206,0.9999719053506851,5.319268327206373
6755,algoQD,67,206,0.9999719053506851,5.900362883228809
6756,algoQD,67,206,0.9999719053506851,5.262609344907105
6757,algoQD,67,206,0.9999719053506851,5.685670803766698
6758,algoQD,67,206,0.9999719053506851,5.136173293925822
6759,algoQD,67,206,0.9999719053506851,5.133566086646169
6760,algoQD,67,206,0.9999719053506851,5.297299164813012
6761,algoQD,67,206,0.9999719053506851,5.100859353784472
6762,algoQD,67,206,0.9999719053506851,4.93053559307009
6763,algoQD,67,206,0.9999719053506851,4.926668918225914
6764,algoQD,67,206,0.9999719053506851,4.84971425589174
6765,algoQD,67,206,0.9999719053506851,5.736895468086004
6766,algoQD,67,206,0.9999719053506851,5.887140998151153
6767,algoQD,67,206,0.9999719053506851,5.978114971891046
6768,algoQD,67,206,0.9999719053506851,6.425384154077619
6769,algoQD,67,206,0.9999719053506851,6.070261820219457
6770,algoQD,67,206,0.9999719053506851,5.984448900911957
6771,algoQD,67,206,0.9999719053506851,5.589307980146259
6772,algoQD,67,206,0.9999719053506851,5.4927208800800145
6773,algoQD,67,206,0.9999719053506851,5.613625810015947
6774,algoQD,67,206,0.9999719053506851,5.941757029853761
6775,algoQD,67,207,0.9999719053506851,6.417337018996477
6776,algoQD,67,208,0.9999719053506851,5.926708234939724
6777,algoQD,67,208,0.9999719053506851,6.129191603045911
6778,algoQD,67,208,0.9999719053506851,6.542331294622272
6779,algoQD,67,208,0.9999719053506851,5.744933566544205
6780,algoQD,67,208,0.9999719053506851,6.119998201727867
6781,algoQD,67,208,0.9999719053506851,5.305948127992451
6782,algoQD,67,208,0.9999719053506851,5.399809123016894
6783,algoQD,67,208,0.9999719053506851,5.529998989775777
6784,algoQD,67,208,0.9999719053506851,4.97779555618763
6785,algoQD,67,208,0.9999719053506851,5.437153429724276
6786,algoQD,67,208,0.9999719053506851,6.007354132365435
6787,algoQD,67,208,0.9999719053506851,6.448992022778839
6788,algoQD,67,208,0.9999719053506851,5.1134378630667925
6789,algoQD,67,208,0.9999719053506851,5.762200022116303
6790,algoQD,67,208,0.9999719053506851,6.124410169199109
6791,algoQD,67,208,0.9999719053506851,6.159040695987642
6792,algoQD,67,208,0.9999719053506851,5.829460768029094
6793,algoQD,67,208,0.9999719053506851,6.068667628802359
6794,algoQD,67,208,0.9999719053506851,4.686920682899654
6795,algoQD,67,208,0.9999719053506851,4.861568595748395
6796,algoQD,67,208,0.9999719053506851,5.703465098049492
6797,algoQD,67,208,0.9999719053506851,5.282263012137264
6798,algoQD,67,208,0.9999719053506851,5.580051878001541
6799,algoQD,67,208,0.9999719053506851,6.126160555984825
6800,algoQD,68,208,0.9999719053506851,5.982494197320193
6801,algoQD,68,208,0.9999719053506851,5.390118944924325
6802,algoQD,68,208,0.9999719053506851,6.201368327252567
6803,algoQD,68,208,0.9999719053506851,5.0764726949855685
6804,algoQD,68,208,0.9999719053506851,5.451742246747017
6805,algoQD,68,208,0.9999719053506851,5.552343713119626
6806,algoQD,68,208,0.9999719053506851,5.721476962789893
6807,algoQD,68,208,0.9999719053506851,4.820855644997209
6808,algoQD,68,208,0.9999719053506851,5.97386191599071
6809,algoQD,68,208,0.9999719053506851,5.263023578096181
6810,algoQD,68,208,0.9999719053506851,6.021116286050528
6811,algoQD,68,208,0.9999719053506851,5.3171646520495415
6812,algoQD,68,208,0.9999719053506851,5.433082608971745
6813,algoQD,68,208,0.9999719053506851,5.425295423716307
6814,algoQD,68,208,0.9999719053506851,5.051033623982221
6815,algoQD,68,208,0.9999719053506851,5.532862989697605
6816,algoQD,68,208,0.9999719053506851,5.096880767028779
6817,algoQD,68,208,0.9999719053506851,5.321174638345838
6818,algoQD,68,208,0.9999719053506851,4.621708780061454
6819,algoQD,68,208,0.9999719053506851,5.555499315261841
6820,algoQD,68,208,0.9999719053506851,5.823349299840629
6821,algoQD,68,208,0.9999719053506851,5.830266961827874
6822,algoQD,68,208,0.9999719053506851,5.305525197647512
6823,algoQD,68,208,0.9999719053506851,5.555773773696274
6824,algoQD,68,208,0.9999719053506851,5.867374319117516
6825,algoQD,68,208,0.9999719053506851,5.919914166908711
6826,algoQD,68,208,0.9999719053506851,5.427108239382505
6827,algoQD,68,208,0.9999719053506851,4.74626593105495
6828,algoQD,68,208,0.9999719053506851,5.255758008919656
6829,algoQD,68,208,0.9999719053506851,5.031625522300601
6830,algoQD,68,208,0.9999719053506851,5.466450858861208
6831,algoQD,68,208,0.9999719053506851,5.824300257023424
6832,algoQD,68,208,0.9999719053506851,6.29581930115819
6833,algoQD,68,208,0.9999719053506851,6.06868469202891
6834,algoQD,68,208,0.9999719053506851,6.429931877180934
6835,algoQD,68,208,0.9999719053506851,6.230307290330529
6836,algoQD,68,208,0.9999719053506851,5.769457175396383
6837,algoQD,68,208,0.9999719053506851,5.542290275916457
6838,algoQD,68,208,0.9999719053506851,5.187413735780865
6839,algoQD,68,208,0.9999719053506851,6.042516913730651
6840,algoQD,68,208,0.9999719053506851,5.718822317197919
6841,algoQD,68,208,0.9999719053506851,5.739643431268632
6842,algoQD,68,208,0.9999719053506851,5.345477281138301
6843,algoQD,68,208,0.9999719053506851,5.1847633281722665
6844,algoQD,68,208,0.9999719053506851,5.333925292361528
6845,algoQD,68,208,0.9999719053506851,6.2395256301388144
6846,algoQD,68,208,0.9999719053506851,5.546179263852537
6847,algoQD,68,208,0.9999719053506851,5.284214188810438
6848,algoQD,68,208,0.9999719053506851,6.226184208877385
6849,algoQD,68,208,0.9999719053506851,6.077027434017509
6850,algoQD,68,208,0.9999719053506851,5.137398177292198
6851,algoQD,68,208,0.9999719053506851,6.100646929815412
6852,algoQD,68,208,0.9999719053506851,5.414717714767903
6853,algoQD,68,208,0.9999719053506851,6.059483624063432
6854,algoQD,68,208,0.9999719053506851,5.461651562713087
6855,algoQD,68,208,0.9999719053506851,5.827781624160707
6856,algoQD,68,208,0.9999719053506851,6.97068976610899
6857,algoQD,68,208,0.9999719053506851,5.248711935710162
6858,algoQD,68,208,0.9999719053506851,5.996344113256782
6859,algoQD,68,208,0.9999719053506851,5.587784917559475
6860,algoQD,68,208,0.9999719053506851,5.396276968996972
6861,algoQD,68,208,0.9999719053506851,6.402752626687288
6862,algoQD,68,208,0.9999719053506851,5.526419139932841
6863,algoQD,68,208,0.9999719053506851,5.745426220819354
6864,algoQD,68,208,0.9999719053506851,5.218877148814499
6865,algoQD,68,208,0.9999719053506851,5.249537596013397
6866,algoQD,68,208,0.9999719053506851,5.329880614764988
6867,algoQD,68,208,0.9999719053506851,5.628110349178314
6868,algoQD,68,208,0.9999719053506851,6.241270423866808
6869,algoQD,68,208,0.9999719053506851,6.217382946051657
6870,algoQD,68,208,0.9999719053506851,6.568991173058748
6871,algoQD,68,208,0.9999719053506851,6.276028584223241
6872,algoQD,68,209,0.9999719053506851,6.6071092947386205
6873,algoQD,68,209,0.9999719053506851,6.364752520807087
6874,algoQD,68,209,0.9999719053506851,6.013082003220916
6875,algoQD,68,209,0.9999719053506851,5.328300999943167
6876,algoQD,68,209,0.9999719053506851,6.335183385759592
6877,algoQD,68,209,0.9999719053506851,6.517028835602105
6878,algoQD,68,209,0.9999719053506851,5.447253434918821
6879,algoQD,68,209,0.9999719053506851,5.7566402717493474
6880,algoQD,68,209,0.9999719053506851,6.225402681156993
6881,algoQD,68,209,0.9999719053506851,5.23859716206789
6882,algoQD,68,209,0.9999719053506851,5.675398314837366
6883,algoQD,68,209,0.9999719053506851,5.164542275015265
6884,algoQD,68,209,0.9999719053506851,6.063096552155912
6885,algoQD,68,209,0.9999719053506851,5.38319381698966
6886,algoQD,68,209,0.9999719053506851,5.943305089138448
6887,algoQD,68,209,0.9999719053506851,5.808577513787895
6888,algoQD,68,209,0.9999719053506851,5.349364390596747
6889,algoQD,68,209,0.9999719053506851,6.518825349863619
6890,algoQD,68,209,0.9999719053506851,6.118966075126082
6891,algoQD,68,209,0.9999719053506851,6.0512390257790685
6892,algoQD,68,209,0.9999719053506851,6.72693369910121
6893,algoQD,68,209,0.9999719053506851,6.293187397997826
6894,algoQD,68,209,0.9999719053506851,6.81615902017802
6895,algoQD,68,209,0.9999719053506851,5.448202379979193
6896,algoQD,68,209,0.9999719053506851,6.180339969228953
6897,algoQD,68,209,0.9999719053506851,6.594933446962386
6898,algoQD,68,209,0.9999719053506851,5.584729786030948
6899,algoQD,68,209,0.9999719053506851,6.07727305078879
6900,algoQD,69,209,0.9999719053506851,6.612944792024791
6901,algoQD,69,209,0.9999719053506851,5.49502804223448
6902,algoQD,69,209,0.9999719053506851,6.213292466010898
6903,algoQD,69,209,0.9999719053506851,6.524690723977983
6904,algoQD,69,209,0.9999719053506851,5.524917081929743
6905,algoQD,69,210,0.9999719053506851,6.161257589235902
6906,algoQD,69,210,0.9999719053506851,6.513158150948584
6907,algoQD,69,210,0.9999719053506851,6.264370074030012
6908,algoQD,69,210,0.9999719053506851,6.7036320068873465
6909,algoQD,69,210,0.9999719053506851,5.938408397138119
6910,algoQD,69,210,0.9999719053506851,6.012341575231403
6911,algoQD,69,210,0.9999719053506851,5.789336606860161
6912,algoQD,69,210,0.9999719053506851,6.651882670819759
6913,algoQD,69,210,0.9999719053506851,6.324886838905513
6914,algoQD,69,210,0.9999719053506851,5.855957395862788
6915,algoQD,69,210,0.9999719053506851,6.29826719686389
6916,algoQD,69,210,0.9999719053506851,5.430440174881369
6917,algoQD,69,210,0.9999719053506851,5.763132188934833
6918,algoQD,69,210,0.9999719053506851,6.360532335005701
6919,algoQD,69,210,0.9999719053506851,5.485485770273954
6920,algoQD,69,210,0.9999719053506851,5.074171558022499
6921,algoQD,69,210,0.9999719053506851,6.546101693063974
6922,algoQD,69,210,0.9999719053506851,6.062296880874783
6923,algoQD,69,210,0.9999719053506851,6.2817313503474
6924,algoQD,69,210,0.9999719053506851,6.133806677069515
6925,algoQD,69,210,0.9999719053506851,6.156170386821032
6926,algoQD,69,210,0.9999719053506851,6.666057724971324
6927,algoQD,69,210,0.9999719053506851,6.396524928044528
6928,algoQD,69,210,0.9999719053506851,6.20904824603349
6929,algoQD,69,210,0.9999719053506851,5.52100579906255
6930,algoQD,69,210,0.9999719053506851,6.317361888010055
6931,algoQD,69,210,0.9999719053506851,6.397416732273996
6932,algoQD,69,210,0.9999719053506851,6.416200818028301
6933,algoQD,69,210,0.9999719053506851,6.270460163243115
6934,algoQD,69,210,0.9999719053506851,5.72629961092025
6935,algoQD,69,210,0.9999719053506851,6.046965059824288
6936,algoQD,69,210,0.9999719053506851,6.654084630776197
6937,algoQD,69,210,0.9999719053506851,6.2527582929469645
6938,algoQD,69,210,0.9999719053506851,5.186212393920869
6939,algoQD,69,210,0.9999719053506851,5.210901528131217
6940,algoQD,69,210,0.9999719053506851,6.249503899831325
6941,algoQD,69,210,0.9999719053506851,6.053333763964474
6942,algoQD,69,210,0.9999719053506851,5.64488136023283
6943,algoQD,69,210,0.9999719053506851,5.670150178018957
6944,algoQD,69,210,0.9999719053506851,5.759380349889398
6945,algoQD,69,210,0.9999719053506851,6.198621845338494
6946,algoQD,69,210,0.9999719053506851,5.201230763923377
6947,algoQD,69,210,0.9999719053506851,5.904383311979473
6948,algoQD,69,210,0.9999719053506851,6.509509546216577
6949,algoQD,69,210,0.9999719053506851,5.122260839678347
6950,algoQD,69,210,0.9999719053506851,5.263857394922525
6951,algoQD,69,210,0.9999719053506851,5.3208711999468505
6952,algoQD,69,210,0.9999719053506851,5.632014626637101
6953,algoQD,69,210,0.9999719053506851,5.932156321592629
6954,algoQD,69,210,0.9999719053506851,5.176676394883543
6955,algoQD,69,210,0.9999719053506851,5.392148828599602
6956,algoQD,69,210,0.9999719053506851,5.289195504970849
6957,algoQD,69,210,0.9999719053506851,5.693786492571235
6958,algoQD,69,210,0.9999719053506851,5.320005984976888
6959,algoQD,69,210,0.9999719053506851,5.310627332888544
6960,algoQD,69,211,0.9999719053506851,6.122937940061092
6961,algoQD,69,211,0.9999719053506851,5.6674993191845715
6962,algoQD,69,211,0.9999719053506851,6.206991379614919
6963,algoQD,69,211,0.9999719053506851,5.50696751428768
6964,algoQD,69,211,0.9999719053506851,5.967845201957971
6965,algoQD,69,211,0.9999719053506851,5.664268563967198
6966,algoQD,69,211,0.9999719053506851,5.055660028941929
6967,algoQD,69,211,0.9999719053506851,4.835883401799947
6968,algoQD,69,211,0.9999719053506851,5.9917290029115975
6969,algoQD,69,211,0.9999719053506851,5.699950789101422
6970,algoQD,69,211,0.9999719053506851,5.634676496032625
6971,algoQD,69,211,0.9999719053506851,5.695374091621488
6972,algoQD,69,211,0.9999719053506851,5.357458597049117
6973,algoQD,69,211,0.9999719053506851,5.381803189404309
6974,algoQD,69,211,0.9999719053506851,6.222120668273419
6975,algoQD,69,211,0.9999719053506851,5.117589931935072
6976,algoQD,69,211,0.9999719053506851,4.939246470108628
6977,algoQD,69,211,0.9999719053506851,4.974751942791045
6978,algoQD,69,211,0.9999719053506851,4.990246139932424
6979,algoQD,69,211,0.9999719053506851,4.958352283574641
6980,algoQD,69,211,0.9999719053506851,5.67406561691314
6981,algoQD,69,211,0.9999719053506851,5.635940343607217
6982,algoQD,69,211,0.9999719053506851,4.900803857948631
6983,algoQD,69,211,0.9999719053506851,5.7199133317917585
6984,algoQD,69,211,0.9999719053506851,5.107316990848631
6985,algoQD,69,211,0.9999719053506851,5.612011328339577
6986,algoQD,69,211,0.9999719053506851,6.0981156951747835
6987,algoQD,69,211,0.9999719053506851,5.924855888821185
6988,algoQD,69,211,0.9999719053506851,5.052326049190015
6989,algoQD,69,212,0.9999719053506851,5.639418296981603
6990,algoQD,69,212,0.9999719053506851,5.29538269713521
6991,algoQD,69,212,0.9999719053506851,5.832691209856421
6992,algoQD,69,212,0.9999719053506851,5.180845853872597
6993,algoQD,69,212,0.9999719053506851,5.619662165176123
6994,algoQD,69,212,0.9999719053506851,4.818331134971231
6995,algoQD,69,212,0.9999719053506851,5.267490500118583
6996,algoQD,69,212,0.9999719053506851,5.447272281628102
6997,algoQD,69,212,0.9999719053506851,5.617564922198653
6998,algoQD,69,212,0.9999719053506851,5.6489900830201805
6999,algoQD,69,212,0.9999719053506851,5.704557506367564
7000,algoQD,70,212,0.9999719053506851,5.2688279980793595
7001,algoQD,70,212,0.9999719053506851,5.987664483021945
7002,algoQD,70,212,0.9999719053506851,5.261329798959196
7003,algoQD,70,212,0.9999719053506851,5.464004899840802
7004,algoQD,70,212,0.9999719053506851,5.751430186908692
7005,algoQD,70,212,0.9999719053506851,5.316804044879973
7006,algoQD,70,212,0.9999719053506851,5.713260521180928
7007,algoQD,70,212,0.9999719053506851,5.526613385882229
7008,algoQD,70,212,0.9999719053506851,5.427461727056652
7009,algoQD,70,212,0.9999719053506851,5.791871856898069
7010,algoQD,70,212,0.9999719053506851,6.414339792449027
7011,algoQD,70,212,0.9999719053506851,5.252766337711364
7012,algoQD,70,212,0.9999719053506851,6.009841971099377
7013,algoQD,70,212,0.9999719053506851,5.535033788066357
7014,algoQD,70,212,0.9999719053506851,5.354186533950269
7015,algoQD,70,212,0.9999719053506851,5.616685148328543
7016,algoQD,70,212,0.9999719053506851,5.203347433824092
7017,algoQD,70,212,0.9999719053506851,5.966945621185005
7018,algoQD,70,212,0.9999719053506851,4.885732569266111
7019,algoQD,70,212,0.9999719053506851,5.615106024313718
7020,algoQD,70,212,0.9999719053506851,6.001924627926201
7021,algoQD,70,212,0.9999719053506851,6.158409016672522
7022,algoQD,70,212,0.9999719053506851,6.445253196172416
7023,algoQD,70,212,0.9999719053506851,6.1984348222613335
7024,algoQD,70,212,0.9999719053506851,6.123309602960944
7025,algoQD,70,212,0.9999719053506851,4.8456655465997756
7026,algoQD,70,212,0.9999719053506851,5.3011417291127145
7027,algoQD,70,212,0.9999719053506851,5.42215213412419
7028,algoQD,70,212,0.9999719053506851,5.08823959203437
7029,algoQD,70,212,0.9999719053506851,5.5937832640483975
7030,algoQD,70,212,0.9999719053506851,6.086657353676856
7031,algoQD,70,212,0.9999719053506851,5.09169076802209
7032,algoQD,70,212,0.9999719053506851,5.058209853246808
7033,algoQD,70,212,0.9999719053506851,4.986426712013781
7034,algoQD,70,212,0.9999719053506851,5.711229310370982
7035,algoQD,70,212,0.9999719053506851,5.531927723903209
7036,algoQD,70,212,0.9999719053506851,5.820208865683526
7037,algoQD,70,212,0.9999719053506851,5.1501942947506905
7038,algoQD,70,212,0.9999719053506851,5.470268384087831
7039,algoQD,70,212,0.9999719053506851,5.8830242510885
7040,algoQD,70,212,0.9999719053506851,5.687514127697796
7041,algoQD,70,212,0.9999719053506851,6.149134701117873
7042,algoQD,70,212,0.9999719053506851,5.510647723916918
7043,algoQD,70,212,0.9999719053506851,5.634259910322726
7044,algoQD,70,212,0.9999719053506851,6.070504711940885
7045,algoQD,70,212,0.9999719053506851,6.265524258837104
7046,algoQD,70,212,0.9999719053506851,5.59857321716845
7047,algoQD,70,212,0.9999719053506851,5.688097830861807
7048,algoQD,70,212,0.9999719053506851,5.69330706493929
7049,algoQD,70,212,0.9999719053506851,4.919434083160013
7050,algoQD,70,212,0.9999719053506851,5.202902341261506
7051,algoQD,70,212,0.9999719053506851,6.105571404099464
7052,algoQD,70,212,0.9999719053506851,5.077092934399843
7053,algoQD,70,212,0.9999719053506851,5.4679267490282655
7054,algoQD,70,212,0.9999719053506851,5.311398826073855
7055,algoQD,70,212,0.9999719053506851,4.798047402873635
7056,algoQD,70,212,0.9999719053506851,5.210673205088824
7057,algoQD,70,212,0.9999719053506851,5.841105001978576
7058,algoQD,70,212,0.9999719053506851,6.359447495080531
7059,algoQD,70,212,0.9999719053506851,5.770474469754845
7060,algoQD,70,212,0.9999719053506851,4.944282065611333
7061,algoQD,70,212,0.9999719053506851,5.86547788605094
7062,algoQD,70,212,0.9999719053506851,5.903197592124343
7063,algoQD,70,212,0.9999719053506851,5.051446792669594
7064,algoQD,70,212,0.9999719053506851,5.740023719146848
7065,algoQD,70,212,0.9999719053506851,5.054805819876492
7066,algoQD,70,212,0.9999719053506851,5.513259808998555
7067,algoQD,70,212,0.9999719053506851,5.708912492264062
7068,algoQD,70,212,0.9999719053506851,5.097262417431921
7069,algoQD,70,212,0.9999719053506851,5.728482401929796
7070,algoQD,70,212,0.9999719053506851,5.920435474254191
7071,algoQD,70,212,0.9999719053506851,5.811201496981084
7072,algoQD,70,212,0.9999719053506851,5.935593997128308
7073,algoQD,70,212,0.9999719053506851,5.6662791427224874
7074,algoQD,70,212,0.9999719053506851,5.4544491823762655
7075,algoQD,70,212,0.9999719053506851,5.629854134749621
7076,algoQD,70,212,0.9999719053506851,4.947829858865589
7077,algoQD,70,212,0.9999719053506851,5.3089557802304626
7078,algoQD,70,212,0.9999719053506851,5.49809136800468
7079,algoQD,70,212,0.9999719053506851,5.881214020773768
7080,algoQD,70,212,0.9999719053506851,5.145860504824668
7081,algoQD,70,212,0.9999719053506851,5.176246402785182
7082,algoQD,70,212,0.9999719053506851,4.761677910108119
7083,algoQD,70,212,0.9999719053506851,5.189670689404011
7084,algoQD,70,212,0.9999719053506851,5.654234773945063
7085,algoQD,70,212,0.9999719053506851,5.611718255095184
7086,algoQD,70,212,0.9999719053506851,5.087109339889139
7087,algoQD,70,212,0.9999719053506851,5.488896402064711
7088,algoQD,70,212,0.9999719053506851,5.921357325743884
7089,algoQD,70,212,0.9999719053506851,5.868877288885415
7090,algoQD,70,212,0.9999719053506851,5.838939620181918
7091,algoQD,70,212,0.9999719053506851,5.660846367012709
7092,algoQD,70,212,0.9999719053506851,5.0789758008904755
7093,algoQD,70,212,0.9999719053506851,5.990203857887536
7094,algoQD,70,212,0.9999719053506851,4.732162588275969
7095,algoQD,70,212,0.9999719053506851,4.961714815814048
7096,algoQD,70,212,0.9999719053506851,5.952778147067875
7097,algoQD,70,212,0.9999719053506851,6.0797264887951314
7098,algoQD,70,212,0.9999719053506851,5.465617964975536
7099,algoQD,70,212,0.9999719053506851,5.089883462060243
7100,algoQD,71,212,0.9999719053506851,5.0964254341088235
7101,algoQD,71,212,0.9999719053506851,5.36412822175771
7102,algoQD,71,212,0.9999719053506851,5.462285929825157
7103,algoQD,71,212,0.9999719053506851,5.074018985033035
7104,algoQD,71,212,0.9999719053506851,4.704087927006185
7105,algoQD,71,212,0.9999719053506851,5.28624967392534
7106,algoQD,71,212,0.9999719053506851,5.152268163859844
7107,algoQD,71,212,0.9999719053506851,5.256545415148139
7108,algoQD,71,212,0.9999719053506851,5.92340641701594
7109,algoQD,71,212,0.9999719053506851,5.631254018750042
7110,algoQD,71,212,0.9999719053506851,5.2353899190202355
7111,algoQD,71,212,0.9999719053506851,5.254178863018751
7112,algoQD,71,212,0.9999719053506851,4.649463260080665
7113,algoQD,71,212,0.9999719053506851,5.614784598816186
7114,algoQD,71,212,0.9999719053506851,5.608103054109961
7115,algoQD,71,212,0.9999719053506851,5.047023735009134
7116,algoQD,71,212,0.9999719053506851,5.210889214184135
7117,algoQD,71,212,0.9999719053506851,5.357506969943643
7118,algoQD,71,212,0.9999719053506851,5.63223360106349
7119,algoQD,71,212,0.9999719053506851,4.900965336244553
7120,algoQD,71,212,0.9999719053506851,5.810672585852444
7121,algoQD,71,212,0.9999719053506851,5.580280601046979
7122,algoQD,71,212,0.9999719053506851,5.452267990447581
7123,algoQD,71,212,0.9999719053506851,4.854698509909213
7124,algoQD,71,212,0.9999719053506851,4.6185491546057165
7125,algoQD,71,212,0.9999719053506851,5.747751080896705
7126,algoQD,71,212,0.9999719053506851,6.164125868119299
7127,algoQD,71,213,0.9999719053506851,6.239529570098966
7128,algoQD,71,213,0.9999719053506851,5.413366712164134
7129,algoQD,71,213,0.9999719053506851,5.250856373924762
7130,algoQD,71,213,0.9999719053506851,5.387191121000797
7131,algoQD,71,213,0.9999719053506851,5.963305701036006
7132,algoQD,71,213,0.9999719053506851,6.42517021484673
7133,algoQD,71,213,0.9999719053506851,6.279959165956825
7134,algoQD,71,213,0.9999719053506851,6.0498515060171485
7135,algoQD,71,213,0.9999719053506851,5.682333480101079
7136,algoQD,71,213,0.9999719053506851,5.410185782238841
7137,algoQD,71,213,0.9999719053506851,6.215004678349942
7138,algoQD,71,213,0.9999719053506851,6.1195924379862845
7139,algoQD,71,213,0.9999719053506851,5.0082854349166155
7140,algoQD,71,213,0.9999719053506851,5.927825898863375
7141,algoQD,71,213,0.9999719053506851,6.2068566917441785
7142,algoQD,71,213,0.9999719053506851,5.132579731289297
7143,algoQD,71,213,0.9999719053506851,5.082871532998979
7144,algoQD,71,213,0.9999719053506851,5.871524511370808
7145,algoQD,71,213,0.9999719053506851,5.58215545443818
7146,algoQD,71,214,0.9999719053506851,5.8544214037247
7147,algoQD,71,214,0.9999719053506851,5.410480869933963
7148,algoQD,71,214,0.9999719053506851,5.794729941058904
7149,algoQD,71,214,0.9999719053506851,5.451608363073319
7150,algoQD,71,214,0.9999719053506851,6.187010630965233
7151,algoQD,71,214,0.9999719053506851,5.800530412234366
7152,algoQD,71,214,0.9999719053506851,5.4872603309340775
7153,algoQD,71,214,0.9999719053506851,6.06874204101041
7154,algoQD,71,214,0.9999719053506851,5.2951757102273405
7155,algoQD,71,214,0.9999719053506851,5.662578931078315
7156,algoQD,71,214,0.9999719053506851,6.060043585952371
7157,algoQD,71,214,0.9999719053506851,6.35301868012175
7158,algoQD,71,214,0.9999719053506851,5.753699800930917
7159,algoQD,71,214,0.9999719053506851,5.241368866991252
7160,algoQD,71,214,0.9999719053506851,5.636002182029188
7161,algoQD,71,214,0.9999719053506851,5.629910591058433
7162,algoQD,71,214,0.9999719053506851,6.070289285853505
7163,algoQD,71,214,0.9999719053506851,6.913809350691736
7164,algoQD,71,214,0.9999719053506851,6.014542486984283
7165,algoQD,71,214,0.9999719053506851,6.171151993796229
7166,algoQD,71,214,0.9999719053506851,6.0060852956958115
7167,algoQD,71,214,0.9999719053506851,5.197363165207207
7168,algoQD,71,214,0.9999719053506851,6.513480644207448
7169,algoQD,71,214,0.9999719053506851,5.64869906520471
7170,algoQD,71,214,0.9999719053506851,7.055149564985186
7171,algoQD,71,214,0.9999719053506851,6.433898095972836
7172,algoQD,71,214,0.9999719053506851,5.8837204980663955
7173,algoQD,71,214,0.9999719053506851,5.945613760966808
7174,algoQD,71,214,0.9999719053506851,5.855632201302797
7175,algoQD,71,214,0.9999719053506851,6.012589346151799
7176,algoQD,71,214,0.9999719053506851,5.507898979820311
7177,algoQD,71,214,0.9999719053506851,6.439269846770912
7178,algoQD,71,214,0.9999719053506851,5.360733917914331
7179,algoQD,71,214,0.9999719053506851,6.239024466369301
7180,algoQD,71,214,0.9999719053506851,6.513245420064777
7181,algoQD,71,214,0.9999719053506851,5.894375902134925
7182,algoQD,71,214,0.9999719053506851,5.926432224921882
7183,algoQD,71,214,0.9999719053506851,6.246840063016862
7184,algoQD,71,214,0.9999719053506851,5.282836876343936
7185,algoQD,71,214,0.9999719053506851,5.618861954193562
7186,algoQD,71,214,0.9999719053506851,6.478247179184109
7187,algoQD,71,214,0.9999719053506851,6.3426727768965065
7188,algoQD,71,214,0.9999719053506851,5.662632932886481
7189,algoQD,71,214,0.9999719053506851,6.30353445187211
7190,algoQD,71,214,0.9999719053506851,5.290674154181033
7191,algoQD,71,214,0.9999719053506851,5.220561979804188
7192,algoQD,71,214,0.9999719053506851,5.754908645991236
7193,algoQD,71,214,0.9999719053506851,6.169148077722639
7194,algoQD,71,215,0.9999719053506851,6.503521705977619
7195,algoQD,71,215,0.9999719053506851,5.266331758350134
7196,algoQD,71,215,0.9999719053506851,6.080470903776586
7197,algoQD,71,215,0.9999719053506851,5.835885549895465
7198,algoQD,71,215,0.9999719053506851,5.888962713070214
7199,algoQD,71,215,0.9999719053506851,5.432098637800664
7200,algoQD,72,215,0.9999719053506851,5.241683783009648
7201,algoQD,72,215,0.9999719053506851,5.935225100256503
7202,algoQD,72,215,0.9999719053506851,5.269177213311195
7203,algoQD,72,215,0.9999719053506851,6.29075228003785
7204,algoQD,72,215,0.9999719053506851,5.071899991016835
7205,algoQD,72,215,0.9999719053506851,5.372780181933194
7206,algoQD,72,215,0.9999719053506851,5.606667269952595
7207,algoQD,72,215,0.9999719053506851,6.015047502238303
7208,algoQD,72,215,0.9999719053506851,5.684335391968489
7209,algoQD,72,215,0.9999719053506851,5.76356653496623
7210,algoQD,72,215,0.9999719053506851,5.04194969823584
7211,algoQD,72,215,0.9999719053506851,5.260443119332194
7212,algoQD,72,215,0.9999719053506851,5.729792497120798
7213,algoQD,72,215,0.9999719053506851,6.170872506219894
7214,algoQD,72,215,0.9999719053506851,5.308543965686113
7215,algoQD,72,215,0.9999719053506851,5.523695840034634
7216,algoQD,72,215,0.9999719053506851,4.966741712298244
7217,algoQD,72,215,0.9999719053506851,4.9654945358633995
7218,algoQD,72,215,0.9999719053506851,4.982744539622217
7219,algoQD,72,215,0.9999719053506851,5.180103383027017
7220,algoQD,72,215,0.9999719053506851,5.5444522318430245
7221,algoQD,72,215,0.9999719053506851,5.827680693939328
7222,algoQD,72,215,0.9999719053506851,5.233059699181467
7223,algoQD,72,215,0.9999719053506851,5.379952009767294
7224,algoQD,72,215,0.9999719053506851,5.223225828260183
7225,algoQD,72,215,0.9999719053506851,5.364790278952569
7226,algoQD,72,215,0.9999719053506851,5.35323136812076
7227,algoQD,72,215,0.9999719053506851,5.042064052075148
7228,algoQD,72,215,0.9999719053506851,5.245352228172123
7229,algoQD,72,215,0.9999719053506851,5.423172649927437
7230,algoQD,72,215,0.9999719053506851,5.774783739820123
7231,algoQD,72,215,0.9999719053506851,5.350760036148131
7232,algoQD,72,215,0.9999719053506851,5.402871728874743
7233,algoQD,72,215,0.9999719053506851,6.440361524000764
7234,algoQD,72,215,0.9999719053506851,5.221564569044858
7235,algoQD,72,215,0.9999719053506851,6.066234209109098
7236,algoQD,72,215,0.9999719053506851,5.370786251034588
7237,algoQD,72,215,0.9999719053506851,5.182211798150092
7238,algoQD,72,215,0.9999719053506851,4.992425102740526
7239,algoQD,72,215,0.9999719053506851,5.676218389999121
7240,algoQD,72,215,0.9999719053506851,6.08676453307271
7241,algoQD,72,215,0.9999719053506851,5.323090895079076
7242,algoQD,72,215,0.9999719053506851,5.826823664829135
7243,algoQD,72,215,0.9999719053506851,5.880230022128671
7244,algoQD,72,215,0.9999719053506851,5.907792423851788
7245,algoQD,72,215,0.9999719053506851,5.8410482429899275
7246,algoQD,72,215,0.9999719053506851,6.047152280807495
7247,algoQD,72,215,0.9999719053506851,5.31077592400834
7248,algoQD,72,215,0.9999719053506851,5.258019775152206
7249,algoQD,72,215,0.9999719053506851,5.815890625119209
7250,algoQD,72,215,0.9999719053506851,6.019853776786476
7251,algoQD,72,215,0.9999719053506851,6.183514442294836
7252,algoQD,72,215,0.9999719053506851,5.391113881953061
7253,algoQD,72,215,0.9999719053506851,6.293470175936818
7254,algoQD,72,215,0.9999719053506851,5.067035147920251
7255,algoQD,72,215,0.9999719053506851,5.8485080087557435
7256,algoQD,72,215,0.9999719053506851,5.085130730178207
7257,algoQD,72,215,0.9999719053506851,5.321911215316504
7258,algoQD,72,215,0.9999719053506851,5.840096936095506
7259,algoQD,72,215,0.9999719053506851,5.548394792247564
7260,algoQD,72,215,0.9999719053506851,5.829103161580861
7261,algoQD,72,215,0.9999719053506851,4.933642688207328
7262,algoQD,72,215,0.9999719053506851,6.015082901809365
7263,algoQD,72,215,0.9999719053506851,5.614920138847083
7264,algoQD,72,215,0.9999719053506851,5.432604022324085
7265,algoQD,72,215,0.9999719053506851,5.1237530233338475
7266,algoQD,72,215,0.9999719053506851,6.257449300959706
7267,algoQD,72,215,0.9999719053506851,6.178690047003329
7268,algoQD,72,215,0.9999719053506851,5.557967078872025
7269,algoQD,72,215,0.9999719053506851,6.508331701159477
7270,algoQD,72,215,0.9999719053506851,5.973517037928104
7271,algoQD,72,215,0.9999719053506851,6.262611775193363
7272,algoQD,72,215,0.9999719053506851,6.385858845897019
7273,algoQD,72,215,0.9999719053506851,5.823221888858825
7274,algoQD,72,215,0.9999719053506851,5.392571195028722
7275,algoQD,72,215,0.9999719053506851,6.0591965089552104
7276,algoQD,72,215,0.9999719053506851,6.101532889064401
7277,algoQD,72,215,0.9999719053506851,6.573554727714509
7278,algoQD,72,215,0.9999719053506851,6.37326984712854
7279,algoQD,72,215,0.9999719053506851,5.472795999143273
7280,algoQD,72,215,0.9999719053506851,6.1074182679876685
7281,algoQD,72,215,0.9999719053506851,5.829172140918672
7282,algoQD,72,215,0.9999719053506851,6.6634870250709355
7283,algoQD,72,215,0.9999719053506851,5.779584571253508
7284,algoQD,72,215,0.9999719053506851,5.281478651799262
7285,algoQD,72,215,0.9999719053506851,6.375406113918871
7286,algoQD,72,215,0.9999719053506851,6.3985410602763295
7287,algoQD,72,215,0.9999719053506851,6.362837843596935
7288,algoQD,72,215,0.9999719053506851,5.659365674015135
7289,algoQD,72,215,0.9999719053506851,6.420200938358903
7290,algoQD,72,215,0.9999719053506851,5.213325109798461
7291,algoQD,72,215,0.9999719053506851,6.6334646749310195
7292,algoQD,72,215,0.9999719053506851,5.472813870757818
7293,algoQD,72,215,0.9999719053506851,6.620192244183272
7294,algoQD,72,215,0.9999719053506851,6.425869689788669
7295,algoQD,72,215,0.9999719053506851,5.431734589394182
7296,algoQD,72,215,0.9999719053506851,5.911710888147354
7297,algoQD,72,215,0.9999719053506851,5.89090613508597
7298,algoQD,72,215,0.9999719053506851,6.43113636225462
7299,algoQD,72,215,0.9999719053506851,6.119292228017002
7300,algoQD,73,215,0.9999719053506851,5.962768838275224
7301,algoQD,73,215,0.9999719053506851,6.3427917547523975
7302,algoQD,73,215,0.9999719053506851,5.544450629036874
7303,algoQD,73,215,0.9999719053506851,5.5906904130242765
7304,algoQD,73,215,0.9999719053506851,5.69283698964864
7305,algoQD,73,215,0.9999719053506851,5.441301706712693
7306,algoQD,73,215,0.9999719053506851,5.5662373569794
7307,algoQD,73,215,0.9999719053506851,5.496820816770196
7308,algoQD,73,215,0.9999719053506851,6.0889394618570805
7309,algoQD,73,215,0.9999719053506851,5.544112418778241
7310,algoQD,73,215,0.9999719053506851,5.701511152088642
7311,algoQD,73,215,0.9999719053506851,5.475347500760108
7312,algoQD,73,215,0.9999719053506851,6.29085826035589
7313,algoQD,73,215,0.9999719053506851,5.39222985971719
7314,algoQD,73,215,0.9999719053506851,6.626872778870165
7315,algoQD,73,215,0.9999719053506851,6.374895879998803
7316,algoQD,73,215,0.9999719053506851,5.671653519850224
7317,algoQD,73,215,0.9999719053506851,5.861588155850768
7318,algoQD,73,215,0.9999719053506851,5.442863298114389
7319,algoQD,73,215,0.9999719053506851,5.652093844022602
7320,algoQD,73,215,0.9999719053506851,6.3937218729406595
7321,algoQD,73,215,0.9999719053506851,6.364721253048629
7322,algoQD,73,215,0.9999719053506851,5.21628976194188
7323,algoQD,73,215,0.9999719053506851,5.401524462271482
7324,algoQD,73,215,0.9999719053506851,5.86633296078071
7325,algoQD,73,215,0.9999719053506851,5.474618884269148
7326,algoQD,73,215,0.9999719053506851,5.9315461199730635
7327,algoQD,73,215,0.9999719053506851,6.477467310149223
7328,algoQD,73,215,0.9999719053506851,5.190547279082239
7329,algoQD,73,215,0.9999719053506851,5.317594506777823
7330,algoQD,73,215,0.9999719053506851,5.979805130045861
7331,algoQD,73,215,0.9999719053506851,5.761329457163811
7332,algoQD,73,215,0.9999719053506851,5.0897163157351315
7333,algoQD,73,215,0.9999719053506851,5.37337681511417
7334,algoQD,73,215,0.9999719053506851,5.941524343565106
7335,algoQD,73,215,0.9999719053506851,6.087263295426965
7336,algoQD,73,215,0.9999719053506851,6.161224503070116
7337,algoQD,73,215,0.9999719053506851,6.416252988856286
7338,algoQD,73,215,0.9999719053506851,5.641789271030575
7339,algoQD,73,215,0.9999719053506851,5.054701190907508
7340,algoQD,73,215,0.9999719053506851,6.049672041088343
7341,algoQD,73,215,0.9999719053506851,5.29590272763744
7342,algoQD,73,215,0.9999719053506851,5.3338531497865915
7343,algoQD,73,215,0.9999719053506851,5.795280400197953
7344,algoQD,73,215,0.9999719053506851,5.810384992975742
7345,algoQD,73,215,0.9999719053506851,6.386186724994332
7346,algoQD,73,215,0.9999719053506851,5.167099670972675
7347,algoQD,73,215,0.9999719053506851,5.262927409261465
7348,algoQD,73,215,0.9999719053506851,5.588943131733686
7349,algoQD,73,215,0.9999719053506851,5.482195149641484
7350,algoQD,73,215,0.9999719053506851,5.8021912686526775
7351,algoQD,73,215,0.9999719053506851,4.780660460237414
7352,algoQD,73,215,0.9999719053506851,6.234831290785223
7353,algoQD,73,215,0.9999719053506851,6.083610211964697
7354,algoQD,73,215,0.9999719053506851,4.9728593016043305
7355,algoQD,73,215,0.9999719053506851,5.538988075684756
7356,algoQD,73,215,0.9999719053506851,5.461661128792912
7357,algoQD,73,215,0.9999719053506851,5.983390524983406
7358,algoQD,73,215,0.9999719053506851,6.115606072358787
7359,algoQD,73,215,0.9999719053506851,6.319349267985672
7360,algoQD,73,215,0.9999719053506851,5.962348984088749
7361,algoQD,73,215,0.9999719053506851,5.602863256353885
7362,algoQD,73,215,0.9999719053506851,4.88045851001516
7363,algoQD,73,215,0.9999719053506851,5.952983387745917
7364,algoQD,73,215,0.9999719053506851,6.3544556447304785
7365,algoQD,73,215,0.9999719053506851,6.144512713886797
7366,algoQD,73,215,0.9999719053506851,5.5632514036260545
7367,algoQD,73,215,0.9999719053506851,6.368938572239131
7368,algoQD,73,215,0.9999719053506851,5.622064890339971
7369,algoQD,73,215,0.9999719053506851,6.091154797933996
7370,algoQD,73,215,0.9999719053506851,5.948405156843364
7371,algoQD,73,215,0.9999719053506851,5.346264252904803
7372,algoQD,73,215,0.9999719053506851,6.490471964236349
7373,algoQD,73,215,0.9999719053506851,6.066348453052342
7374,algoQD,73,215,0.9999719053506851,5.670549366157502
7375,algoQD,73,215,0.9999719053506851,5.480648457072675
7376,algoQD,73,215,0.9999719053506851,5.482321839313954
7377,algoQD,73,215,0.9999719053506851,5.905852087773383
7378,algoQD,73,215,0.9999719053506851,5.166637076064944
7379,algoQD,73,215,0.9999719053506851,6.240171161945909
7380,algoQD,73,215,0.9999719053506851,6.524623055011034
7381,algoQD,73,215,0.9999719053506851,5.952028212603182
7382,algoQD,73,215,0.9999719053506851,5.64783638715744
7383,algoQD,73,215,0.9999719053506851,5.263878745958209
7384,algoQD,73,215,0.9999719053506851,5.644153688102961
7385,algoQD,73,215,0.9999719053506851,5.23914531012997
7386,algoQD,73,215,0.9999719053506851,6.0901622930541635
7387,algoQD,73,215,0.9999719053506851,5.456892186775804
7388,algoQD,73,215,0.9999719053506851,5.734183841384947
7389,algoQD,73,215,0.9999719053506851,5.795600363984704
7390,algoQD,73,215,0.9999719053506851,6.09309042384848
7391,algoQD,73,215,0.9999719053506851,4.919586567208171
7392,algoQD,73,215,0.9999719053506851,5.652761653997004
7393,algoQD,73,215,0.9999719053506851,5.998079732060432
7394,algoQD,73,215,0.9999719053506851,5.344604623038322
7395,algoQD,73,215,0.9999719053506851,5.111959728877991
7396,algoQD,73,215,0.9999719053506851,6.2948762332089245
7397,algoQD,73,215,0.9999719053506851,5.289298282004893
7398,algoQD,73,215,0.9999719053506851,6.302675930783153
7399,algoQD,73,215,0.9999719053506851,5.485343941021711
7400,algoQD,74,215,0.9999719053506851,5.211000648327172
7401,algoQD,74,215,0.9999719053506851,6.495055795181543
7402,algoQD,74,215,0.9999719053506851,6.251576132141054
7403,algoQD,74,215,0.9999719053506851,6.566584014799446
7404,algoQD,74,215,0.9999719053506851,6.257451804820448
7405,algoQD,74,215,0.9999719053506851,5.657096346840262
7406,algoQD,74,215,0.9999719053506851,6.15690134325996
7407,algoQD,74,215,0.9999719053506851,5.794435805175453
7408,algoQD,74,215,0.9999719053506851,5.479792830999941
7409,algoQD,74,215,0.9999719053506851,6.043406802229583
7410,algoQD,74,215,0.9999719053506851,6.066054387949407
7411,algoQD,74,215,0.9999719053506851,5.569633825682104
7412,algoQD,74,215,0.9999719053506851,5.337093764916062
7413,algoQD,74,215,0.9999719053506851,6.150367246940732
7414,algoQD,74,215,0.9999719053506851,6.6811792850494385
7415,algoQD,74,215,0.9999719053506851,6.139953347854316
7416,algoQD,74,215,0.9999719053506851,5.675650265999138
7417,algoQD,74,215,0.9999719053506851,5.766761510632932
7418,algoQD,74,215,0.9999719053506851,5.250400510150939
7419,algoQD,74,215,0.9999719053506851,5.468895119149238
7420,algoQD,74,215,0.9999719053506851,6.488272848073393
7421,algoQD,74,215,0.9999719053506851,5.750507056247443
7422,algoQD,74,215,0.9999719053506851,6.48425399325788
7423,algoQD,74,215,0.9999719053506851,5.896978470031172
7424,algoQD,74,215,0.9999719053506851,5.688650751952082
7425,algoQD,74,215,0.9999719053506851,6.4278226611204445
7426,algoQD,74,215,0.9999719053506851,5.449202015064657
7427,algoQD,74,215,0.9999719053506851,5.137283501215279
7428,algoQD,74,215,0.9999719053506851,5.959773158188909
7429,algoQD,74,215,0.9999719053506851,5.637692671269178
7430,algoQD,74,215,0.9999719053506851,5.691254482138902
7431,algoQD,74,215,0.9999719053506851,5.031223158817738
7432,algoQD,74,215,0.9999719053506851,4.912715354934335
7433,algoQD,74,215,0.9999719053506851,5.8455232214182615
7434,algoQD,74,215,0.9999719053506851,6.168422784656286
7435,algoQD,74,215,0.9999719053506851,5.548092931974679
7436,algoQD,74,215,0.9999719053506851,6.215448264963925
7437,algoQD,74,215,0.9999719053506851,5.618782848119736
7438,algoQD,74,215,0.9999719053506851,6.250308698043227
7439,algoQD,74,215,0.9999719053506851,6.055105187930167
7440,algoQD,74,215,0.9999719053506851,5.88366279983893
7441,algoQD,74,215,0.9999719053506851,4.998099096585065
7442,algoQD,74,215,0.9999719053506851,5.277317832689732
7443,algoQD,74,215,0.9999719053506851,5.327394268009812
7444,algoQD,74,215,0.9999719053506851,6.139868639409542
7445,algoQD,74,215,0.9999719053506851,6.263878799974918
7446,algoQD,74,215,0.9999719053506851,4.9430719572119415
7447,algoQD,74,215,0.9999719053506851,6.053025399334729
7448,algoQD,74,215,0.9999719053506851,5.885007841978222
7449,algoQD,74,215,0.9999719053506851,5.952102392911911
7450,algoQD,74,215,0.9999719053506851,6.030733936931938
7451,algoQD,74,215,0.9999719053506851,5.733020043000579
7452,algoQD,74,215,0.9999719053506851,5.205880713649094
7453,algoQD,74,215,0.9999719053506851,5.810920765157789
7454,algoQD,74,215,0.9999719053506851,5.932929044123739
7455,algoQD,74,215,0.9999719053506851,5.466452582739294
7456,algoQD,74,215,0.9999719053506851,5.75405981997028
7457,algoQD,74,215,0.9999719053506851,5.9282764820382
7458,algoQD,74,215,0.9999719053506851,5.144698373042047
7459,algoQD,74,215,0.9999719053506851,5.605254404712468
7460,algoQD,74,215,0.9999719053506851,6.226827506907284
7461,algoQD,74,215,0.9999719053506851,5.5269714910537004
7462,algoQD,74,215,0.9999719053506851,5.18537838337943
7463,algoQD,74,215,0.9999719053506851,6.041765341069549
7464,algoQD,74,215,0.9999719053506851,5.180483092088252
7465,algoQD,74,215,0.9999719053506851,6.02070995606482
7466,algoQD,74,215,0.9999719053506851,5.221843648236245
7467,algoQD,74,215,0.9999719053506851,5.1499673700891435
7468,algoQD,74,215,0.9999719053506851,5.541307650040835
7469,algoQD,74,215,0.9999719053506851,6.425768788903952
7470,algoQD,74,215,0.9999719053506851,5.746986081823707
7471,algoQD,74,215,0.9999719053506851,5.181359047070146
7472,algoQD,74,215,0.9999719053506851,5.488362334668636
7473,algoQD,74,215,0.9999719053506851,5.344766173977405
7474,algoQD,74,215,0.9999719053506851,4.98239448107779
7475,algoQD,74,215,0.9999719053506851,5.8807880179956555
7476,algoQD,74,215,0.9999719053506851,5.613293666392565
7477,algoQD,74,215,0.9999719053506851,5.145042541902512
7478,algoQD,74,215,0.9999719053506851,5.281040177214891
7479,algoQD,74,215,0.9999719053506851,6.185644797980785
7480,algoQD,74,215,0.9999719053506851,4.859173383098096
7481,algoQD,74,215,0.9999719053506851,6.155887008178979
7482,algoQD,74,215,0.9999719053506851,5.467313530854881
7483,algoQD,74,215,0.9999719053506851,5.415884629357606
7484,algoQD,74,215,0.9999719053506851,5.597145673818886
7485,algoQD,74,215,0.9999719053506851,5.018743177875876
7486,algoQD,74,215,0.9999719053506851,5.5664765811525285
7487,algoQD,74,215,0.9999719053506851,5.425153695046902
7488,algoQD,74,215,0.9999719053506851,5.5870113130658865
7489,algoQD,74,215,0.9999719053506851,5.3148865811526775
7490,algoQD,74,215,0.9999719053506851,6.203506269026548
7491,algoQD,74,215,0.9999719053506851,5.640138922724873
7492,algoQD,74,215,0.9999719053506851,4.872574904933572
7493,algoQD,74,215,0.9999719053506851,5.426949869841337
7494,algoQD,74,215,0.9999719053506851,5.455873352009803
7495,algoQD,74,215,0.9999719053506851,5.599413076881319
7496,algoQD,74,215,0.9999719053506851,5.083755534142256
7497,algoQD,74,215,0.9999719053506851,5.05339641822502
7498,algoQD,74,215,0.9999719053506851,5.656927969306707
7499,algoQD,74,215,0.9999719053506851,4.9693890255875885
7500,algoQD,75,215,0.9999719053506851,5.5510931122116745
7501,algoQD,75,215,0.9999719053506851,5.094873314257711
7502,algoQD,75,215,0.9999719053506851,5.44472402241081
7503,algoQD,75,215,0.9999719053506851,5.013535124715418
7504,algoQD,75,215,0.9999719053506851,5.0027788006700575
7505,algoQD,75,215,0.9999719053506851,4.984529725741595
7506,algoQD,75,215,0.9999719053506851,5.352674538269639
7507,algoQD,75,215,0.9999719053506851,5.597991220187396
7508,algoQD,75,215,0.9999719053506851,5.307398243807256
7509,algoQD,75,215,0.9999719053506851,4.800304302945733
7510,algoQD,75,215,0.9999719053506851,5.394956633914262
7511,algoQD,75,215,0.9999719053506851,5.631425378378481
7512,algoQD,75,215,0.9999719053506851,5.065446087159216
7513,algoQD,75,215,0.9999719053506851,5.341391247231513
7514,algoQD,75,215,0.9999719053506851,4.933631248306483
7515,algoQD,75,215,0.9999719053506851,5.570972535759211
7516,algoQD,75,215,0.9999719053506851,4.62165919598192
7517,algoQD,75,215,0.9999719053506851,5.1062002168037
7518,algoQD,75,215,0.9999719053506851,5.242340329103172
7519,algoQD,75,215,0.9999719053506851,5.0395376603119075
7520,algoQD,75,215,0.9999719053506851,5.353712739888579
7521,algoQD,75,215,0.9999719053506851,5.273917609360069
7522,algoQD,75,215,0.9999719053506851,5.27762210695073
7523,algoQD,75,215,0.9999719053506851,5.7056395639665425
7524,algoQD,75,215,0.9999719053506851,5.236744726076722
7525,algoQD,75,215,0.9999719053506851,5.6984368627890944
7526,algoQD,75,215,0.9999719053506851,6.115329940337688
7527,algoQD,75,215,0.9999719053506851,6.392062867991626
7528,algoQD,75,215,0.9999719053506851,5.284587670117617
7529,algoQD,75,215,0.9999719053506851,5.928110237233341
7530,algoQD,75,215,0.9999719053506851,5.857542561832815
7531,algoQD,75,215,0.9999719053506851,5.680226783733815
7532,algoQD,75,215,0.9999719053506851,5.448118799831718
7533,algoQD,75,215,0.9999719053506851,6.260122241917998
7534,algoQD,75,215,0.9999719053506851,5.027424171101302
7535,algoQD,75,215,0.9999719053506851,6.1538598369807005
7536,algoQD,75,215,0.9999719053506851,6.110941397957504
7537,algoQD,75,215,0.9999719053506851,5.327796597965062
7538,algoQD,75,215,0.9999719053506851,5.791502060834318
7539,algoQD,75,215,0.9999719053506851,6.0734237427823246
7540,algoQD,75,215,0.9999719053506851,6.227020401973277
7541,algoQD,75,215,0.9999719053506851,5.115378490183502
7542,algoQD,75,215,0.9999719053506851,5.284803678281605
7543,algoQD,75,215,0.9999719053506851,6.270445188041776
7544,algoQD,75,215,0.9999719053506851,5.349771902896464
7545,algoQD,75,215,0.9999719053506851,5.96322330692783
7546,algoQD,75,215,0.9999719053506851,6.324829784221947
7547,algoQD,75,215,0.9999719053506851,5.87232932401821
7548,algoQD,75,215,0.9999719053506851,5.699269467033446
7549,algoQD,75,215,0.9999719053506851,5.732297738082707
7550,algoQD,75,215,0.9999719053506851,5.386687709949911
7551,algoQD,75,215,0.9999719053506851,6.131484786979854
7552,algoQD,75,215,0.9999719053506851,5.75222790800035
7553,algoQD,75,215,0.9999719053506851,5.560362807940692
7554,algoQD,75,215,0.9999719053506851,5.363132088910788
7555,algoQD,75,215,0.9999719053506851,6.32527299085632
7556,algoQD,75,215,0.9999719053506851,6.61467007920146
7557,algoQD,75,215,0.9999719053506851,5.7285480429418385
7558,algoQD,75,215,0.9999719053506851,5.7856802409514785
7559,algoQD,75,215,0.9999719053506851,5.445100927259773
7560,algoQD,75,215,0.9999719053506851,6.049875827040523
7561,algoQD,75,215,0.9999719053506851,5.8593775001354516
7562,algoQD,75,215,0.9999719053506851,5.936979436315596
7563,algoQD,75,215,0.9999719053506851,6.392652603331953
7564,algoQD,75,215,0.9999719053506851,5.8942399569787085
7565,algoQD,75,215,0.9999719053506851,5.466319381259382
7566,algoQD,75,215,0.9999719053506851,5.356170021928847
7567,algoQD,75,215,0.9999719053506851,5.157119424082339
7568,algoQD,75,215,0.9999719053506851,6.033460579346865
7569,algoQD,75,215,0.9999719053506851,5.933710259851068
7570,algoQD,75,215,0.9999719053506851,6.222452471032739
7571,algoQD,75,215,0.9999719053506851,6.231689134147018
7572,algoQD,75,215,0.9999719053506851,5.298907388933003
7573,algoQD,75,215,0.9999719053506851,5.795899781398475
7574,algoQD,75,215,0.9999719053506851,5.946013536769897
7575,algoQD,75,215,0.9999719053506851,6.3763357498683035
7576,algoQD,75,215,0.9999719053506851,5.949101343285292
7577,algoQD,75,215,0.9999719053506851,5.442044272087514
7578,algoQD,75,215,0.9999719053506851,6.326399941928685
7579,algoQD,75,215,0.9999719053506851,5.153811727184802
7580,algoQD,75,215,0.9999719053506851,6.136615232098848
7581,algoQD,75,215,0.9999719053506851,5.355006017256528
7582,algoQD,75,215,0.9999719053506851,5.394637659192085
7583,algoQD,75,215,0.9999719053506851,6.223966636694968
7584,algoQD,75,215,0.9999719053506851,5.230304934084415
7585,algoQD,75,215,0.9999719053506851,4.941164253279567
7586,algoQD,75,215,0.9999719053506851,6.460438351146877
7587,algoQD,75,215,0.9999719053506851,6.052031827159226
7588,algoQD,75,215,0.9999719053506851,5.072537364903837
7589,algoQD,75,215,0.9999719053506851,5.152659710031003
7590,algoQD,75,215,0.9999719053506851,5.286604531109333
7591,algoQD,75,215,0.9999719053506851,5.2050863690674305
7592,algoQD,75,215,0.9999719053506851,5.4844860336743295
7593,algoQD,75,215,0.9999719053506851,5.962725145742297
7594,algoQD,75,215,0.9999719053506851,6.050679351668805
7595,algoQD,75,215,0.9999719053506851,4.915950216818601
7596,algoQD,75,215,0.9999719053506851,5.520276756025851
7597,algoQD,75,215,0.9999719053506851,5.555806875694543
7598,algoQD,75,215,0.9999719053506851,5.470323319081217
7599,algoQD,75,215,0.9999719053506851,5.481866272166371
7600,algoQD,76,215,0.9999719053506851,5.767985431943089
7601,algoQD,76,215,0.9999719053506851,5.824732986744493
7602,algoQD,76,215,0.9999719053506851,5.825748666655272
7603,algoQD,76,215,0.9999719053506851,6.030056541785598
7604,algoQD,76,215,0.9999719053506851,6.095012555830181
7605,algoQD,76,215,0.9999719053506851,5.786567127332091
7606,algoQD,76,215,0.9999719053506851,6.013996182009578
7607,algoQD,76,215,0.9999719053506851,5.666248013265431
7608,algoQD,76,215,0.9999719053506851,5.9335689609870315
7609,algoQD,76,215,0.9999719053506851,5.901040251832455
7610,algoQD,76,215,0.9999719053506851,5.407197683118284
7611,algoQD,76,215,0.9999719053506851,5.191006733104587
7612,algoQD,76,215,0.9999719053506851,6.010763031896204
7613,algoQD,76,215,0.9999719053506851,5.579750241246074
7614,algoQD,76,215,0.9999719053506851,5.362971449736506
7615,algoQD,76,215,0.9999719053506851,6.065432981122285
7616,algoQD,76,215,0.9999719053506851,6.126821845769882
7617,algoQD,76,215,0.9999719053506851,6.6245579132810235
7618,algoQD,76,215,0.9999719053506851,6.568995017092675
7619,algoQD,76,215,0.9999719053506851,5.021316295024008
7620,algoQD,76,215,0.9999719053506851,6.1042666137218475
7621,algoQD,76,215,0.9999719053506851,5.7292155204340816
7622,algoQD,76,215,0.9999719053506851,6.064806206151843
7623,algoQD,76,215,0.9999719053506851,5.31924708513543
7624,algoQD,76,215,0.9999719053506851,6.377896203193814
7625,algoQD,76,215,0.9999719053506851,6.3244995712302625
7626,algoQD,76,215,0.9999719053506851,5.890827153343707
7627,algoQD,76,215,0.9999719053506851,6.0710582309402525
7628,algoQD,76,215,0.9999719053506851,6.150139798875898
7629,algoQD,76,215,0.9999719053506851,5.805328789167106
7630,algoQD,76,215,0.9999719053506851,5.397558347322047
7631,algoQD,76,215,0.9999719053506851,5.864053349941969
7632,algoQD,76,215,0.9999719053506851,6.427717739716172
7633,algoQD,76,215,0.9999719053506851,5.349189295899123
7634,algoQD,76,215,0.9999719053506851,5.592910720035434
7635,algoQD,76,215,0.9999719053506851,6.474963077809662
7636,algoQD,76,215,0.9999719053506851,5.353313480038196
7637,algoQD,76,215,0.9999719053506851,5.627385244704783
7638,algoQD,76,215,0.9999719053506851,6.263548894785345
7639,algoQD,76,215,0.9999719053506851,5.884117414243519
7640,algoQD,76,215,0.9999719053506851,6.3477218728512526
7641,algoQD,76,215,0.9999719053506851,6.515275826212019
7642,algoQD,76,215,0.9999719053506851,5.544570282101631
7643,algoQD,76,215,0.9999719053506851,6.565356650855392
7644,algoQD,76,215,0.9999719053506851,5.638245946727693
7645,algoQD,76,215,0.9999719053506851,5.844836535863578
7646,algoQD,76,215,0.9999719053506851,6.2722192676737905
7647,algoQD,76,215,0.9999719053506851,5.14440521132201
7648,algoQD,76,215,0.9999719053506851,5.860237199347466
7649,algoQD,76,215,0.9999719053506851,5.433099288959056
7650,algoQD,76,215,0.9999719053506851,5.369506077840924
7651,algoQD,76,215,0.9999719053506851,5.426313685718924
7652,algoQD,76,215,0.9999719053506851,5.747445269022137
7653,algoQD,76,215,0.9999719053506851,6.2589182439260185
7654,algoQD,76,215,0.9999719053506851,5.52375526772812
7655,algoQD,76,215,0.9999719053506851,5.904758488293737
7656,algoQD,76,215,0.9999719053506851,6.152151430025697
7657,algoQD,76,215,0.9999719053506851,6.184360625222325
7658,algoQD,76,215,0.9999719053506851,5.011751378886402
7659,algoQD,76,215,0.9999719053506851,5.025784507859498
7660,algoQD,76,215,0.9999719053506851,6.483280494809151
7661,algoQD,76,215,0.9999719053506851,4.963817561045289
7662,algoQD,76,215,0.9999719053506851,6.1039717071689665
7663,algoQD,76,215,0.9999719053506851,5.412061033770442
7664,algoQD,76,215,0.9999719053506851,5.654785202816129
7665,algoQD,76,215,0.9999719053506851,6.237202618736774
7666,algoQD,76,215,0.9999719053506851,5.557068800088018
7667,algoQD,76,215,0.9999719053506851,5.03346425993368
7668,algoQD,76,215,0.9999719053506851,5.735991786234081
7669,algoQD,76,215,0.9999719053506851,5.085627170279622
7670,algoQD,76,215,0.9999719053506851,5.789194050244987
7671,algoQD,76,215,0.9999719053506851,5.885717005934566
7672,algoQD,76,215,0.9999719053506851,5.93554962426424
7673,algoQD,76,215,0.9999719053506851,5.829938805196434
7674,algoQD,76,215,0.9999719053506851,5.288279647938907
7675,algoQD,76,215,0.9999719053506851,6.163846058771014
7676,algoQD,76,215,0.9999719053506851,5.419886832125485
7677,algoQD,76,215,0.9999719053506851,6.001350817270577
7678,algoQD,76,215,0.9999719053506851,5.259655525907874
7679,algoQD,76,215,0.9999719053506851,6.137597619090229
7680,algoQD,76,215,0.9999719053506851,4.93411403009668
7681,algoQD,76,215,0.9999719053506851,5.937810376286507
7682,algoQD,76,215,0.9999719053506851,5.917339383158833
7683,algoQD,76,215,0.9999719053506851,5.402322130277753
7684,algoQD,76,215,0.9999719053506851,6.223514892626554
7685,algoQD,76,215,0.9999719053506851,5.469113302882761
7686,algoQD,76,215,0.9999719053506851,5.90707286214456
7687,algoQD,76,215,0.9999719053506851,5.868101549334824
7688,algoQD,76,215,0.9999719053506851,5.696912078652531
7689,algoQD,76,215,0.9999719053506851,5.620086893904954
7690,algoQD,76,215,0.9999719053506851,5.536515650805086
7691,algoQD,76,216,0.9999719053506851,6.234911238774657
7692,algoQD,76,216,0.9999719053506851,4.933157742023468
7693,algoQD,76,216,0.9999719053506851,5.9000970888882875
7694,algoQD,76,216,0.9999719053506851,5.239132014103234
7695,algoQD,76,216,0.9999719053506851,5.384095105808228
7696,algoQD,76,216,0.9999719053506851,6.062725023366511
7697,algoQD,76,216,0.9999719053506851,5.612401551101357
7698,algoQD,76,216,0.9999719053506851,5.298726276028901
7699,algoQD,76,216,0.9999719053506851,5.418054047971964
7700,algoQD,77,216,0.9999719053506851,5.524741854052991
7701,algoQD,77,216,0.9999719053506851,5.504644896369427
7702,algoQD,77,216,0.9999719053506851,5.085093761794269
7703,algoQD,77,216,0.9999719053506851,5.625830116216093
7704,algoQD,77,216,0.9999719053506851,5.686439538374543
7705,algoQD,77,216,0.9999719053506851,5.8427987061440945
7706,algoQD,77,216,0.9999719053506851,6.298358662985265
7707,algoQD,77,216,0.9999719053506851,4.968869816977531
7708,algoQD,77,216,0.9999719053506851,5.226484604179859
7709,algoQD,77,216,0.9999719053506851,5.349069418851286
7710,algoQD,77,216,0.9999719053506851,6.234046323690563
7711,algoQD,77,216,0.9999719053506851,4.988119552843273
7712,algoQD,77,216,0.9999719053506851,5.193711023777723
7713,algoQD,77,216,0.9999719053506851,5.653199094813317
7714,algoQD,77,216,0.9999719053506851,5.995975158177316
7715,algoQD,77,216,0.9999719053506851,5.891189047135413
7716,algoQD,77,216,0.9999719053506851,5.839804848190397
7717,algoQD,77,216,0.9999719053506851,5.83557083690539
7718,algoQD,77,216,0.9999719053506851,4.852564518339932
7719,algoQD,77,216,0.9999719053506851,5.923076333012432
7720,algoQD,77,216,0.9999719053506851,5.403112973086536
7721,algoQD,77,216,0.9999719053506851,5.205496264155954
7722,algoQD,77,216,0.9999719053506851,5.117123777978122
7723,algoQD,77,216,0.9999719053506851,5.455409477930516
7724,algoQD,77,216,0.9999719053506851,5.633803472854197
7725,algoQD,77,216,0.9999719053506851,5.183435697108507
7726,algoQD,77,216,0.9999719053506851,4.7688122340478
7727,algoQD,77,216,0.9999719053506851,4.906790629029274
7728,algoQD,77,216,0.9999719053506851,6.076785643119365
7729,algoQD,77,216,0.9999719053506851,5.398561834357679
7730,algoQD,77,216,0.9999719053506851,4.991966822650284
7731,algoQD,77,216,0.9999719053506851,4.91447569988668
7732,algoQD,77,216,0.9999719053506851,5.23199160117656
7733,algoQD,77,216,0.9999719053506851,4.938094242010266
7734,algoQD,77,216,0.9999719053506851,5.646970926318318
7735,algoQD,77,216,0.9999719053506851,6.034282736945897
7736,algoQD,77,216,0.9999719053506851,5.471030014101416
7737,algoQD,77,216,0.9999719053506851,5.447691662702709
7738,algoQD,77,216,0.9999719053506851,5.626859440933913
7739,algoQD,77,216,0.9999719053506851,5.043821041006595
7740,algoQD,77,216,0.9999719053506851,5.55263503221795
7741,algoQD,77,216,0.9999719053506851,4.592401355970651
7742,algoQD,77,216,0.9999719053506851,4.479246309958398
7743,algoQD,77,216,0.9999719053506851,5.473733342252672
7744,algoQD,77,216,0.9999719053506851,5.373829356860369
7745,algoQD,77,216,0.9999719053506851,5.984015497844666
7746,algoQD,77,216,0.9999719053506851,5.684243558906019
7747,algoQD,77,216,0.9999719053506851,4.7893666457384825
7748,algoQD,77,216,0.9999719053506851,5.8708651307970285
7749,algoQD,77,216,0.9999719053506851,5.107915186788887
7750,algoQD,77,216,0.9999719053506851,5.025007128715515
7751,algoQD,77,216,0.9999719053506851,4.804480276070535
7752,algoQD,77,216,0.9999719053506851,4.816474541090429
7753,algoQD,77,216,0.9999719053506851,4.515904973261058
7754,algoQD,77,216,0.9999719053506851,4.83447455521673
7755,algoQD,77,216,0.9999719053506851,5.33803594019264
7756,algoQD,77,216,0.9999719053506851,4.736131487879902
7757,algoQD,77,216,0.9999719053506851,5.669066859874874
7758,algoQD,77,216,0.9999719053506851,5.8823415683582425
7759,algoQD,77,216,0.9999719053506851,4.8404336660169065
7760,algoQD,77,216,0.9999719053506851,5.23655199771747
7761,algoQD,77,216,0.9999719053506851,5.467795575037599
7762,algoQD,77,216,0.9999719053506851,5.21034241002053
7763,algoQD,77,216,0.9999719053506851,5.523731214925647
7764,algoQD,77,216,0.9999719053506851,4.627992682158947
7765,algoQD,77,216,0.9999719053506851,5.733807324897498
7766,algoQD,77,216,0.9999719053506851,5.073824298102409
7767,algoQD,77,216,0.9999719053506851,5.772392767015845
7768,algoQD,77,216,0.9999719053506851,4.858125453349203
7769,algoQD,77,216,0.9999719053506851,4.7399253053590655
7770,algoQD,77,216,0.9999719053506851,5.196559454780072
7771,algoQD,77,216,0.9999719053506851,5.084068445954472
7772,algoQD,77,216,0.9999719053506851,5.630680199712515
7773,algoQD,77,216,0.9999719053506851,5.563671648036689
7774,algoQD,77,216,0.9999719053506851,5.1746533890254796
7775,algoQD,77,216,0.9999719053506851,5.36922763613984
7776,algoQD,77,216,0.9999719053506851,5.665535463951528
7777,algoQD,77,216,0.9999719053506851,5.863235977943987
7778,algoQD,77,216,0.9999719053506851,6.12728534033522
7779,algoQD,77,216,0.9999719053506851,6.262281254865229
7780,algoQD,77,216,0.9999719053506851,5.574450505897403
7781,algoQD,77,216,0.9999719053506851,4.993008324410766
7782,algoQD,77,216,0.9999719053506851,5.688077791128308
7783,algoQD,77,217,0.9999719053506851,6.249747591093183
7784,algoQD,77,217,0.9999719053506851,6.10933648282662
7785,algoQD,77,217,0.9999719053506851,5.780472414102405
7786,algoQD,77,217,0.9999719053506851,5.1028280751779675
7787,algoQD,77,217,0.9999719053506851,6.562377681955695
7788,algoQD,77,217,0.9999719053506851,6.543282588943839
7789,algoQD,77,217,0.9999719053506851,6.094602241180837
7790,algoQD,77,217,0.9999719053506851,6.795901599805802
7791,algoQD,77,217,0.9999719053506851,5.722094980999827
7792,algoQD,77,217,0.9999719053506851,5.095940340310335
7793,algoQD,77,217,0.9999719053506851,6.270263568032533
7794,algoQD,77,217,0.9999719053506851,5.565126847941428
7795,algoQD,77,217,0.9999719053506851,6.464531978126615
7796,algoQD,77,217,0.9999719053506851,5.645925899036229
7797,algoQD,77,217,0.9999719053506851,6.071425343863666
7798,algoQD,77,217,0.9999719053506851,6.089851233176887
7799,algoQD,77,217,0.9999719053506851,6.251324279699475
7800,algoQD,78,217,0.9999719053506851,5.097615614999086
7801,algoQD,78,217,0.9999719053506851,5.8464294001460075
7802,algoQD,78,217,0.9999719053506851,6.426900737918913
7803,algoQD,78,217,0.9999719053506851,5.57913543889299
7804,algoQD,78,217,0.9999719053506851,5.9530746028758585
7805,algoQD,78,217,0.9999719053506851,5.742017658893019
7806,algoQD,78,217,0.9999719053506851,5.215436506085098
7807,algoQD,78,217,0.9999719053506851,5.948889614082873
7808,algoQD,78,217,0.9999719053506851,5.9430261752568185
7809,algoQD,78,217,0.9999719053506851,5.316188762430102
7810,algoQD,78,217,0.9999719053506851,5.066652535926551
7811,algoQD,78,217,0.9999719053506851,5.406329748220742
7812,algoQD,78,217,0.9999719053506851,5.158481671009213
7813,algoQD,78,217,0.9999719053506851,6.117637348826975
7814,algoQD,78,217,0.9999719053506851,5.394449356943369
7815,algoQD,78,217,0.9999719053506851,6.252522253897041
7816,algoQD,78,217,0.9999719053506851,5.939624227117747
7817,algoQD,78,217,0.9999719053506851,5.843821011949331
7818,algoQD,78,217,0.9999719053506851,5.952875867020339
7819,algoQD,78,217,0.9999719053506851,5.280569204129279
7820,algoQD,78,217,0.9999719053506851,5.557901985011995
7821,algoQD,78,217,0.9999719053506851,5.351007778197527
7822,algoQD,78,217,0.9999719053506851,5.810517430305481
7823,algoQD,78,217,0.9999719053506851,5.671353168319911
7824,algoQD,78,218,0.9999719053506851,6.181008697953075
7825,algoQD,78,218,0.9999719053506851,5.324194450397044
7826,algoQD,78,218,0.9999719053506851,5.5015200027264655
7827,algoQD,78,218,0.9999719053506851,6.155021672137082
7828,algoQD,78,218,0.9999719053506851,5.969506352208555
7829,algoQD,78,218,0.9999719053506851,5.218794390093535
7830,algoQD,78,218,0.9999719053506851,5.323119428940117
7831,algoQD,78,218,0.9999719053506851,5.406255877111107
7832,algoQD,78,218,0.9999719053506851,5.306903005111963
7833,algoQD,78,218,0.9999719053506851,6.384102273732424
7834,algoQD,78,218,0.9999719053506851,5.038211132399738
7835,algoQD,78,218,0.9999719053506851,6.139405133202672
7836,algoQD,78,218,0.9999719053506851,5.652113280724734
7837,algoQD,78,218,0.9999719053506851,6.013665227685124
7838,algoQD,78,218,0.9999719053506851,4.955138824880123
7839,algoQD,78,218,0.9999719053506851,5.347358331084251
7840,algoQD,78,218,0.9999719053506851,5.049831329844892
7841,algoQD,78,218,0.9999719053506851,4.920044888742268
7842,algoQD,78,218,0.9999719053506851,5.449397379998118
7843,algoQD,78,218,0.9999719053506851,6.194244089070708
7844,algoQD,78,218,0.9999719053506851,5.315478940028697
7845,algoQD,78,218,0.9999719053506851,5.828961191698909
7846,algoQD,78,218,0.9999719053506851,6.285892240703106
7847,algoQD,78,218,0.9999719053506851,5.15369595726952
7848,algoQD,78,218,0.9999719053506851,6.107986661605537
7849,algoQD,78,218,0.9999719053506851,5.935072856023908
7850,algoQD,78,218,0.9999719053506851,5.1051124120131135
7851,algoQD,78,218,0.9999719053506851,6.305703427176923
7852,algoQD,78,218,0.9999719053506851,5.622163557913154
7853,algoQD,78,218,0.9999719053506851,5.610750500112772
7854,algoQD,78,218,0.9999719053506851,5.490857745986432
7855,algoQD,78,218,0.9999719053506851,5.476324802264571
7856,algoQD,78,218,0.9999719053506851,5.453035082668066
7857,algoQD,78,218,0.9999719053506851,6.154566932003945
7858,algoQD,78,218,0.9999719053506851,5.258748038671911
7859,algoQD,78,218,0.9999719053506851,5.529975864104927
7860,algoQD,78,218,0.9999719053506851,6.01466290326789
7861,algoQD,78,218,0.9999719053506851,5.9055880988016725
7862,algoQD,78,218,0.9999719053506851,5.25614801608026
7863,algoQD,78,218,0.9999719053506851,5.371534816920757
7864,algoQD,78,218,0.9999719053506851,5.5953950439579785
7865,algoQD,78,218,0.9999719053506851,6.135222698096186
7866,algoQD,78,218,0.9999719053506851,6.367105525918305
7867,algoQD,78,218,0.9999719053506851,6.336504100821912
7868,algoQD,78,218,0.9999719053506851,5.431344605982304
7869,algoQD,78,218,0.9999719053506851,5.431423814967275
7870,algoQD,78,218,0.9999719053506851,5.680733012966812
7871,algoQD,78,218,0.9999719053506851,5.300131388939917
7872,algoQD,78,218,0.9999719053506851,6.276890420820564
7873,algoQD,78,218,0.9999719053506851,6.205710966605693
7874,algoQD,78,218,0.9999719053506851,6.332347174640745
7875,algoQD,78,218,0.9999719053506851,5.670000301208347
7876,algoQD,78,218,0.9999719053506851,6.332377852872014
7877,algoQD,78,218,0.9999719053506851,5.139036937151104
7878,algoQD,78,218,0.9999719053506851,5.235890266019851
7879,algoQD,78,218,0.9999719053506851,5.762306678108871
7880,algoQD,78,218,0.9999719053506851,6.053763699252158
7881,algoQD,78,218,0.9999719053506851,5.786169661208987
7882,algoQD,78,218,0.9999719053506851,6.084563079755753
7883,algoQD,78,218,0.9999719053506851,5.543564312160015
7884,algoQD,78,218,0.9999719053506851,6.067950416821986
7885,algoQD,78,218,0.9999719053506851,6.8069129581563175
7886,algoQD,78,218,0.9999719053506851,6.605710595846176
7887,algoQD,78,218,0.9999719053506851,5.275099338032305
7888,algoQD,78,218,0.9999719053506851,5.301928987260908
7889,algoQD,78,218,0.9999719053506851,6.262513353023678
7890,algoQD,78,218,0.9999719053506851,6.36113757872954
7891,algoQD,78,218,0.9999719053506851,5.694809562992305
7892,algoQD,78,218,0.9999719053506851,4.904710884205997
7893,algoQD,78,218,0.9999719053506851,5.313500242307782
7894,algoQD,78,218,0.9999719053506851,5.871676228009164
7895,algoQD,78,218,0.9999719053506851,5.641872981097549
7896,algoQD,78,218,0.9999719053506851,6.017734406050295
7897,algoQD,78,218,0.9999719053506851,5.327560080215335
7898,algoQD,78,218,0.9999719053506851,6.084885508753359
7899,algoQD,78,218,0.9999719053506851,6.20042537804693
7900,algoQD,79,218,0.9999719053506851,5.516556477174163
7901,algoQD,79,218,0.9999719053506851,6.170678887981921
7902,algoQD,79,218,0.9999719053506851,5.494692010805011
7903,algoQD,79,218,0.9999719053506851,5.470923024695367
7904,algoQD,79,218,0.9999719053506851,6.736881732940674
7905,algoQD,79,218,0.9999719053506851,6.487703593913466
7906,algoQD,79,218,0.9999719053506851,6.080315422732383
7907,algoQD,79,218,0.9999719053506851,5.598284343723208
7908,algoQD,79,218,0.9999719053506851,5.727764173876494
7909,algoQD,79,218,0.9999719053506851,6.087257502134889
7910,algoQD,79,218,0.9999719053506851,5.314239459112287
7911,algoQD,79,218,0.9999719053506851,6.4096734849736094
7912,algoQD,79,218,0.9999719053506851,6.211955467239022
7913,algoQD,79,218,0.9999719053506851,5.5779556897468865
7914,algoQD,79,218,0.9999719053506851,5.867898349184543
7915,algoQD,79,218,0.9999719053506851,6.021086391992867
7916,algoQD,79,218,0.9999719053506851,5.228603296913207
7917,algoQD,79,218,0.9999719053506851,5.062287707813084
7918,algoQD,79,218,0.9999719053506851,6.172739011235535
7919,algoQD,79,218,0.9999719053506851,6.370514959096909
7920,algoQD,79,218,0.9999719053506851,6.273168647661805
7921,algoQD,79,218,0.9999719053506851,5.7216191426850855
7922,algoQD,79,218,0.9999719053506851,5.482733163051307
7923,algoQD,79,218,0.9999719053506851,5.837723951321095
7924,algoQD,79,218,0.9999719053506851,5.632844890002161
7925,algoQD,79,218,0.9999719053506851,6.140022329054773
7926,algoQD,79,218,0.9999719053506851,5.7108116201125085
7927,algoQD,79,218,0.9999719053506851,6.25843614898622
7928,algoQD,79,218,0.9999719053506851,6.142633250914514
7929,algoQD,79,218,0.9999719053506851,6.136725720018148
7930,algoQD,79,218,0.9999719053506851,5.484296887181699
7931,algoQD,79,218,0.9999719053506851,5.515781983267516
7932,algoQD,79,218,0.9999719053506851,6.430836154147983
7933,algoQD,79,218,0.9999719053506851,5.878996781073511
7934,algoQD,79,218,0.9999719053506851,5.556326046586037
7935,algoQD,79,218,0.9999719053506851,5.167589630931616
7936,algoQD,79,218,0.9999719053506851,6.03925957204774
7937,algoQD,79,218,0.9999719053506851,5.491462067235261
7938,algoQD,79,218,0.9999719053506851,4.880923042073846
7939,algoQD,79,218,0.9999719053506851,5.678555128164589
7940,algoQD,79,218,0.9999719053506851,5.569554994814098
7941,algoQD,79,218,0.9999719053506851,6.330882507376373
7942,algoQD,79,218,0.9999719053506851,5.525112905073911
7943,algoQD,79,218,0.9999719053506851,6.5396680273115635
7944,algoQD,79,218,0.9999719053506851,4.961173840798438
7945,algoQD,79,218,0.9999719053506851,5.083773466292769
7946,algoQD,79,218,0.9999719053506851,5.629260234069079
7947,algoQD,79,218,0.9999719053506851,5.208659932948649
7948,algoQD,79,218,0.9999719053506851,5.883853146340698
7949,algoQD,79,218,0.9999719053506851,5.128434547688812
7950,algoQD,79,218,0.9999719053506851,5.8813826479017735
7951,algoQD,79,218,0.9999719053506851,5.995043920818716
7952,algoQD,79,218,0.9999719053506851,5.487379254307598
7953,algoQD,79,218,0.9999719053506851,6.113101064693183
7954,algoQD,79,218,0.9999719053506851,6.125954974908382
7955,algoQD,79,218,0.9999719053506851,5.245482753030956
7956,algoQD,79,218,0.9999719053506851,5.800444224849343
7957,algoQD,79,218,0.9999719053506851,5.270940008107573
7958,algoQD,79,218,0.9999719053506851,6.5080952499993145
7959,algoQD,79,218,0.9999719053506851,5.814820832107216
7960,algoQD,79,218,0.9999719053506851,5.50516297807917
7961,algoQD,79,218,0.9999719053506851,5.832531096879393
7962,algoQD,79,219,0.9999719053506851,5.256037037819624
7963,algoQD,79,219,0.9999719053506851,5.411437495145947
7964,algoQD,79,219,0.9999719053506851,4.964169119950384
7965,algoQD,79,219,0.9999719053506851,5.534164409153163
7966,algoQD,79,219,0.9999719053506851,5.856194201856852
7967,algoQD,79,219,0.9999719053506851,6.217546776868403
7968,algoQD,79,219,0.9999719053506851,5.189536036923528
7969,algoQD,79,219,0.9999719053506851,5.869619169272482
7970,algoQD,79,219,0.9999719053506851,4.732694562990218
7971,algoQD,79,219,0.9999719053506851,6.038137954194099
7972,algoQD,79,219,0.9999719053506851,5.256297197658569
7973,algoQD,79,219,0.9999719053506851,6.072240184061229
7974,algoQD,79,219,0.9999719053506851,5.104927167762071
7975,algoQD,79,219,0.9999719053506851,5.242300831247121
7976,algoQD,79,219,0.9999719053506851,5.102032167837024
7977,algoQD,79,219,0.9999719053506851,4.926221834030002
7978,algoQD,79,219,0.9999719053506851,5.983011005911976
7979,algoQD,79,219,0.9999719053506851,5.859564038924873
7980,algoQD,79,219,0.9999719053506851,6.111098021268845
7981,algoQD,79,219,0.9999719053506851,5.87642514007166
7982,algoQD,79,219,0.9999719053506851,5.900041246321052
7983,algoQD,79,219,0.9999719053506851,5.033504749182612
7984,algoQD,79,219,0.9999719053506851,4.877751354128122
7985,algoQD,79,220,0.9999719053506851,5.140843767207116
7986,algoQD,79,220,0.9999719053506851,5.422541086096317
7987,algoQD,79,220,0.9999719053506851,5.732968273106962
7988,algoQD,79,220,0.9999719053506851,5.2067253878340125
7989,algoQD,79,220,0.9999719053506851,5.142951068934053
7990,algoQD,79,220,0.9999719053506851,5.445383158046752
7991,algoQD,79,220,0.9999719053506851,5.086304367985576
7992,algoQD,79,220,0.9999719053506851,5.785444563254714
7993,algoQD,79,220,0.9999719053506851,5.9422503733076155
7994,algoQD,79,220,0.9999719053506851,4.983727027196437
7995,algoQD,79,220,0.9999719053506851,5.08145776996389
7996,algoQD,79,220,0.9999719053506851,5.187936002854258
7997,algoQD,79,220,0.9999719053506851,5.6111875544302166
7998,algoQD,79,220,0.9999719053506851,5.110496982932091
7999,algoQD,79,220,0.9999719053506851,5.117318854201585
8000,algoQD,80,220,0.9999719053506851,5.6407362897880375
8001,algoQD,80,220,0.9999719053506851,6.299473045859486
8002,algoQD,80,220,0.9999719053506851,5.369054534938186
8003,algoQD,80,220,0.9999719053506851,5.3838961510919034
8004,algoQD,80,220,0.9999719053506851,5.764638476073742
8005,algoQD,80,220,0.9999719053506851,5.345812106970698
8006,algoQD,80,220,0.9999719053506851,5.29654099419713
8007,algoQD,80,220,0.9999719053506851,5.572691309731454
8008,algoQD,80,220,0.9999719053506851,5.343557838816196
8009,algoQD,80,220,0.9999719053506851,5.431719318032265
8010,algoQD,80,220,0.9999719053506851,6.0396071509458125
8011,algoQD,80,220,0.9999719053506851,5.542179115116596
8012,algoQD,80,220,0.9999719053506851,5.7446925062686205
8013,algoQD,80,220,0.9999719053506851,5.794757098890841
8014,algoQD,80,220,0.9999719053506851,6.174476359970868
8015,algoQD,80,220,0.9999719053506851,5.470441808924079
8016,algoQD,80,220,0.9999719053506851,5.415230792015791
8017,algoQD,80,220,0.9999719053506851,5.776992972008884
8018,algoQD,80,220,0.9999719053506851,5.92476844927296
8019,algoQD,80,220,0.9999719053506851,6.016285330988467
8020,algoQD,80,220,0.9999719053506851,5.2406937149353325
8021,algoQD,80,220,0.9999719053506851,4.809670418035239
8022,algoQD,80,220,0.9999719053506851,6.335217830259353
8023,algoQD,80,220,0.9999719053506851,5.633851008955389
8024,algoQD,80,220,0.9999719053506851,5.254279455170035
8025,algoQD,80,220,0.9999719053506851,6.328782320022583
8026,algoQD,80,220,0.9999719053506851,5.743867085780948
8027,algoQD,80,220,0.9999719053506851,6.1236147386953235
8028,algoQD,80,220,0.9999719053506851,5.926851556636393
8029,algoQD,80,220,0.9999719053506851,5.282085398212075
8030,algoQD,80,220,0.9999719053506851,5.093780865892768
8031,algoQD,80,220,0.9999719053506851,5.010814071632922
8032,algoQD,80,220,0.9999719053506851,6.079620650038123
8033,algoQD,80,220,0.9999719053506851,5.180469173938036
8034,algoQD,80,220,0.9999719053506851,5.517225783318281
8035,algoQD,80,220,0.9999719053506851,6.0495121870189905
8036,algoQD,80,220,0.9999719053506851,5.893627605866641
8037,algoQD,80,220,0.9999719053506851,5.132605529855937
8038,algoQD,80,220,0.9999719053506851,5.168019759003073
8039,algoQD,80,220,0.9999719053506851,5.289785307832062
8040,algoQD,80,220,0.9999719053506851,4.911568735260516
8041,algoQD,80,220,0.9999719053506851,5.855442971922457
8042,algoQD,80,220,0.9999719053506851,5.846209875307977
8043,algoQD,80,220,0.9999719053506851,5.723700169008225
8044,algoQD,80,220,0.9999719053506851,4.9757494032382965
8045,algoQD,80,220,0.9999719053506851,4.910474719014019
8046,algoQD,80,220,0.9999719053506851,5.669069136958569
8047,algoQD,80,220,0.9999719053506851,5.95731633156538
8048,algoQD,80,220,0.9999719053506851,6.166599265765399
8049,algoQD,80,220,0.9999719053506851,6.276086695026606
8050,algoQD,80,220,0.9999719053506851,6.273780295625329
8051,algoQD,80,220,0.9999719053506851,6.1852104449644685
8052,algoQD,80,220,0.9999719053506851,5.4355135671794415
8053,algoQD,80,220,0.9999719053506851,5.57218659715727
8054,algoQD,80,220,0.9999719053506851,4.901143035851419
8055,algoQD,80,220,0.9999719053506851,5.150271190330386
8056,algoQD,80,220,0.9999719053506851,5.373224716633558
8057,algoQD,80,220,0.9999719053506851,5.5399005189538
8058,algoQD,80,220,0.9999719053506851,5.75019980315119
8059,algoQD,80,220,0.9999719053506851,5.608519732952118
8060,algoQD,80,220,0.9999719053506851,6.445082660764456
8061,algoQD,80,220,0.9999719053506851,5.737532727885991
8062,algoQD,80,220,0.9999719053506851,5.788990522734821
8063,algoQD,80,220,0.9999719053506851,4.9001450301148
8064,algoQD,80,220,0.9999719053506851,5.312197619117796
8065,algoQD,80,220,0.9999719053506851,5.764246434904635
8066,algoQD,80,220,0.9999719053506851,6.393725536763668
8067,algoQD,80,220,0.9999719053506851,5.173607768025249
8068,algoQD,80,220,0.9999719053506851,5.9931122828274965
8069,algoQD,80,220,0.9999719053506851,5.509390946943313
8070,algoQD,80,220,0.9999719053506851,5.101944382302463
8071,algoQD,80,220,0.9999719053506851,5.027982864994556
8072,algoQD,80,220,0.9999719053506851,6.4502252493985
8073,algoQD,80,220,0.9999719053506851,5.80939630093053
8074,algoQD,80,220,0.9999719053506851,5.780270064249635
8075,algoQD,80,220,0.9999719053506851,5.467579388990998
8076,algoQD,80,220,0.9999719053506851,5.28941866569221
8077,algoQD,80,220,0.9999719053506851,6.336210584267974
8078,algoQD,80,220,0.9999719053506851,5.207793115172535
8079,algoQD,80,220,0.9999719053506851,5.350285971071571
8080,algoQD,80,220,0.9999719053506851,5.972002683673054
8081,algoQD,80,220,0.9999719053506851,6.00163185223937
8082,algoQD,80,220,0.9999719053506851,5.024235593155026
8083,algoQD,80,220,0.9999719053506851,5.350507048889995
8084,algoQD,80,220,0.9999719053506851,6.0150973363779485
8085,algoQD,80,220,0.9999719053506851,4.95396374585107
8086,algoQD,80,220,0.9999719053506851,5.331801572814584
8087,algoQD,80,220,0.9999719053506851,5.790502499323338
8088,algoQD,80,220,0.9999719053506851,5.979448634199798
8089,algoQD,80,220,0.9999719053506851,5.303664224222302
8090,algoQD,80,220,0.9999719053506851,5.454972898121923
8091,algoQD,80,220,0.9999719053506851,6.27403954602778
8092,algoQD,80,220,0.9999719053506851,6.315172742120922
8093,algoQD,80,220,0.9999719053506851,6.089466264937073
8094,algoQD,80,220,0.9999719053506851,6.011211283970624
8095,algoQD,80,220,0.9999719053506851,4.869811229873449
8096,algoQD,80,220,0.9999719053506851,5.279147487133741
8097,algoQD,80,220,0.9999719053506851,5.229877635836601
8098,algoQD,80,220,0.9999719053506851,6.04594334308058
8099,algoQD,80,220,0.9999719053506851,6.317307537421584
8100,algoQD,81,220,0.9999719053506851,5.941225177142769
8101,algoQD,81,220,0.9999719053506851,5.445543841924518
8102,algoQD,81,220,0.9999719053506851,6.179072965402156
8103,algoQD,81,220,0.9999719053506851,5.373088238760829
8104,algoQD,81,220,0.9999719053506851,5.496521009132266
8105,algoQD,81,220,0.9999719053506851,5.940691487397999
8106,algoQD,81,220,0.9999719053506851,6.505117455031723
8107,algoQD,81,220,0.9999719053506851,5.167943936306983
8108,algoQD,81,220,0.9999719053506851,6.387493570800871
8109,algoQD,81,220,0.9999719053506851,5.563719777856022
8110,algoQD,81,220,0.9999719053506851,5.68792096991092
8111,algoQD,81,220,0.9999719053506851,6.271277135703713
8112,algoQD,81,220,0.9999719053506851,6.284413979854435
8113,algoQD,81,220,0.9999719053506851,6.506942633073777
8114,algoQD,81,220,0.9999719053506851,6.4010565066710114
8115,algoQD,81,220,0.9999719053506851,5.098478453233838
8116,algoQD,81,220,0.9999719053506851,6.787301520816982
8117,algoQD,81,220,0.9999719053506851,6.164773044642061
8118,algoQD,81,220,0.9999719053506851,5.2685074508190155
8119,algoQD,81,220,0.9999719053506851,6.077244240324944
8120,algoQD,81,220,0.9999719053506851,6.445426000282168
8121,algoQD,81,220,0.9999719053506851,6.190907039213926
8122,algoQD,81,220,0.9999719053506851,5.271930520888418
8123,algoQD,81,220,0.9999719053506851,6.062093869782984
8124,algoQD,81,220,0.9999719053506851,5.159437792841345
8125,algoQD,81,220,0.9999719053506851,5.6991007761098444
8126,algoQD,81,220,0.9999719053506851,6.27478834008798
8127,algoQD,81,220,0.9999719053506851,5.399020059965551
8128,algoQD,81,220,0.9999719053506851,5.58653279999271
8129,algoQD,81,220,0.9999719053506851,6.332519255578518
8130,algoQD,81,220,0.9999719053506851,5.474294033832848
8131,algoQD,81,220,0.9999719053506851,5.393453455064446
8132,algoQD,81,220,0.9999719053506851,6.492712779901922
8133,algoQD,81,220,0.9999719053506851,5.5559388301335275
8134,algoQD,81,220,0.9999719053506851,6.28367632208392
8135,algoQD,81,220,0.9999719053506851,5.950420358218253
8136,algoQD,81,220,0.9999719053506851,6.130852994974703
8137,algoQD,81,220,0.9999719053506851,5.1123885521665215
8138,algoQD,81,220,0.9999719053506851,5.356149535160512
8139,algoQD,81,220,0.9999719053506851,6.3897909368388355
8140,algoQD,81,220,0.9999719053506851,6.4867085251025856
8141,algoQD,81,220,0.9999719053506851,6.218634038232267
8142,algoQD,81,220,0.9999719053506851,6.153637459035963
8143,algoQD,81,220,0.9999719053506851,6.452046656981111
8144,algoQD,81,220,0.9999719053506851,5.553075319156051
8145,algoQD,81,220,0.9999719053506851,5.034167806152254
8146,algoQD,81,220,0.9999719053506851,6.192498171236366
8147,algoQD,81,220,0.9999719053506851,5.6127366670407355
8148,algoQD,81,220,0.9999719053506851,5.115097920875996
8149,algoQD,81,220,0.9999719053506851,6.095035794656724
8150,algoQD,81,220,0.9999719053506851,5.9908455037511885
8151,algoQD,81,220,0.9999719053506851,5.586464451625943
8152,algoQD,81,220,0.9999719053506851,5.52814361685887
8153,algoQD,81,220,0.9999719053506851,5.168571475893259
8154,algoQD,81,220,0.9999719053506851,6.000395650975406
8155,algoQD,81,220,0.9999719053506851,5.6198476338759065
8156,algoQD,81,220,0.9999719053506851,5.149543822277337
8157,algoQD,81,220,0.9999719053506851,5.694597881752998
8158,algoQD,81,220,0.9999719053506851,5.340105038136244
8159,algoQD,81,220,0.9999719053506851,6.146940995007753
8160,algoQD,81,220,0.9999719053506851,5.9799290569499135
8161,algoQD,81,220,0.9999719053506851,5.06781942397356
8162,algoQD,81,220,0.9999719053506851,5.991908663883805
8163,algoQD,81,221,0.9999719053506851,6.4424784472212195
8164,algoQD,81,221,0.9999719053506851,5.889868368394673
8165,algoQD,81,221,0.9999719053506851,5.924066489096731
8166,algoQD,81,221,0.9999719053506851,6.109847612679005
8167,algoQD,81,221,0.9999719053506851,5.502330800984055
8168,algoQD,81,221,0.9999719053506851,5.228027425706387
8169,algoQD,81,221,0.9999719053506851,5.5799609129317105
8170,algoQD,81,221,0.9999719053506851,5.624050755053759
8171,algoQD,81,221,0.9999719053506851,5.403526620008051
8172,algoQD,81,221,0.9999719053506851,5.607074627187103
8173,algoQD,81,221,0.9999719053506851,6.094493962358683
8174,algoQD,81,221,0.9999719053506851,6.393836442381144
8175,algoQD,81,221,0.9999719053506851,5.161635410040617
8176,algoQD,81,221,0.9999719053506851,5.245521471835673
8177,algoQD,81,221,0.9999719053506851,5.049942443147302
8178,algoQD,81,221,0.9999719053506851,4.992730133701116
8179,algoQD,81,221,0.9999719053506851,6.179236360825598
8180,algoQD,81,221,0.9999719053506851,5.053276584018022
8181,algoQD,81,222,0.9999719053506851,6.208029769361019
8182,algoQD,81,222,0.9999719053506851,5.329943748190999
8183,algoQD,81,222,0.9999719053506851,5.082003776915371
8184,algoQD,81,222,0.9999719053506851,5.144180716946721
8185,algoQD,81,222,0.9999719053506851,5.2269257619045675
8186,algoQD,81,222,0.9999719053506851,5.9449660503305495
8187,algoQD,81,222,0.9999719053506851,6.125769248697907
8188,algoQD,81,222,0.9999719053506851,6.214124254882336
8189,algoQD,81,223,0.9999719053506851,6.389622658025473
8190,algoQD,81,223,0.9999719053506851,6.2322503458708525
8191,algoQD,81,223,0.9999719053506851,5.475950733292848
8192,algoQD,81,223,0.9999719053506851,4.990500220097601
8193,algoQD,81,223,0.9999719053506851,5.4326399536803365
8194,algoQD,81,223,0.9999719053506851,5.472479164134711
8195,algoQD,81,223,0.9999719053506851,6.370965403970331
8196,algoQD,81,223,0.9999719053506851,6.319935508072376
8197,algoQD,81,223,0.9999719053506851,6.549408231861889
8198,algoQD,81,223,0.9999719053506851,6.414181567262858
8199,algoQD,81,223,0.9999719053506851,5.40630752639845
8200,algoQD,82,223,0.9999719053506851,6.144662250764668
8201,algoQD,82,223,0.9999719053506851,6.223054569680244
8202,algoQD,82,223,0.9999719053506851,5.373132999055088
8203,algoQD,82,223,0.9999719053506851,5.804035896901041
8204,algoQD,82,223,0.9999719053506851,5.511814462020993
8205,algoQD,82,223,0.9999719053506851,6.368644229136407
8206,algoQD,82,223,0.9999719053506851,5.931469277013093
8207,algoQD,82,223,0.9999719053506851,5.279089352115989
8208,algoQD,82,223,0.9999719053506851,5.878438729792833
8209,algoQD,82,223,0.9999719053506851,5.653420723043382
8210,algoQD,82,223,0.9999719053506851,5.071136471815407
8211,algoQD,82,223,0.9999719053506851,5.5696385176852345
8212,algoQD,82,223,0.9999719053506851,5.133131366688758
8213,algoQD,82,223,0.9999719053506851,5.9899240038357675
8214,algoQD,82,223,0.9999719053506851,6.191736651118845
8215,algoQD,82,223,0.9999719053506851,5.161956286989152
8216,algoQD,82,223,0.9999719053506851,5.149881237652153
8217,algoQD,82,223,0.9999719053506851,6.167342606000602
8218,algoQD,82,223,0.9999719053506851,4.774691255297512
8219,algoQD,82,223,0.9999719053506851,5.2216292838566005
8220,algoQD,82,223,0.9999719053506851,5.049340866971761
8221,algoQD,82,223,0.9999719053506851,4.831876211799681
8222,algoQD,82,223,0.9999719053506851,4.97698110435158
8223,algoQD,82,223,0.9999719053506851,4.919291594065726
8224,algoQD,82,223,0.9999719053506851,5.337400668300688
8225,algoQD,82,224,0.9999719053506851,4.920207875780761
8226,algoQD,82,224,0.9999719053506851,4.870784744620323
8227,algoQD,82,224,0.9999719053506851,5.521017833147198
8228,algoQD,82,224,0.9999719053506851,5.587496330961585
8229,algoQD,82,224,0.9999719053506851,5.039753491058946
8230,algoQD,82,224,0.9999719053506851,5.772832995746285
8231,algoQD,82,224,0.9999719053506851,5.945594218093902
8232,algoQD,82,224,0.9999719053506851,5.211267935112119
8233,algoQD,82,224,0.9999719053506851,4.964531878940761
8234,algoQD,82,224,0.9999719053506851,6.477705612778664
8235,algoQD,82,224,0.9999719053506851,5.793832676950842
8236,algoQD,82,224,0.9999719053506851,5.702419281005859
8237,algoQD,82,224,0.9999719053506851,5.3042445769533515
8238,algoQD,82,224,0.9999719053506851,6.268504914827645
8239,algoQD,82,224,0.9999719053506851,5.92074096435681
8240,algoQD,82,224,0.9999719053506851,5.556799597106874
8241,algoQD,82,224,0.9999719053506851,5.297162784263492
8242,algoQD,82,224,0.9999719053506851,6.133579647168517
8243,algoQD,82,224,0.9999719053506851,5.251698974985629
8244,algoQD,82,224,0.9999719053506851,4.902958349790424
8245,algoQD,82,224,0.9999719053506851,5.436151308007538
8246,algoQD,82,224,0.9999719053506851,5.585725905839354
8247,algoQD,82,224,0.9999719053506851,5.468767779879272
8248,algoQD,82,224,0.9999719053506851,5.3409601943567395
8249,algoQD,82,224,0.9999719053506851,5.09168500918895
8250,algoQD,82,224,0.9999719053506851,5.108135064132512
8251,algoQD,82,224,0.9999719053506851,5.466236487030983
8252,algoQD,82,224,0.9999719053506851,4.975315518211573
8253,algoQD,82,224,0.9999719053506851,5.489203867968172
8254,algoQD,82,224,0.9999719053506851,5.099268750753254
8255,algoQD,82,224,0.9999719053506851,5.932269849348813
8256,algoQD,82,224,0.9999719053506851,5.840611801948398
8257,algoQD,82,224,0.9999719053506851,4.989681193139404
8258,algoQD,82,224,0.9999719053506851,4.600404760800302
8259,algoQD,82,224,0.9999719053506851,5.546021351125091
8260,algoQD,82,224,0.9999719053506851,5.369309512898326
8261,algoQD,82,224,0.9999719053506851,5.478542921133339
8262,algoQD,82,224,0.9999719053506851,6.038650318048894
8263,algoQD,82,224,0.9999719053506851,5.245858869049698
8264,algoQD,82,224,0.9999719053506851,4.834633341990411
8265,algoQD,82,224,0.9999719053506851,5.8018912128172815
8266,algoQD,82,224,0.9999719053506851,5.274086548946798
8267,algoQD,82,224,0.9999719053506851,4.672543075866997
8268,algoQD,82,224,0.9999719053506851,6.287396160885692
8269,algoQD,82,224,0.9999719053506851,5.072245839051902
8270,algoQD,82,224,0.9999719053506851,5.430697583127767
8271,algoQD,82,224,0.9999719053506851,6.194738443940878
8272,algoQD,82,224,0.9999719053506851,6.095828361809254
8273,algoQD,82,224,0.9999719053506851,5.140671034809202
8274,algoQD,82,224,0.9999719053506851,5.0662864577025175
8275,algoQD,82,224,0.9999719053506851,5.500938931014389
8276,algoQD,82,224,0.9999719053506851,5.257819740101695
8277,algoQD,82,224,0.9999719053506851,5.283492101822048
8278,algoQD,82,224,0.9999719053506851,5.150461975950748
8279,algoQD,82,224,0.9999719053506851,5.920180836692452
8280,algoQD,82,224,0.9999719053506851,5.139681115280837
8281,algoQD,82,224,0.9999719053506851,5.509901067242026
8282,algoQD,82,224,0.9999719053506851,6.643952464219183
8283,algoQD,82,224,0.9999719053506851,5.519327207934111
8284,algoQD,82,224,0.9999719053506851,5.658052324783057
8285,algoQD,82,224,0.9999719053506851,5.379077781923115
8286,algoQD,82,224,0.9999719053506851,5.968157734256238
8287,algoQD,82,224,0.9999719053506851,6.160896054003388
8288,algoQD,82,225,0.9999719053506851,5.983606667257845
8289,algoQD,82,225,0.9999719053506851,5.716588765848428
8290,algoQD,82,225,0.9999719053506851,5.170921002980322
8291,algoQD,82,225,0.9999719053506851,5.67131093936041
8292,algoQD,82,225,0.9999719053506851,5.937204143032432
8293,algoQD,82,225,0.9999719053506851,5.563663005828857
8294,algoQD,82,225,0.9999719053506851,6.144397338386625
8295,algoQD,82,225,0.9999719053506851,5.472846387885511
8296,algoQD,82,225,0.9999719053506851,4.992700769100338
8297,algoQD,82,225,0.9999719053506851,6.336194711737335
8298,algoQD,82,225,0.9999719053506851,5.8135710447095335
8299,algoQD,82,225,0.9999719053506851,5.651748633012176
8300,algoQD,83,225,0.9999719053506851,6.267335353884846
8301,algoQD,83,225,0.9999719053506851,5.9859864129684865
8302,algoQD,83,225,0.9999719053506851,5.147510437760502
8303,algoQD,83,225,0.9999719053506851,5.710086510051042
8304,algoQD,83,225,0.9999719053506851,5.964450208935887
8305,algoQD,83,225,0.9999719053506851,6.05215105926618
8306,algoQD,83,225,0.9999719053506851,5.43423618003726
8307,algoQD,83,225,0.9999719053506851,6.019480473827571
8308,algoQD,83,225,0.9999719053506851,6.123416924849153
8309,algoQD,83,225,0.9999719053506851,6.407719075214118
8310,algoQD,83,225,0.9999719053506851,5.8789437538944185
8311,algoQD,83,225,0.9999719053506851,5.409306613262743
8312,algoQD,83,225,0.9999719053506851,5.62138851499185
8313,algoQD,83,225,0.9999719053506851,5.8447808981873095
8314,algoQD,83,225,0.9999719053506851,5.231471328996122
8315,algoQD,83,225,0.9999719053506851,5.719978810288012
8316,algoQD,83,225,0.9999719053506851,5.169702196959406
8317,algoQD,83,226,0.9999719053506851,6.174517302308232
8318,algoQD,83,226,0.9999719053506851,5.348789749201387
8319,algoQD,83,226,0.9999719053506851,5.426833625882864
8320,algoQD,83,226,0.9999719053506851,5.942586101591587
8321,algoQD,83,226,0.9999719053506851,5.19038269482553
8322,algoQD,83,226,0.9999719053506851,6.101358906831592
8323,algoQD,83,226,0.9999719053506851,4.854077022988349
8324,algoQD,83,226,0.9999719053506851,5.301513182930648
8325,algoQD,83,226,0.9999719053506851,5.220565481111407
8326,algoQD,83,226,0.9999719053506851,5.69779766490683
8327,algoQD,83,226,0.9999719053506851,5.6826365548186
8328,algoQD,83,226,0.9999719053506851,6.283756534103304
8329,algoQD,83,226,0.9999719053506851,5.964901409111917
8330,algoQD,83,226,0.9999719053506851,5.694647641852498
8331,algoQD,83,226,0.9999719053506851,5.975719972979277
8332,algoQD,83,226,0.9999719053506851,5.451932243537158
8333,algoQD,83,226,0.9999719053506851,5.030026076827198
8334,algoQD,83,226,0.9999719053506851,4.889529647305608
8335,algoQD,83,226,0.9999719053506851,4.956211652606726
8336,algoQD,83,226,0.9999719053506851,5.513165714684874
8337,algoQD,83,226,0.9999719053506851,6.031119717750698
8338,algoQD,83,226,0.9999719053506851,4.886643843259662
8339,algoQD,83,226,0.9999719053506851,5.737616608850658
8340,algoQD,83,226,0.9999719053506851,5.78547373181209
8341,algoQD,83,226,0.9999719053506851,5.2071162750944495
8342,algoQD,83,226,0.9999719053506851,5.545543375890702
8343,algoQD,83,226,0.9999719053506851,5.008227444253862
8344,algoQD,83,226,0.9999719053506851,6.172103920951486
8345,algoQD,83,226,0.9999719053506851,5.245735613163561
8346,algoQD,83,226,0.9999719053506851,5.201279416214675
8347,algoQD,83,226,0.9999719053506851,5.0513392416760325
8348,algoQD,83,226,0.9999719053506851,5.026109295897186
8349,algoQD,83,226,0.9999719053506851,5.3099056631326675
8350,algoQD,83,226,0.9999719053506851,6.428981602191925
8351,algoQD,83,226,0.9999719053506851,4.895862786099315
8352,algoQD,83,226,0.9999719053506851,5.405544336885214
8353,algoQD,83,226,0.9999719053506851,5.083173317369074
8354,algoQD,83,226,0.9999719053506851,6.548448040615767
8355,algoQD,83,226,0.9999719053506851,6.351673115044832
8356,algoQD,83,226,0.9999719053506851,4.995050746016204
8357,algoQD,83,226,0.9999719053506851,5.431658573914319
8358,algoQD,83,226,0.9999719053506851,6.108163355849683
8359,algoQD,83,226,0.9999719053506851,5.963227165862918
8360,algoQD,83,226,0.9999719053506851,5.257707566022873
8361,algoQD,83,226,0.9999719053506851,5.988290596753359
8362,algoQD,83,226,0.9999719053506851,5.184417742770165
8363,algoQD,83,226,0.9999719053506851,5.883385691791773
8364,algoQD,83,227,0.9999719053506851,6.237763233017176
8365,algoQD,83,227,0.9999719053506851,5.347279035951942
8366,algoQD,83,227,0.9999719053506851,6.247500675264746
8367,algoQD,83,227,0.9999719053506851,5.7014899821951985
8368,algoQD,83,227,0.9999719053506851,5.04222191311419
8369,algoQD,83,227,0.9999719053506851,5.673137035220861
8370,algoQD,83,227,0.9999719053506851,6.169287968426943
8371,algoQD,83,227,0.9999719053506851,5.438888013828546
8372,algoQD,83,227,0.9999719053506851,5.114225395023823
8373,algoQD,83,227,0.9999719053506851,5.337749837897718
8374,algoQD,83,227,0.9999719053506851,5.479758875910193
8375,algoQD,83,227,0.9999719053506851,6.179814811330289
8376,algoQD,83,227,0.9999719053506851,6.1279402961954474
8377,algoQD,83,227,0.9999719053506851,5.358743770048022
8378,algoQD,83,227,0.9999719053506851,6.004373746924102
8379,algoQD,83,227,0.9999719053506851,6.075538074132055
8380,algoQD,83,227,0.9999719053506851,5.316199946217239
8381,algoQD,83,227,0.9999719053506851,5.427780905738473
8382,algoQD,83,227,0.9999719053506851,6.073905078694224
8383,algoQD,83,227,0.9999719053506851,5.882480421103537
8384,algoQD,83,227,0.9999719053506851,5.579995810054243
8385,algoQD,83,227,0.9999719053506851,6.0965849459171295
8386,algoQD,83,227,0.9999719053506851,5.394857713021338
8387,algoQD,83,227,0.9999719053506851,5.664606454782188
8388,algoQD,83,227,0.9999719053506851,6.059316641185433
8389,algoQD,83,227,0.9999719053506851,6.051534364931285
8390,algoQD,83,227,0.9999719053506851,5.3629722888581455
8391,algoQD,83,227,0.9999719053506851,6.094040486961603
8392,algoQD,83,227,0.9999719053506851,6.492268211208284
8393,algoQD,83,227,0.9999719053506851,5.327284852974117
8394,algoQD,83,227,0.9999719053506851,5.7552341697737575
8395,algoQD,83,227,0.9999719053506851,6.633860823232681
8396,algoQD,83,227,0.9999719053506851,6.147826955188066
8397,algoQD,83,227,0.9999719053506851,5.560912678949535
8398,algoQD,83,227,0.9999719053506851,6.106413546949625
8399,algoQD,83,227,0.9999719053506851,5.1512430449947715
8400,algoQD,84,227,0.9999719053506851,5.555641458835453
8401,algoQD,84,227,0.9999719053506851,5.185621737968177
8402,algoQD,84,227,0.9999719053506851,5.344910099171102
8403,algoQD,84,227,0.9999719053506851,6.1767365843988955
8404,algoQD,84,227,0.9999719053506851,6.494630153290927
8405,algoQD,84,227,0.9999719053506851,6.121306039858609
8406,algoQD,84,227,0.9999719053506851,5.478467066306621
8407,algoQD,84,227,0.9999719053506851,5.798479137942195
8408,algoQD,84,227,0.9999719053506851,6.298072295729071
8409,algoQD,84,227,0.9999719053506851,6.916856695897877
8410,algoQD,84,227,0.9999719053506851,6.452450719196349
8411,algoQD,84,227,0.9999719053506851,6.203124749939889
8412,algoQD,84,227,0.9999719053506851,6.460610249079764
8413,algoQD,84,227,0.9999719053506851,6.556162117980421
8414,algoQD,84,227,0.9999719053506851,7.190038154833019
8415,algoQD,84,227,0.9999719053506851,6.5166672160848975
8416,algoQD,84,227,0.9999719053506851,5.9796621720306575
8417,algoQD,84,227,0.9999719053506851,6.067290839739144
8418,algoQD,84,227,0.9999719053506851,5.847421140875667
8419,algoQD,84,227,0.9999719053506851,5.838675836101174
8420,algoQD,84,227,0.9999719053506851,5.151007550768554
8421,algoQD,84,227,0.9999719053506851,5.403334311209619
8422,algoQD,84,227,0.9999719053506851,5.178588067181408
8423,algoQD,84,227,0.9999719053506851,6.0805854317732155
8424,algoQD,84,227,0.9999719053506851,5.735422563739121
8425,algoQD,84,227,0.9999719053506851,6.469737475737929
8426,algoQD,84,227,0.9999719053506851,6.549377065617591
8427,algoQD,84,227,0.9999719053506851,5.438828862272203
8428,algoQD,84,227,0.9999719053506851,5.466794839128852
8429,algoQD,84,227,0.9999719053506851,5.762066691182554
8430,algoQD,84,227,0.9999719053506851,5.335069945082068
8431,algoQD,84,227,0.9999719053506851,6.124656131025404
8432,algoQD,84,227,0.9999719053506851,6.46369797270745
8433,algoQD,84,227,0.9999719053506851,6.482453695032746
8434,algoQD,84,227,0.9999719053506851,5.903957014903426
8435,algoQD,84,227,0.9999719053506851,7.333570281974971
8436,algoQD,84,227,0.9999719053506851,6.069261914119124
8437,algoQD,84,227,0.9999719053506851,6.467075946740806
8438,algoQD,84,227,0.9999719053506851,6.348430417012423
8439,algoQD,84,227,0.9999719053506851,5.519052757881582
8440,algoQD,84,227,0.9999719053506851,5.916657965630293
8441,algoQD,84,227,0.9999719053506851,7.185452971141785
8442,algoQD,84,227,0.9999719053506851,6.288787562865764
8443,algoQD,84,227,0.9999719053506851,6.543738181237131
8444,algoQD,84,227,0.9999719053506851,6.14571620663628
8445,algoQD,84,227,0.9999719053506851,6.10092112980783
8446,algoQD,84,227,0.9999719053506851,6.390471049118787
8447,algoQD,84,227,0.9999719053506851,6.687811349052936
8448,algoQD,84,227,0.9999719053506851,5.303091856651008
8449,algoQD,84,227,0.9999719053506851,6.517030221875757
8450,algoQD,84,227,0.9999719053506851,5.2936735190451145
8451,algoQD,84,227,0.9999719053506851,6.206940189003944
8452,algoQD,84,227,0.9999719053506851,5.745553907006979
8453,algoQD,84,227,0.9999719053506851,5.939285933971405
8454,algoQD,84,227,0.9999719053506851,5.843855022918433
8455,algoQD,84,227,0.9999719053506851,5.623793402221054
8456,algoQD,84,227,0.9999719053506851,6.511327085085213
8457,algoQD,84,227,0.9999719053506851,5.53269540797919
8458,algoQD,84,227,0.9999719053506851,5.7143887472338974
8459,algoQD,84,228,0.9999719053506851,5.714287825860083
8460,algoQD,84,228,0.9999719053506851,5.485852362122387
8461,algoQD,84,228,0.9999719053506851,5.4112491882406175
8462,algoQD,84,228,0.9999719053506851,5.705624284222722
8463,algoQD,84,228,0.9999719053506851,5.38361523905769
8464,algoQD,84,228,0.9999719053506851,5.798425495624542
8465,algoQD,84,228,0.9999719053506851,6.636750211939216
8466,algoQD,84,228,0.9999719053506851,5.349709318950772
8467,algoQD,84,228,0.9999719053506851,6.264782822225243
8468,algoQD,84,228,0.9999719053506851,5.134551714174449
8469,algoQD,84,228,0.9999719053506851,5.3077618619427085
8470,algoQD,84,228,0.9999719053506851,5.147004525642842
8471,algoQD,84,228,0.9999719053506851,6.131725017912686
8472,algoQD,84,228,0.9999719053506851,6.488887962885201
8473,algoQD,84,228,0.9999719053506851,6.223779899999499
8474,algoQD,84,228,0.9999719053506851,5.134830029215664
8475,algoQD,84,228,0.9999719053506851,6.239906905218959
8476,algoQD,84,228,0.9999719053506851,5.458192423917353
8477,algoQD,84,228,0.9999719053506851,5.762527031823993
8478,algoQD,84,228,0.9999719053506851,4.923306853976101
8479,algoQD,84,228,0.9999719053506851,5.418639381881803
8480,algoQD,84,228,0.9999719053506851,6.138578589074314
8481,algoQD,84,228,0.9999719053506851,5.896035436075181
8482,algoQD,84,229,0.9999719053506851,6.57882444281131
8483,algoQD,84,229,0.9999719053506851,5.297943969722837
8484,algoQD,84,229,0.9999719053506851,4.626830106135458
8485,algoQD,84,229,0.9999719053506851,5.503063103649765
8486,algoQD,84,229,0.9999719053506851,5.000080930069089
8487,algoQD,84,229,0.9999719053506851,5.410710589028895
8488,algoQD,84,229,0.9999719053506851,5.5775707280263305
8489,algoQD,84,229,0.9999719053506851,5.86912957392633
8490,algoQD,84,229,0.9999719053506851,6.342747087590396
8491,algoQD,84,229,0.9999719053506851,5.995724203065038
8492,algoQD,84,229,0.9999719053506851,5.4471715381368995
8493,algoQD,84,230,0.9999719053506851,5.662048893049359
8494,algoQD,84,230,0.9999719053506851,5.780953070148826
8495,algoQD,84,230,0.9999719053506851,5.845849061850458
8496,algoQD,84,230,0.9999719053506851,5.215028298087418
8497,algoQD,84,230,0.9999719053506851,5.852449213154614
8498,algoQD,84,230,0.9999719053506851,6.466243312228471
8499,algoQD,84,230,0.9999719053506851,5.456803169101477
8500,algoQD,85,230,0.9999719053506851,6.048505702055991
8501,algoQD,85,230,0.9999719053506851,6.326063270680606
8502,algoQD,85,230,0.9999719053506851,6.344539083074778
8503,algoQD,85,230,0.9999719053506851,6.3988512847572565
8504,algoQD,85,230,0.9999719053506851,5.600325686857104
8505,algoQD,85,230,0.9999719053506851,5.581965190824121
8506,algoQD,85,230,0.9999719053506851,5.927994818426669
8507,algoQD,85,230,0.9999719053506851,5.986279986798763
8508,algoQD,85,230,0.9999719053506851,6.622877306770533
8509,algoQD,85,230,0.9999719053506851,5.8946292689070106
8510,algoQD,85,230,0.9999719053506851,5.206017248798162
8511,algoQD,85,230,0.9999719053506851,5.746980233117938
8512,algoQD,85,230,0.9999719053506851,6.476739626843482
8513,algoQD,85,230,0.9999719053506851,5.385478308890015
8514,algoQD,85,230,0.9999719053506851,6.015753129962832
8515,algoQD,85,230,0.9999719053506851,5.972635294310749
8516,algoQD,85,230,0.9999719053506851,5.018018886912614
8517,algoQD,85,230,0.9999719053506851,6.402642439119518
8518,algoQD,85,230,0.9999719053506851,6.252490593586117
8519,algoQD,85,230,0.9999719053506851,6.11478472687304
8520,algoQD,85,230,0.9999719053506851,5.187697381712496
8521,algoQD,85,230,0.9999719053506851,5.261464136186987
8522,algoQD,85,230,0.9999719053506851,6.748136359266937
8523,algoQD,85,230,0.9999719053506851,6.218296356964856
8524,algoQD,85,230,0.9999719053506851,5.471566976048052
8525,algoQD,85,230,0.9999719053506851,6.0461595649831
8526,algoQD,85,230,0.9999719053506851,6.316397039219737
8527,algoQD,85,230,0.9999719053506851,5.217483367305249
8528,algoQD,85,230,0.9999719053506851,5.51309549016878
8529,algoQD,85,230,0.9999719053506851,5.8737155720591545
8530,algoQD,85,230,0.9999719053506851,5.511762962210923
8531,algoQD,85,230,0.9999719053506851,5.755691792815924
8532,algoQD,85,230,0.9999719053506851,6.279533602297306
8533,algoQD,85,230,0.9999719053506851,5.935100635048002
8534,algoQD,85,230,0.9999719053506851,5.924765487201512
8535,algoQD,85,230,0.9999719053506851,5.96654708776623
8536,algoQD,85,230,0.9999719053506851,5.454576069954783
8537,algoQD,85,230,0.9999719053506851,6.384583596140146
8538,algoQD,85,230,0.9999719053506851,5.772449638694525
8539,algoQD,85,230,0.9999719053506851,5.635733708273619
8540,algoQD,85,230,0.9999719053506851,5.248908428940922
8541,algoQD,85,230,0.9999719053506851,5.109582255128771
8542,algoQD,85,230,0.9999719053506851,5.820132550783455
8543,algoQD,85,230,0.9999719053506851,6.10353082511574
8544,algoQD,85,230,0.9999719053506851,5.4782286551781
8545,algoQD,85,230,0.9999719053506851,5.059564121067524
8546,algoQD,85,230,0.9999719053506851,5.0034718378447
8547,algoQD,85,231,0.9999719053506851,5.229627785272896
8548,algoQD,85,231,0.9999719053506851,5.415402717888355
8549,algoQD,85,231,0.9999719053506851,5.527004543226212
8550,algoQD,85,231,0.9999719053506851,6.072205341886729
8551,algoQD,85,231,0.9999719053506851,5.796762862242758
8552,algoQD,85,231,0.9999719053506851,5.297246758826077
8553,algoQD,85,231,0.9999719053506851,5.988096087705344
8554,algoQD,85,231,0.9999719053506851,4.989684395026416
8555,algoQD,85,231,0.9999719053506851,5.300358430016786
8556,algoQD,85,231,0.9999719053506851,6.083301047794521
8557,algoQD,85,231,0.9999719053506851,4.910117715131491
8558,algoQD,85,231,0.9999719053506851,5.118946481030434
8559,algoQD,85,231,0.9999719053506851,5.755865830928087
8560,algoQD,85,231,0.9999719053506851,5.561027332209051
8561,algoQD,85,231,0.9999719053506851,5.533819309901446
8562,algoQD,85,231,0.9999719053506851,5.650512324646115
8563,algoQD,85,231,0.9999719053506851,4.717642040923238
8564,algoQD,85,232,0.9999719053506851,5.858241441659629
8565,algoQD,85,232,0.9999719053506851,6.004815660882741
8566,algoQD,85,232,0.9999719053506851,5.536282293964177
8567,algoQD,85,232,0.9999719053506851,5.711598053108901
8568,algoQD,85,232,0.9999719053506851,5.4103190819732845
8569,algoQD,85,232,0.9999719053506851,5.0353954108431935
8570,algoQD,85,232,0.9999719053506851,4.973005468957126
8571,algoQD,85,232,0.9999719053506851,4.7787073608487844
8572,algoQD,85,232,0.9999719053506851,5.637172969058156
8573,algoQD,85,232,0.9999719053506851,5.51296201813966
8574,algoQD,85,232,0.9999719053506851,4.853984033223242
8575,algoQD,85,232,0.9999719053506851,5.179960303008556
8576,algoQD,85,232,0.9999719053506851,6.179065085947514
8577,algoQD,85,232,0.9999719053506851,5.31002529617399
8578,algoQD,85,232,0.9999719053506851,5.936415350995958
8579,algoQD,85,232,0.9999719053506851,5.916000684723258
8580,algoQD,85,232,0.9999719053506851,6.06440815795213
8581,algoQD,85,232,0.9999719053506851,5.17311244411394
8582,algoQD,85,232,0.9999719053506851,5.424200041685253
8583,algoQD,85,232,0.9999719053506851,5.327300529927015
8584,algoQD,85,232,0.9999719053506851,5.684333924204111
8585,algoQD,85,232,0.9999719053506851,4.8577017788775265
8586,algoQD,85,232,0.9999719053506851,5.512368925847113
8587,algoQD,85,232,0.9999719053506851,5.199163198005408
8588,algoQD,85,232,0.9999719053506851,5.677362650167197
8589,algoQD,85,232,0.9999719053506851,6.531179455108941
8590,algoQD,85,232,0.9999719053506851,4.8491042028181255
8591,algoQD,85,232,0.9999719053506851,5.949131798930466
8592,algoQD,85,232,0.9999719053506851,5.244750931859016
8593,algoQD,85,232,0.9999719053506851,5.12681076163426
8594,algoQD,85,232,0.9999719053506851,5.292661214247346
8595,algoQD,85,232,0.9999719053506851,5.8767566489987075
8596,algoQD,85,232,0.9999719053506851,5.069218554068357
8597,algoQD,85,232,0.9999719053506851,4.798349245917052
8598,algoQD,85,232,0.9999719053506851,6.012851044069976
8599,algoQD,85,232,0.9999719053506851,5.466848321259022
8600,algoQD,86,232,0.9999719053506851,5.061895195860416
8601,algoQD,86,232,0.9999719053506851,4.852509126998484
8602,algoQD,86,232,0.9999719053506851,5.780016036704183
8603,algoQD,86,232,0.9999719053506851,5.39372283173725
8604,algoQD,86,232,0.9999719053506851,5.696883108001202
8605,algoQD,86,232,0.9999719053506851,5.203817824833095
8606,algoQD,86,232,0.9999719053506851,5.149255472701043
8607,algoQD,86,232,0.9999719053506851,4.993068770039827
8608,algoQD,86,232,0.9999719053506851,4.944500474259257
8609,algoQD,86,232,0.9999719053506851,5.069429522845894
8610,algoQD,86,232,0.9999719053506851,5.378476711921394
8611,algoQD,86,232,0.9999719053506851,5.6942018694244325
8612,algoQD,86,232,0.9999719053506851,5.4668256477452815
8613,algoQD,86,232,0.9999719053506851,5.090656031854451
8614,algoQD,86,232,0.9999719053506851,6.038558261003345
8615,algoQD,86,232,0.9999719053506851,5.870035137049854
8616,algoQD,86,232,0.9999719053506851,5.772137939929962
8617,algoQD,86,232,0.9999719053506851,6.008248188067228
8618,algoQD,86,232,0.9999719053506851,5.707055278122425
8619,algoQD,86,232,0.9999719053506851,5.79852952901274
8620,algoQD,86,233,0.9999719053506851,5.794247047044337
8621,algoQD,86,233,0.9999719053506851,4.680456534959376
8622,algoQD,86,233,0.9999719053506851,5.024775344412774
8623,algoQD,86,233,0.9999719053506851,5.335224342066795
8624,algoQD,86,233,0.9999719053506851,5.457401368767023
8625,algoQD,86,233,0.9999719053506851,6.125013108365238
8626,algoQD,86,233,0.9999719053506851,5.413592588156462
8627,algoQD,86,233,0.9999719053506851,5.648666657041758
8628,algoQD,86,233,0.9999719053506851,4.798962325323373
8629,algoQD,86,233,0.9999719053506851,5.111521970946342
8630,algoQD,86,233,0.9999719053506851,4.9746913141570985
8631,algoQD,86,233,0.9999719053506851,5.324519765097648
8632,algoQD,86,233,0.9999719053506851,5.1936024110764265
8633,algoQD,86,233,0.9999719053506851,4.778073232155293
8634,algoQD,86,233,0.9999719053506851,4.828453571069986
8635,algoQD,86,233,0.9999719053506851,4.835820070933551
8636,algoQD,86,233,0.9999719053506851,5.229522587265819
8637,algoQD,86,233,0.9999719053506851,4.995039121713489
8638,algoQD,86,233,0.9999719053506851,5.48168991599232
8639,algoQD,86,233,0.9999719053506851,5.237351379357278
8640,algoQD,86,233,0.9999719053506851,5.551207767799497
8641,algoQD,86,233,0.9999719053506851,5.004193822387606
8642,algoQD,86,233,0.9999719053506851,5.559392924420536
8643,algoQD,86,233,0.9999719053506851,4.749856392852962
8644,algoQD,86,233,0.9999719053506851,5.853842339012772
8645,algoQD,86,233,0.9999719053506851,5.8747833403758705
8646,algoQD,86,233,0.9999719053506851,4.957205151673406
8647,algoQD,86,233,0.9999719053506851,4.740213101729751
8648,algoQD,86,233,0.9999719053506851,5.845398825127631
8649,algoQD,86,233,0.9999719053506851,4.951674581039697
8650,algoQD,86,233,0.9999719053506851,4.972966114990413
8651,algoQD,86,233,0.9999719053506851,5.071424401830882
8652,algoQD,86,233,0.9999719053506851,5.564075492788106
8653,algoQD,86,234,0.9999719053506851,5.3423111932352185
8654,algoQD,86,234,0.9999719053506851,5.988720978144556
8655,algoQD,86,234,0.9999719053506851,5.036911927163601
8656,algoQD,86,234,0.9999719053506851,5.09503876324743
8657,algoQD,86,234,0.9999719053506851,5.130598328076303
8658,algoQD,86,234,0.9999719053506851,5.302836221177131
8659,algoQD,86,234,0.9999719053506851,5.430550752207637
8660,algoQD,86,234,0.9999719053506851,5.040593112818897
8661,algoQD,86,235,0.9999719053506851,5.3344504800625145
8662,algoQD,86,235,0.9999719053506851,5.799285337794572
8663,algoQD,86,235,0.9999719053506851,5.44804669264704
8664,algoQD,86,235,0.9999719053506851,5.506406459957361
8665,algoQD,86,235,0.9999719053506851,5.118369800038636
8666,algoQD,86,235,0.9999719053506851,5.9912312612868845
8667,algoQD,86,235,0.9999719053506851,4.686307469848543
8668,algoQD,86,235,0.9999719053506851,5.0340486955828965
8669,algoQD,86,235,0.9999719053506851,5.408431336283684
8670,algoQD,86,235,0.9999719053506851,5.794586177915335
8671,algoQD,86,235,0.9999719053506851,4.731966146733612
8672,algoQD,86,235,0.9999719053506851,5.028428046032786
8673,algoQD,86,235,0.9999719053506851,5.095824268180877
8674,algoQD,86,235,0.9999719053506851,5.16101913060993
8675,algoQD,86,235,0.9999719053506851,4.946524649858475
8676,algoQD,86,235,0.9999719053506851,4.9762580851092935
8677,algoQD,86,235,0.9999719053506851,5.279353749006987
8678,algoQD,86,235,0.9999719053506851,5.7057959688827395
8679,algoQD,86,235,0.9999719053506851,5.218376324046403
8680,algoQD,86,235,0.9999719053506851,5.660757481586188
8681,algoQD,86,236,0.9999719053506851,5.854109361767769
8682,algoQD,86,236,0.9999719053506851,5.970701988320798
8683,algoQD,86,236,0.9999719053506851,5.8187979073263705
8684,algoQD,86,236,0.9999719053506851,5.902717151679099
8685,algoQD,86,236,0.9999719053506851,5.426359375007451
8686,algoQD,86,236,0.9999719053506851,5.619062731042504
8687,algoQD,86,236,0.9999719053506851,5.980783167760819
8688,algoQD,86,236,0.9999719053506851,5.570775136817247
8689,algoQD,86,236,0.9999719053506851,5.16481792088598
8690,algoQD,86,236,0.9999719053506851,5.004515077918768
8691,algoQD,86,236,0.9999719053506851,5.144689015112817
8692,algoQD,86,236,0.9999719053506851,5.944129646290094
8693,algoQD,86,236,0.9999719053506851,5.895365790929645
8694,algoQD,86,236,0.9999719053506851,6.109288794919848
8695,algoQD,86,236,0.9999719053506851,5.779237944167107
8696,algoQD,86,236,0.9999719053506851,6.3100958950817585
8697,algoQD,86,236,0.9999719053506851,5.876406385097653
8698,algoQD,86,236,0.9999719053506851,6.050285341218114
8699,algoQD,86,236,0.9999719053506851,6.150979876052588
8700,algoQD,87,236,0.9999719053506851,5.340178185142577
8701,algoQD,87,236,0.9999719053506851,5.185634166002274
8702,algoQD,87,236,0.9999719053506851,4.825803341343999
8703,algoQD,87,236,0.9999719053506851,5.5019934847950935
8704,algoQD,87,236,0.9999719053506851,5.929811720736325
8705,algoQD,87,236,0.9999719053506851,5.175368998199701
8706,algoQD,87,236,0.9999719053506851,6.112291699275374
8707,algoQD,87,236,0.9999719053506851,5.483653409872204
8708,algoQD,87,236,0.9999719053506851,5.897022912744433
8709,algoQD,87,236,0.9999719053506851,5.132188131567091
8710,algoQD,87,236,0.9999719053506851,5.289159931242466
8711,algoQD,87,236,0.9999719053506851,5.021442054770887
8712,algoQD,87,236,0.9999719053506851,5.852144509088248
8713,algoQD,87,236,0.9999719053506851,5.782878541853279
8714,algoQD,87,236,0.9999719053506851,6.123574018012732
8715,algoQD,87,236,0.9999719053506851,6.173148496076465
8716,algoQD,87,236,0.9999719053506851,6.123431239742786
8717,algoQD,87,236,0.9999719053506851,5.5123025751672685
8718,algoQD,87,236,0.9999719053506851,5.907003942877054
8719,algoQD,87,236,0.9999719053506851,5.530968537088484
8720,algoQD,87,236,0.9999719053506851,6.124509897083044
8721,algoQD,87,236,0.9999719053506851,5.807213245891035
8722,algoQD,87,236,0.9999719053506851,5.539755653124303
8723,algoQD,87,236,0.9999719053506851,5.950627294834703
8724,algoQD,87,236,0.9999719053506851,4.915299634914845
8725,algoQD,87,236,0.9999719053506851,5.711493893060833
8726,algoQD,87,236,0.9999719053506851,5.632467492017895
8727,algoQD,87,236,0.9999719053506851,5.95110843423754
8728,algoQD,87,236,0.9999719053506851,5.313849634025246
8729,algoQD,87,236,0.9999719053506851,5.329360033385456
8730,algoQD,87,236,0.9999719053506851,5.611488529946655
8731,algoQD,87,237,0.9999719053506851,6.104314845986664
8732,algoQD,87,237,0.9999719053506851,5.2739945240318775
8733,algoQD,87,237,0.9999719053506851,5.704414914827794
8734,algoQD,87,237,0.9999719053506851,6.412987853400409
8735,algoQD,87,238,0.9999719053506851,6.062375066336244
8736,algoQD,87,238,0.9999719053506851,6.219707855954766
8737,algoQD,87,238,0.9999719053506851,5.421374976634979
8738,algoQD,87,238,0.9999719053506851,5.9454098753631115
8739,algoQD,87,238,0.9999719053506851,6.430565498303622
8740,algoQD,87,238,0.9999719053506851,5.942116971127689
8741,algoQD,87,238,0.9999719053506851,6.487996551208198
8742,algoQD,87,238,0.9999719053506851,5.771811760962009
8743,algoQD,87,238,0.9999719053506851,5.473171021789312
8744,algoQD,87,238,0.9999719053506851,6.135883599054068
8745,algoQD,87,238,0.9999719053506851,5.696854499634355
8746,algoQD,87,238,0.9999719053506851,6.605923679191619
8747,algoQD,87,238,0.9999719053506851,6.371294077951461
8748,algoQD,87,238,0.9999719053506851,5.243594428990036
8749,algoQD,87,238,0.9999719053506851,6.151721797883511
8750,algoQD,87,238,0.9999719053506851,5.067715323064476
8751,algoQD,87,238,0.9999719053506851,5.227002816274762
8752,algoQD,87,238,0.9999719053506851,6.900005081202835
8753,algoQD,87,238,0.9999719053506851,5.837892848998308
8754,algoQD,87,238,0.9999719053506851,5.263855273835361
8755,algoQD,87,238,0.9999719053506851,6.132073970045894
8756,algoQD,87,238,0.9999719053506851,6.102693240623921
8757,algoQD,87,238,0.9999719053506851,5.611218560021371
8758,algoQD,87,238,0.9999719053506851,6.301297619007528
8759,algoQD,87,238,0.9999719053506851,5.85249336855486
8760,algoQD,87,238,0.9999719053506851,5.818590275011957
8761,algoQD,87,238,0.9999719053506851,6.1724263010546565
8762,algoQD,87,238,0.9999719053506851,6.09236766025424
8763,algoQD,87,238,0.9999719053506851,5.581448776181787
8764,algoQD,87,238,0.9999719053506851,5.239067735150456
8765,algoQD,87,238,0.9999719053506851,4.911616015248001
8766,algoQD,87,238,0.9999719053506851,5.528876083903015
8767,algoQD,87,238,0.9999719053506851,6.27997072879225
8768,algoQD,87,238,0.9999719053506851,5.609729507006705
8769,algoQD,87,238,0.9999719053506851,5.219066049903631
8770,algoQD,87,238,0.9999719053506851,5.1032367260195315
8771,algoQD,87,238,0.9999719053506851,6.0513890869915485
8772,algoQD,87,238,0.9999719053506851,4.985038214363158
8773,algoQD,87,238,0.9999719053506851,5.160529256798327
8774,algoQD,87,238,0.9999719053506851,4.99920682888478
8775,algoQD,87,238,0.9999719053506851,5.788875714875758
8776,algoQD,87,238,0.9999719053506851,6.27417929796502
8777,algoQD,87,238,0.9999719053506851,5.023060792591423
8778,algoQD,87,238,0.9999719053506851,5.867014027200639
8779,algoQD,87,238,0.9999719053506851,5.433080054819584
8780,algoQD,87,238,0.9999719053506851,5.014928446151316
8781,algoQD,87,238,0.9999719053506851,5.793358505703509
8782,algoQD,87,238,0.9999719053506851,5.022334600798786
8783,algoQD,87,238,0.9999719053506851,5.087143414653838
8784,algoQD,87,238,0.9999719053506851,5.146669406909496
8785,algoQD,87,238,0.9999719053506851,4.838666617870331
8786,algoQD,87,238,0.9999719053506851,5.07163829728961
8787,algoQD,87,238,0.9999719053506851,4.893381328787655
8788,algoQD,87,238,0.9999719053506851,5.8542171767912805
8789,algoQD,87,238,0.9999719053506851,5.886682813987136
8790,algoQD,87,238,0.9999719053506851,6.08727615699172
8791,algoQD,87,238,0.9999719053506851,5.542736425064504
8792,algoQD,87,238,0.9999719053506851,6.044752936344594
8793,algoQD,87,238,0.9999719053506851,5.281130767893046
8794,algoQD,87,238,0.9999719053506851,5.16692561423406
8795,algoQD,87,238,0.9999719053506851,5.994632137008011
8796,algoQD,87,238,0.9999719053506851,5.684631502255797
8797,algoQD,87,238,0.9999719053506851,5.9298642901703715
8798,algoQD,87,238,0.9999719053506851,5.285011461935937
8799,algoQD,87,238,0.9999719053506851,5.554934083018452
8800,algoQD,88,238,0.9999719053506851,5.102313961833715
8801,algoQD,88,238,0.9999719053506851,6.033668600954115
8802,algoQD,88,238,0.9999719053506851,5.6135414987802505
8803,algoQD,88,238,0.9999719053506851,5.866081265266985
8804,algoQD,88,238,0.9999719053506851,5.391797987744212
8805,algoQD,88,238,0.9999719053506851,5.8959086472168565
8806,algoQD,88,238,0.9999719053506851,6.017890697345138
8807,algoQD,88,238,0.9999719053506851,5.463045940268785
8808,algoQD,88,238,0.9999719053506851,5.703823748975992
8809,algoQD,88,238,0.9999719053506851,5.40999016398564
8810,algoQD,88,238,0.9999719053506851,6.280086197890341
8811,algoQD,88,238,0.9999719053506851,6.243209686130285
8812,algoQD,88,238,0.9999719053506851,5.206737963948399
8813,algoQD,88,238,0.9999719053506851,5.927294713910669
8814,algoQD,88,238,0.9999719053506851,6.135459778830409
8815,algoQD,88,238,0.9999719053506851,4.931440705899149
8816,algoQD,88,238,0.9999719053506851,5.858259765896946
8817,algoQD,88,238,0.9999719053506851,6.124469720758498
8818,algoQD,88,238,0.9999719053506851,5.681787248700857
8819,algoQD,88,238,0.9999719053506851,6.114140795078129
8820,algoQD,88,238,0.9999719053506851,5.244683847296983
8821,algoQD,88,238,0.9999719053506851,5.6831897078081965
8822,algoQD,88,238,0.9999719053506851,5.501809388399124
8823,algoQD,88,238,0.9999719053506851,5.332971416879445
8824,algoQD,88,238,0.9999719053506851,4.620457985904068
8825,algoQD,88,238,0.9999719053506851,6.267531886231154
8826,algoQD,88,238,0.9999719053506851,5.446647432167083
8827,algoQD,88,238,0.9999719053506851,6.2382907387800515
8828,algoQD,88,238,0.9999719053506851,5.760224424768239
8829,algoQD,88,238,0.9999719053506851,5.176732496358454
8830,algoQD,88,239,0.9999719053506851,6.227234106976539
8831,algoQD,88,239,0.9999719053506851,5.596073821652681
8832,algoQD,88,239,0.9999719053506851,5.842302612029016
8833,algoQD,88,239,0.9999719053506851,5.761452876031399
8834,algoQD,88,239,0.9999719053506851,6.098834370728582
8835,algoQD,88,239,0.9999719053506851,5.854851915035397
8836,algoQD,88,239,0.9999719053506851,6.349398932885379
8837,algoQD,88,239,0.9999719053506851,5.766949761658907
8838,algoQD,88,239,0.9999719053506851,6.127694985829294
8839,algoQD,88,239,0.9999719053506851,5.246298687998205
8840,algoQD,88,239,0.9999719053506851,5.466365603264421
8841,algoQD,88,239,0.9999719053506851,5.389658275060356
8842,algoQD,88,239,0.9999719053506851,5.766072986647487
8843,algoQD,88,239,0.9999719053506851,6.0365114118903875
8844,algoQD,88,239,0.9999719053506851,6.304601361975074
8845,algoQD,88,239,0.9999719053506851,5.882232824340463
8846,algoQD,88,239,0.9999719053506851,6.2450092057697475
8847,algoQD,88,239,0.9999719053506851,7.480397004168481
8848,algoQD,88,239,0.9999719053506851,6.071021274197847
8849,algoQD,88,239,0.9999719053506851,7.324300349224359
8850,algoQD,88,239,0.9999719053506851,6.567063025198877
8851,algoQD,88,239,0.9999719053506851,6.162146385293454
8852,algoQD,88,239,0.9999719053506851,6.924475090112537
8853,algoQD,88,239,0.9999719053506851,6.628602772951126
8854,algoQD,88,239,0.9999719053506851,6.3069962076842785
8855,algoQD,88,239,0.9999719053506851,6.183570689987391
8856,algoQD,88,239,0.9999719053506851,5.182653403375298
8857,algoQD,88,239,0.9999719053506851,5.4057451519183815
8858,algoQD,88,239,0.9999719053506851,5.509333995636553
8859,algoQD,88,239,0.9999719053506851,5.931501112878323
8860,algoQD,88,239,0.9999719053506851,5.713517948053777
8861,algoQD,88,239,0.9999719053506851,6.335629184730351
8862,algoQD,88,239,0.9999719053506851,5.510223346762359
8863,algoQD,88,239,0.9999719053506851,5.568447249941528
8864,algoQD,88,239,0.9999719053506851,6.124196230899543
8865,algoQD,88,239,0.9999719053506851,5.425077531021088
8866,algoQD,88,239,0.9999719053506851,5.724681178107858
8867,algoQD,88,239,0.9999719053506851,5.911122967954725
8868,algoQD,88,239,0.9999719053506851,4.985136207193136
8869,algoQD,88,239,0.9999719053506851,6.519783243071288
8870,algoQD,88,239,0.9999719053506851,5.991142675746232
8871,algoQD,88,239,0.9999719053506851,6.2875179732218385
8872,algoQD,88,239,0.9999719053506851,5.599210502114147
8873,algoQD,88,239,0.9999719053506851,6.34713969565928
8874,algoQD,88,239,0.9999719053506851,5.733782736118883
8875,algoQD,88,239,0.9999719053506851,6.407302843872458
8876,algoQD,88,239,0.9999719053506851,6.470454548019916
8877,algoQD,88,239,0.9999719053506851,6.451517033390701
8878,algoQD,88,239,0.9999719053506851,6.263022244442254
8879,algoQD,88,239,0.9999719053506851,6.4874011618085206
8880,algoQD,88,239,0.9999719053506851,5.23841203795746
8881,algoQD,88,239,0.9999719053506851,6.185845758300275
8882,algoQD,88,239,0.9999719053506851,6.271069379989058
8883,algoQD,88,239,0.9999719053506851,5.902994147036225
8884,algoQD,88,239,0.9999719053506851,5.85847002081573
8885,algoQD,88,239,0.9999719053506851,5.410694723017514
8886,algoQD,88,239,0.9999719053506851,5.580893218051642
8887,algoQD,88,239,0.9999719053506851,6.304757490288466
8888,algoQD,88,239,0.9999719053506851,5.764950091019273
8889,algoQD,88,239,0.9999719053506851,5.94581360090524
8890,algoQD,88,239,0.9999719053506851,5.980933604761958
8891,algoQD,88,239,0.9999719053506851,6.542083262000233
8892,algoQD,88,239,0.9999719053506851,5.294826491735876
8893,algoQD,88,239,0.9999719053506851,5.279701912775636
8894,algoQD,88,239,0.9999719053506851,5.577642455231398
8895,algoQD,88,240,0.9999719053506851,6.092907425947487
8896,algoQD,88,240,0.9999719053506851,5.2374202739447355
8897,algoQD,88,240,0.9999719053506851,5.389514659997076
8898,algoQD,88,240,0.9999719053506851,5.513634012080729
8899,algoQD,88,241,0.9999719053506851,6.315030751284212
8900,algoQD,89,241,0.9999719053506851,6.165520790964365
8901,algoQD,89,241,0.9999719053506851,5.9586643246002495
8902,algoQD,89,241,0.9999719053506851,5.785843683872372
8903,algoQD,89,241,0.9999719053506851,6.36879427684471
8904,algoQD,89,241,0.9999719053506851,6.031623251736164
8905,algoQD,89,241,0.9999719053506851,5.2746910229325294
8906,algoQD,89,241,0.9999719053506851,5.174457557033747
8907,algoQD,89,241,0.9999719053506851,5.2647955431602895
8908,algoQD,89,241,0.9999719053506851,6.000354373827577
8909,algoQD,89,241,0.9999719053506851,5.072972216177732
8910,algoQD,89,241,0.9999719053506851,5.7822626968845725
8911,algoQD,89,241,0.9999719053506851,5.999231720808893
8912,algoQD,89,241,0.9999719053506851,5.383407108020037
8913,algoQD,89,241,0.9999719053506851,5.708896690048277
8914,algoQD,89,241,0.9999719053506851,5.249232726171613
8915,algoQD,89,241,0.9999719053506851,5.597376597113907
8916,algoQD,89,241,0.9999719053506851,6.4743243819102645
8917,algoQD,89,241,0.9999719053506851,5.899807245004922
8918,algoQD,89,241,0.9999719053506851,5.175188477616757
8919,algoQD,89,241,0.9999719053506851,5.099830347113311
8920,algoQD,89,241,0.9999719053506851,5.179603712167591
8921,algoQD,89,241,0.9999719053506851,5.904449818190187
8922,algoQD,89,241,0.9999719053506851,5.955844676122069
8923,algoQD,89,241,0.9999719053506851,4.932947768364102
8924,algoQD,89,241,0.9999719053506851,5.8175300802104175
8925,algoQD,89,241,0.9999719053506851,5.8011820376850665
8926,algoQD,89,241,0.9999719053506851,5.330300534609705
8927,algoQD,89,241,0.9999719053506851,5.942892380058765
8928,algoQD,89,241,0.9999719053506851,5.851935493759811
8929,algoQD,89,241,0.9999719053506851,5.994900026824325
8930,algoQD,89,241,0.9999719053506851,5.693905952852219
8931,algoQD,89,241,0.9999719053506851,5.4223739029839635
8932,algoQD,89,241,0.9999719053506851,5.251235280185938
8933,algoQD,89,241,0.9999719053506851,5.077784087043256
8934,algoQD,89,241,0.9999719053506851,5.465836771763861
8935,algoQD,89,241,0.9999719053506851,4.889843445736915
8936,algoQD,89,241,0.9999719053506851,5.623373972252011
8937,algoQD,89,241,0.9999719053506851,5.06533486302942
8938,algoQD,89,241,0.9999719053506851,6.151993658859283
8939,algoQD,89,241,0.9999719053506851,5.457741014659405
8940,algoQD,89,241,0.9999719053506851,5.670273666270077
8941,algoQD,89,241,0.9999719053506851,5.564431812148541
8942,algoQD,89,241,0.9999719053506851,5.544609164819121
8943,algoQD,89,241,0.9999719053506851,5.982519973069429
8944,algoQD,89,241,0.9999719053506851,6.13798958575353
8945,algoQD,89,241,0.9999719053506851,5.9792409259825945
8946,algoQD,89,241,0.9999719053506851,4.66738330386579
8947,algoQD,89,241,0.9999719053506851,5.638859764672816
8948,algoQD,89,241,0.9999719053506851,5.819679050706327
8949,algoQD,89,241,0.9999719053506851,4.832325647119433
8950,algoQD,89,241,0.9999719053506851,4.666831250768155
8951,algoQD,89,241,0.9999719053506851,5.60267631104216
8952,algoQD,89,241,0.9999719053506851,5.3828289662487805
8953,algoQD,89,241,0.9999719053506851,5.212779722176492
8954,algoQD,89,241,0.9999719053506851,5.6747559062205255
8955,algoQD,89,241,0.9999719053506851,4.748784103430808
8956,algoQD,89,241,0.9999719053506851,5.390492067206651
8957,algoQD,89,241,0.9999719053506851,5.4155163848772645
8958,algoQD,89,241,0.9999719053506851,4.51871443213895
8959,algoQD,89,241,0.9999719053506851,4.888119958806783
8960,algoQD,89,241,0.9999719053506851,5.772285864222795
8961,algoQD,89,241,0.9999719053506851,4.998838287778199
8962,algoQD,89,241,0.9999719053506851,5.79506808379665
8963,algoQD,89,241,0.9999719053506851,5.674013484269381
8964,algoQD,89,241,0.9999719053506851,4.825671252794564
8965,algoQD,89,241,0.9999719053506851,4.871641500853002
8966,algoQD,89,241,0.9999719053506851,5.946671651676297
8967,algoQD,89,241,0.9999719053506851,5.31685408577323
8968,algoQD,89,241,0.9999719053506851,4.636802406050265
8969,algoQD,89,241,0.9999719053506851,5.003687439952046
8970,algoQD,89,241,0.9999719053506851,6.219175538979471
8971,algoQD,89,241,0.9999719053506851,5.606497711967677
8972,algoQD,89,241,0.9999719053506851,5.586454486940056
8973,algoQD,89,241,0.9999719053506851,5.819378892891109
8974,algoQD,89,241,0.9999719053506851,5.561143659055233
8975,algoQD,89,241,0.9999719053506851,5.740408486686647
8976,algoQD,89,241,0.9999719053506851,5.1561887152493
8977,algoQD,89,241,0.9999719053506851,4.840929816011339
8978,algoQD,89,241,0.9999719053506851,6.374972182326019
8979,algoQD,89,241,0.9999719053506851,6.017121096141636
8980,algoQD,89,241,0.9999719053506851,5.531649305019528
8981,algoQD,89,241,0.9999719053506851,5.023867756128311
8982,algoQD,89,241,0.9999719053506851,4.748121229931712
8983,algoQD,89,241,0.9999719053506851,4.907517263200134
8984,algoQD,89,241,0.9999719053506851,5.691046308260411
8985,algoQD,89,241,0.9999719053506851,5.236678433138877
8986,algoQD,89,241,0.9999719053506851,5.6971708931960166
8987,algoQD,89,241,0.9999719053506851,5.242682016920298
8988,algoQD,89,241,0.9999719053506851,4.620309431105852
8989,algoQD,89,241,0.9999719053506851,5.74817394092679
8990,algoQD,89,241,0.9999719053506851,5.13712565228343
8991,algoQD,89,241,0.9999719053506851,4.747871568892151
8992,algoQD,89,241,0.9999719053506851,5.7958521959371865
8993,algoQD,89,241,0.9999719053506851,5.265781777910888
8994,algoQD,89,241,0.9999719053506851,5.807157369796187
8995,algoQD,89,241,0.9999719053506851,5.424190825782716
8996,algoQD,89,241,0.9999719053506851,5.768704406917095
8997,algoQD,89,241,0.9999719053506851,5.270293243229389
8998,algoQD,89,241,0.9999719053506851,5.737802672199905
8999,algoQD,89,241,0.9999719053506851,5.259746553841978
9000,algoQD,90,241,0.9999719053506851,5.2850804147310555
9001,algoQD,90,241,0.9999719053506851,5.3350365636870265
9002,algoQD,90,241,0.9999719053506851,4.999736185185611
9003,algoQD,90,241,0.9999719053506851,5.535443594679236
9004,algoQD,90,241,0.9999719053506851,5.138493957929313
9005,algoQD,90,241,0.9999719053506851,4.977030047681183
9006,algoQD,90,241,0.9999719053506851,5.20894204126671
9007,algoQD,90,241,0.9999719053506851,5.7791700516827404
9008,algoQD,90,241,0.9999719053506851,5.250884777866304
9009,algoQD,90,241,0.9999719053506851,5.071172353811562
9010,algoQD,90,241,0.9999719053506851,5.3385400152765214
9011,algoQD,90,241,0.9999719053506851,4.662194859236479
9012,algoQD,90,241,0.9999719053506851,5.451067212969065
9013,algoQD,90,241,0.9999719053506851,5.557405555155128
9014,algoQD,90,241,0.9999719053506851,4.771420537959784
9015,algoQD,90,241,0.9999719053506851,5.763681624084711
9016,algoQD,90,241,0.9999719053506851,5.889131892006844
9017,algoQD,90,241,0.9999719053506851,4.837124364916235
9018,algoQD,90,241,0.9999719053506851,5.664217162877321
9019,algoQD,90,241,0.9999719053506851,5.276542952749878
9020,algoQD,90,241,0.9999719053506851,5.607114077080041
9021,algoQD,90,241,0.9999719053506851,5.468983146827668
9022,algoQD,90,241,0.9999719053506851,4.810109296813607
9023,algoQD,90,241,0.9999719053506851,5.26899343682453
9024,algoQD,90,241,0.9999719053506851,5.1302277678623796
9025,algoQD,90,241,0.9999719053506851,5.764834203291684
9026,algoQD,90,241,0.9999719053506851,5.568596080876887
9027,algoQD,90,241,0.9999719053506851,5.848289524205029
9028,algoQD,90,241,0.9999719053506851,5.196975890081376
9029,algoQD,90,241,0.9999719053506851,4.642555779311806
9030,algoQD,90,241,0.9999719053506851,5.494897336233407
9031,algoQD,90,241,0.9999719053506851,4.906824113801122
9032,algoQD,90,241,0.9999719053506851,5.657412213273346
9033,algoQD,90,241,0.9999719053506851,5.594265478197485
9034,algoQD,90,241,0.9999719053506851,4.801084924023598
9035,algoQD,90,241,0.9999719053506851,5.372080754954368
9036,algoQD,90,241,0.9999719053506851,5.322416226845235
9037,algoQD,90,241,0.9999719053506851,4.549858423881233
9038,algoQD,90,241,0.9999719053506851,5.6103413151577115
9039,algoQD,90,241,0.9999719053506851,4.704129311256111
9040,algoQD,90,241,0.9999719053506851,5.324097505304962
9041,algoQD,90,241,0.9999719053506851,5.7003455008380115
9042,algoQD,90,241,0.9999719053506851,5.7816016767174006
9043,algoQD,90,241,0.9999719053506851,5.601533762179315
9044,algoQD,90,241,0.9999719053506851,5.192020901944488
9045,algoQD,90,241,0.9999719053506851,5.411215345840901
9046,algoQD,90,241,0.9999719053506851,5.619881204795092
9047,algoQD,90,241,0.9999719053506851,4.667232080362737
9048,algoQD,90,241,0.9999719053506851,5.795916182920337
9049,algoQD,90,241,0.9999719053506851,5.737436439841986
9050,algoQD,90,241,0.9999719053506851,4.963977405335754
9051,algoQD,90,241,0.9999719053506851,5.8682410810142756
9052,algoQD,90,241,0.9999719053506851,5.333748487289995
9053,algoQD,90,241,0.9999719053506851,5.424411005806178
9054,algoQD,90,241,0.9999719053506851,4.962267304304987
9055,algoQD,90,241,0.9999719053506851,5.788196905981749
9056,algoQD,90,241,0.9999719053506851,4.76339073991403
9057,algoQD,90,241,0.9999719053506851,4.915674952790141
9058,algoQD,90,241,0.9999719053506851,5.948288411367685
9059,algoQD,90,242,0.9999719053506851,5.9566059480421245
9060,algoQD,90,242,0.9999719053506851,5.6583742601796985
9061,algoQD,90,242,0.9999719053506851,5.985259002074599
9062,algoQD,90,242,0.9999719053506851,4.762941101100296
9063,algoQD,90,242,0.9999719053506851,5.544229157269001
9064,algoQD,90,242,0.9999719053506851,5.662236718926579
9065,algoQD,90,242,0.9999719053506851,4.864115914795548
9066,algoQD,90,242,0.9999719053506851,4.923558309208602
9067,algoQD,90,242,0.9999719053506851,5.072628074325621
9068,algoQD,90,242,0.9999719053506851,5.590965582057834
9069,algoQD,90,242,0.9999719053506851,5.09936185227707
9070,algoQD,90,242,0.9999719053506851,6.007619965355843
9071,algoQD,90,242,0.9999719053506851,4.975269713904709
9072,algoQD,90,242,0.9999719053506851,6.265284024644643
9073,algoQD,90,242,0.9999719053506851,5.162311474326998
9074,algoQD,90,242,0.9999719053506851,5.358787270728499
9075,algoQD,90,242,0.9999719053506851,5.390505617018789
9076,algoQD,90,242,0.9999719053506851,5.531799569260329
9077,algoQD,90,242,0.9999719053506851,5.281461883801967
9078,algoQD,90,242,0.9999719053506851,6.072381550911814
9079,algoQD,90,242,0.9999719053506851,5.211871122941375
9080,algoQD,90,242,0.9999719053506851,5.050095465965569
9081,algoQD,90,242,0.9999719053506851,6.086403566878289
9082,algoQD,90,242,0.9999719053506851,5.268654501996934
9083,algoQD,90,242,0.9999719053506851,6.119520897977054
9084,algoQD,90,242,0.9999719053506851,5.1719327759929
9085,algoQD,90,242,0.9999719053506851,5.413517510984093
9086,algoQD,90,242,0.9999719053506851,6.064574097748846
9087,algoQD,90,242,0.9999719053506851,5.124742493033409
9088,algoQD,90,242,0.9999719053506851,5.510457191616297
9089,algoQD,90,242,0.9999719053506851,5.865766565315425
9090,algoQD,90,242,0.9999719053506851,5.367400146089494
9091,algoQD,90,242,0.9999719053506851,5.964461070019752
9092,algoQD,90,242,0.9999719053506851,6.018993576988578
9093,algoQD,90,242,0.9999719053506851,5.093862529844046
9094,algoQD,90,242,0.9999719053506851,5.465312423650175
9095,algoQD,90,242,0.9999719053506851,5.5803006193600595
9096,algoQD,90,242,0.9999719053506851,5.290504042059183
9097,algoQD,90,242,0.9999719053506851,5.318760835099965
9098,algoQD,90,242,0.9999719053506851,6.241199724376202
9099,algoQD,90,242,0.9999719053506851,6.321251493413001
9100,algoQD,91,242,0.9999719053506851,5.715431096963584
9101,algoQD,91,242,0.9999719053506851,5.965499132871628
9102,algoQD,91,242,0.9999719053506851,5.22761582583189
9103,algoQD,91,242,0.9999719053506851,5.173679735977203
9104,algoQD,91,242,0.9999719053506851,5.949345497880131
9105,algoQD,91,242,0.9999719053506851,4.681023576762527
9106,algoQD,91,242,0.9999719053506851,5.52194187277928
9107,algoQD,91,242,0.9999719053506851,5.043632955756038
9108,algoQD,91,242,0.9999719053506851,5.841592424083501
9109,algoQD,91,242,0.9999719053506851,5.317757469136268
9110,algoQD,91,242,0.9999719053506851,6.185407497920096
9111,algoQD,91,242,0.9999719053506851,6.416050469037145
9112,algoQD,91,242,0.9999719053506851,5.532201269175857
9113,algoQD,91,242,0.9999719053506851,7.004859320353717
9114,algoQD,91,242,0.9999719053506851,6.1498524830676615
9115,algoQD,91,242,0.9999719053506851,6.310546816326678
9116,algoQD,91,242,0.9999719053506851,5.818374291062355
9117,algoQD,91,242,0.9999719053506851,6.414417359977961
9118,algoQD,91,242,0.9999719053506851,6.17262183688581
9119,algoQD,91,242,0.9999719053506851,5.665826492011547
9120,algoQD,91,242,0.9999719053506851,5.408100002910942
9121,algoQD,91,242,0.9999719053506851,6.044742573052645
9122,algoQD,91,242,0.9999719053506851,6.087149817030877
9123,algoQD,91,242,0.9999719053506851,6.129168688785285
9124,algoQD,91,242,0.9999719053506851,6.486200145911425
9125,algoQD,91,242,0.9999719053506851,6.332422201987356
9126,algoQD,91,242,0.9999719053506851,5.802585536148399
9127,algoQD,91,242,0.9999719053506851,5.815140970982611
9128,algoQD,91,242,0.9999719053506851,5.161045311950147
9129,algoQD,91,242,0.9999719053506851,5.3213515020906925
9130,algoQD,91,242,0.9999719053506851,6.736412123311311
9131,algoQD,91,242,0.9999719053506851,6.509419269859791
9132,algoQD,91,242,0.9999719053506851,5.747301479801536
9133,algoQD,91,242,0.9999719053506851,5.428371420130134
9134,algoQD,91,242,0.9999719053506851,6.305949328001589
9135,algoQD,91,242,0.9999719053506851,6.224499216768891
9136,algoQD,91,242,0.9999719053506851,6.037206031847745
9137,algoQD,91,242,0.9999719053506851,6.524635243229568
9138,algoQD,91,242,0.9999719053506851,6.352940364275128
9139,algoQD,91,242,0.9999719053506851,6.505916212219745
9140,algoQD,91,242,0.9999719053506851,5.622981511987746
9141,algoQD,91,242,0.9999719053506851,6.22071084799245
9142,algoQD,91,242,0.9999719053506851,6.352969418745488
9143,algoQD,91,242,0.9999719053506851,6.5796566139906645
9144,algoQD,91,242,0.9999719053506851,5.643117540050298
9145,algoQD,91,242,0.9999719053506851,6.442636776249856
9146,algoQD,91,242,0.9999719053506851,6.371622996870428
9147,algoQD,91,242,0.9999719053506851,5.230497980955988
9148,algoQD,91,242,0.9999719053506851,5.81025513773784
9149,algoQD,91,242,0.9999719053506851,7.129967476706952
9150,algoQD,91,242,0.9999719053506851,5.480024876073003
9151,algoQD,91,242,0.9999719053506851,5.489020933862776
9152,algoQD,91,242,0.9999719053506851,6.177987776231021
9153,algoQD,91,242,0.9999719053506851,5.276266938075423
9154,algoQD,91,242,0.9999719053506851,6.309862872585654
9155,algoQD,91,242,0.9999719053506851,5.815388297662139
9156,algoQD,91,242,0.9999719053506851,6.038290712982416
9157,algoQD,91,242,0.9999719053506851,5.959148872643709
9158,algoQD,91,242,0.9999719053506851,5.702024511992931
9159,algoQD,91,242,0.9999719053506851,5.257157047279179
9160,algoQD,91,242,0.9999719053506851,5.284490328282118
9161,algoQD,91,242,0.9999719053506851,5.638505274895579
9162,algoQD,91,242,0.9999719053506851,5.935117182787508
9163,algoQD,91,242,0.9999719053506851,6.155033061746508
9164,algoQD,91,242,0.9999719053506851,6.249413967132568
9165,algoQD,91,242,0.9999719053506851,6.451266642659903
9166,algoQD,91,242,0.9999719053506851,6.404881844297051
9167,algoQD,91,242,0.9999719053506851,6.51347625721246
9168,algoQD,91,242,0.9999719053506851,5.906031040009111
9169,algoQD,91,242,0.9999719053506851,5.535530189052224
9170,algoQD,91,242,0.9999719053506851,5.4902448579669
9171,algoQD,91,242,0.9999719053506851,6.618622655980289
9172,algoQD,91,242,0.9999719053506851,6.426449067890644
9173,algoQD,91,242,0.9999719053506851,5.3452792461030185
9174,algoQD,91,242,0.9999719053506851,5.736323676072061
9175,algoQD,91,242,0.9999719053506851,5.513374364003539
9176,algoQD,91,242,0.9999719053506851,5.528356965165585
9177,algoQD,91,242,0.9999719053506851,7.22155325114727
9178,algoQD,91,242,0.9999719053506851,6.626102990005165
9179,algoQD,91,242,0.9999719053506851,6.02136664185673
9180,algoQD,91,242,0.9999719053506851,5.652261719107628
9181,algoQD,91,242,0.9999719053506851,5.404553521890193
9182,algoQD,91,242,0.9999719053506851,6.148602209053934
9183,algoQD,91,242,0.9999719053506851,5.752275449223816
9184,algoQD,91,242,0.9999719053506851,5.1604484943673015
9185,algoQD,91,242,0.9999719053506851,5.777849345002323
9186,algoQD,91,242,0.9999719053506851,5.813679369166493
9187,algoQD,91,242,0.9999719053506851,6.1687245038338006
9188,algoQD,91,242,0.9999719053506851,6.557060333900154
9189,algoQD,91,242,0.9999719053506851,5.1665997677482665
9190,algoQD,91,242,0.9999719053506851,5.928315829951316
9191,algoQD,91,242,0.9999719053506851,6.016911914106458
9192,algoQD,91,242,0.9999719053506851,5.140318545978516
9193,algoQD,91,242,0.9999719053506851,6.473283227998763
9194,algoQD,91,242,0.9999719053506851,5.352633703034371
9195,algoQD,91,242,0.9999719053506851,6.465489310212433
9196,algoQD,91,242,0.9999719053506851,5.987521105911583
9197,algoQD,91,242,0.9999719053506851,5.702902703080326
9198,algoQD,91,242,0.9999719053506851,6.704098393209279
9199,algoQD,91,242,0.9999719053506851,5.927660913206637
9200,algoQD,92,242,0.9999719053506851,6.233901340980083
9201,algoQD,92,242,0.9999719053506851,6.120332200080156
9202,algoQD,92,242,0.9999719053506851,6.417823899071664
9203,algoQD,92,242,0.9999719053506851,6.367059894837439
9204,algoQD,92,242,0.9999719053506851,6.253690709359944
9205,algoQD,92,242,0.9999719053506851,5.339365180581808
9206,algoQD,92,242,0.9999719053506851,5.3507026131264865
9207,algoQD,92,242,0.9999719053506851,6.239277132321149
9208,algoQD,92,242,0.9999719053506851,6.077676806598902
9209,algoQD,92,242,0.9999719053506851,6.208270420785993
9210,algoQD,92,242,0.9999719053506851,6.029255680274218
9211,algoQD,92,242,0.9999719053506851,5.170199570246041
9212,algoQD,92,242,0.9999719053506851,5.678860307205468
9213,algoQD,92,242,0.9999719053506851,4.905155334156007
9214,algoQD,92,242,0.9999719053506851,5.534710010048002
9215,algoQD,92,242,0.9999719053506851,5.367251455318183
9216,algoQD,92,242,0.9999719053506851,4.917726458050311
9217,algoQD,92,242,0.9999719053506851,6.286834768950939
9218,algoQD,92,242,0.9999719053506851,5.7841636361554265
9219,algoQD,92,242,0.9999719053506851,5.870968873612583
9220,algoQD,92,242,0.9999719053506851,4.91648880019784
9221,algoQD,92,242,0.9999719053506851,5.701918351929635
9222,algoQD,92,243,0.9999719053506851,6.06147904926911
9223,algoQD,92,243,0.9999719053506851,5.114569538738579
9224,algoQD,92,243,0.9999719053506851,5.213934923987836
9225,algoQD,92,243,0.9999719053506851,5.267978532239795
9226,algoQD,92,243,0.9999719053506851,5.386785297188908
9227,algoQD,92,243,0.9999719053506851,5.032375643029809
9228,algoQD,92,243,0.9999719053506851,5.390932884067297
9229,algoQD,92,243,0.9999719053506851,5.155154079198837
9230,algoQD,92,243,0.9999719053506851,4.798887291923165
9231,algoQD,92,243,0.9999719053506851,6.074873161036521
9232,algoQD,92,243,0.9999719053506851,5.934252768289298
9233,algoQD,92,243,0.9999719053506851,5.504899043124169
9234,algoQD,92,243,0.9999719053506851,5.439719427842647
9235,algoQD,92,243,0.9999719053506851,4.806487545371056
9236,algoQD,92,243,0.9999719053506851,4.9598597744479775
9237,algoQD,92,243,0.9999719053506851,5.6983269532211125
9238,algoQD,92,243,0.9999719053506851,5.538210759870708
9239,algoQD,92,243,0.9999719053506851,5.440784370992333
9240,algoQD,92,243,0.9999719053506851,6.004939361009747
9241,algoQD,92,243,0.9999719053506851,6.498357586096972
9242,algoQD,92,243,0.9999719053506851,5.134519808925688
9243,algoQD,92,243,0.9999719053506851,5.540559618733823
9244,algoQD,92,243,0.9999719053506851,5.56076865689829
9245,algoQD,92,243,0.9999719053506851,5.991125216707587
9246,algoQD,92,243,0.9999719053506851,5.559109061025083
9247,algoQD,92,243,0.9999719053506851,5.235004928894341
9248,algoQD,92,243,0.9999719053506851,5.184891083277762
9249,algoQD,92,243,0.9999719053506851,6.148760591167957
9250,algoQD,92,243,0.9999719053506851,5.72189530916512
9251,algoQD,92,243,0.9999719053506851,5.31396097689867
9252,algoQD,92,243,0.9999719053506851,5.529836356174201
9253,algoQD,92,243,0.9999719053506851,6.220720038749278
9254,algoQD,92,243,0.9999719053506851,5.352487929631025
9255,algoQD,92,243,0.9999719053506851,6.2107129893265665
9256,algoQD,92,243,0.9999719053506851,5.05062566883862
9257,algoQD,92,243,0.9999719053506851,5.62884219083935
9258,algoQD,92,243,0.9999719053506851,5.899343573022634
9259,algoQD,92,243,0.9999719053506851,5.487345662899315
9260,algoQD,92,243,0.9999719053506851,6.235851742792875
9261,algoQD,92,243,0.9999719053506851,5.3797499551437795
9262,algoQD,92,243,0.9999719053506851,6.237853955943137
9263,algoQD,92,243,0.9999719053506851,5.961564036086202
9264,algoQD,92,243,0.9999719053506851,6.238230607938021
9265,algoQD,92,243,0.9999719053506851,5.6849933876656
9266,algoQD,92,243,0.9999719053506851,5.74869141401723
9267,algoQD,92,243,0.9999719053506851,4.888450195081532
9268,algoQD,92,243,0.9999719053506851,5.524301666766405
9269,algoQD,92,243,0.9999719053506851,5.399881748016924
9270,algoQD,92,243,0.9999719053506851,6.315490561071783
9271,algoQD,92,244,0.9999719053506851,6.067994362208992
9272,algoQD,92,244,0.9999719053506851,5.655969441868365
9273,algoQD,92,244,0.9999719053506851,6.237523813266307
9274,algoQD,92,244,0.9999719053506851,4.715243957005441
9275,algoQD,92,244,0.9999719053506851,5.272398679982871
9276,algoQD,92,244,0.9999719053506851,5.321386058814824
9277,algoQD,92,244,0.9999719053506851,5.390691842418164
9278,algoQD,92,244,0.9999719053506851,5.360784067772329
9279,algoQD,92,244,0.9999719053506851,6.143875821027905
9280,algoQD,92,244,0.9999719053506851,5.78779236972332
9281,algoQD,92,244,0.9999719053506851,5.59748365636915
9282,algoQD,92,244,0.9999719053506851,5.858131597284228
9283,algoQD,92,244,0.9999719053506851,5.844916192814708
9284,algoQD,92,244,0.9999719053506851,5.483444883022457
9285,algoQD,92,244,0.9999719053506851,5.288098366931081
9286,algoQD,92,244,0.9999719053506851,5.7166810859926045
9287,algoQD,92,244,0.9999719053506851,5.451190324034542
9288,algoQD,92,244,0.9999719053506851,5.259935457725078
9289,algoQD,92,244,0.9999719053506851,5.8304011560976505
9290,algoQD,92,244,0.9999719053506851,5.935318122152239
9291,algoQD,92,244,0.9999719053506851,4.925950808916241
9292,algoQD,92,244,0.9999719053506851,6.43211620207876
9293,algoQD,92,244,0.9999719053506851,5.28232090966776
9294,algoQD,92,244,0.9999719053506851,5.812449333257973
9295,algoQD,92,244,0.9999719053506851,6.165417577140033
9296,algoQD,92,244,0.9999719053506851,5.902267016936094
9297,algoQD,92,244,0.9999719053506851,5.648996897041798
9298,algoQD,92,244,0.9999719053506851,4.865904761943966
9299,algoQD,92,244,0.9999719053506851,5.866087690927088
9300,algoQD,93,244,0.9999719053506851,5.406611494254321
9301,algoQD,93,244,0.9999719053506851,5.176452004816383
9302,algoQD,93,244,0.9999719053506851,5.2735272641293705
9303,algoQD,93,244,0.9999719053506851,5.803686374798417
9304,algoQD,93,244,0.9999719053506851,6.794798102229834
9305,algoQD,93,244,0.9999719053506851,5.693949371110648
9306,algoQD,93,244,0.9999719053506851,5.875947472173721
9307,algoQD,93,244,0.9999719053506851,5.788492724299431
9308,algoQD,93,244,0.9999719053506851,6.183047652244568
9309,algoQD,93,244,0.9999719053506851,6.575487923808396
9310,algoQD,93,244,0.9999719053506851,6.036638471763581
9311,algoQD,93,244,0.9999719053506851,6.672689501196146
9312,algoQD,93,244,0.9999719053506851,6.157665118109435
9313,algoQD,93,244,0.9999719053506851,6.064654920715839
9314,algoQD,93,244,0.9999719053506851,6.241767281200737
9315,algoQD,93,244,0.9999719053506851,5.908983507659286
9316,algoQD,93,244,0.9999719053506851,6.15831005666405
9317,algoQD,93,244,0.9999719053506851,6.639299544971436
9318,algoQD,93,244,0.9999719053506851,6.044268478173763
9319,algoQD,93,244,0.9999719053506851,5.968145202845335
9320,algoQD,93,244,0.9999719053506851,4.990722564049065
9321,algoQD,93,244,0.9999719053506851,5.063219536095858
9322,algoQD,93,244,0.9999719053506851,5.978550003841519
9323,algoQD,93,244,0.9999719053506851,5.061097275931388
9324,algoQD,93,244,0.9999719053506851,5.968038690276444
9325,algoQD,93,244,0.9999719053506851,5.926066199783236
9326,algoQD,93,244,0.9999719053506851,5.707757194060832
9327,algoQD,93,244,0.9999719053506851,5.427523090969771
9328,algoQD,93,244,0.9999719053506851,5.130306717939675
9329,algoQD,93,244,0.9999719053506851,6.193635409232229
9330,algoQD,93,244,0.9999719053506851,6.04360581561923
9331,algoQD,93,244,0.9999719053506851,4.909574342891574
9332,algoQD,93,244,0.9999719053506851,6.069418883882463
9333,algoQD,93,244,0.9999719053506851,5.930115610361099
9334,algoQD,93,244,0.9999719053506851,6.025366391055286
9335,algoQD,93,244,0.9999719053506851,5.497437223326415
9336,algoQD,93,244,0.9999719053506851,5.528372040018439
9337,algoQD,93,244,0.9999719053506851,5.683244783896953
9338,algoQD,93,244,0.9999719053506851,5.934187504928559
9339,algoQD,93,244,0.9999719053506851,5.171868475154042
9340,algoQD,93,244,0.9999719053506851,5.329577156808227
9341,algoQD,93,244,0.9999719053506851,5.972761866170913
9342,algoQD,93,244,0.9999719053506851,5.120501159224659
9343,algoQD,93,244,0.9999719053506851,6.038340166211128
9344,algoQD,93,244,0.9999719053506851,5.93122260319069
9345,algoQD,93,244,0.9999719053506851,5.975844070781022
9346,algoQD,93,244,0.9999719053506851,5.686391307972372
9347,algoQD,93,244,0.9999719053506851,5.057588676922023
9348,algoQD,93,244,0.9999719053506851,5.731156108900905
9349,algoQD,93,244,0.9999719053506851,5.733368667773902
9350,algoQD,93,244,0.9999719053506851,6.15157988993451
9351,algoQD,93,244,0.9999719053506851,5.72382126795128
9352,algoQD,93,244,0.9999719053506851,5.226128246169537
9353,algoQD,93,244,0.9999719053506851,5.680490918923169
9354,algoQD,93,244,0.9999719053506851,4.861225008964539
9355,algoQD,93,244,0.9999719053506851,4.737234752159566
9356,algoQD,93,244,0.9999719053506851,5.6769273448735476
9357,algoQD,93,244,0.9999719053506851,5.8594722100533545
9358,algoQD,93,244,0.9999719053506851,4.830579800065607
9359,algoQD,93,244,0.9999719053506851,5.372404384892434
9360,algoQD,93,244,0.9999719053506851,5.101903916802257
9361,algoQD,93,244,0.9999719053506851,5.742301900871098
9362,algoQD,93,244,0.9999719053506851,5.309735483024269
9363,algoQD,93,244,0.9999719053506851,5.848241707775742
9364,algoQD,93,244,0.9999719053506851,5.316854896955192
9365,algoQD,93,244,0.9999719053506851,5.2488225400447845
9366,algoQD,93,244,0.9999719053506851,4.978103838395327
9367,algoQD,93,244,0.9999719053506851,5.776538774371147
9368,algoQD,93,244,0.9999719053506851,5.062155515886843
9369,algoQD,93,244,0.9999719053506851,4.952448789961636
9370,algoQD,93,244,0.9999719053506851,4.830849451012909
9371,algoQD,93,244,0.9999719053506851,5.5867166593670845
9372,algoQD,93,244,0.9999719053506851,5.74427327606827
9373,algoQD,93,244,0.9999719053506851,5.091520206071436
9374,algoQD,93,244,0.9999719053506851,5.999819796066731
9375,algoQD,93,244,0.9999719053506851,4.861416930798441
9376,algoQD,93,244,0.9999719053506851,6.3123835497535765
9377,algoQD,93,244,0.9999719053506851,5.82558637810871
9378,algoQD,93,244,0.9999719053506851,5.772313782013953
9379,algoQD,93,244,0.9999719053506851,5.859118420630693
9380,algoQD,93,244,0.9999719053506851,5.692127577029169
9381,algoQD,93,244,0.9999719053506851,5.093436195049435
9382,algoQD,93,244,0.9999719053506851,5.174861581064761
9383,algoQD,93,244,0.9999719053506851,5.047744834795594
9384,algoQD,93,244,0.9999719053506851,5.607725788839161
9385,algoQD,93,244,0.9999719053506851,4.952718269079924
9386,algoQD,93,244,0.9999719053506851,5.81633292324841
9387,algoQD,93,244,0.9999719053506851,5.602326035965234
9388,algoQD,93,244,0.9999719053506851,5.878834206610918
9389,algoQD,93,244,0.9999719053506851,4.840102705173194
9390,algoQD,93,244,0.9999719053506851,5.7661512778140604
9391,algoQD,93,244,0.9999719053506851,5.015373034868389
9392,algoQD,93,244,0.9999719053506851,5.933424293063581
9393,algoQD,93,244,0.9999719053506851,4.997693606186658
9394,algoQD,93,244,0.9999719053506851,5.515964571852237
9395,algoQD,93,244,0.9999719053506851,5.718473953194916
9396,algoQD,93,244,0.9999719053506851,5.248848860152066
9397,algoQD,93,244,0.9999719053506851,5.99970412813127
9398,algoQD,93,244,0.9999719053506851,5.863597996067256
9399,algoQD,93,244,0.9999719053506851,4.987651930190623
9400,algoQD,94,244,0.9999719053506851,5.259893480222672
9401,algoQD,94,244,0.9999719053506851,5.546773241367191
9402,algoQD,94,244,0.9999719053506851,5.712474967353046
9403,algoQD,94,244,0.9999719053506851,5.027299781795591
9404,algoQD,94,244,0.9999719053506851,5.868712109979242
9405,algoQD,94,244,0.9999719053506851,5.803658822085708
9406,algoQD,94,244,0.9999719053506851,4.798764580860734
9407,algoQD,94,244,0.9999719053506851,5.212263796944171
9408,algoQD,94,244,0.9999719053506851,5.364197988063097
9409,algoQD,94,244,0.9999719053506851,4.9126924043521285
9410,algoQD,94,244,0.9999719053506851,5.356577969156206
9411,algoQD,94,244,0.9999719053506851,4.913116083946079
9412,algoQD,94,244,0.9999719053506851,5.121300691273063
9413,algoQD,94,244,0.9999719053506851,5.609277503564954
9414,algoQD,94,244,0.9999719053506851,5.132438568864018
9415,algoQD,94,244,0.9999719053506851,5.369841512758285
9416,algoQD,94,244,0.9999719053506851,5.424922295380384
9417,algoQD,94,244,0.9999719053506851,4.7553837383165956
9418,algoQD,94,244,0.9999719053506851,5.628603765740991
9419,algoQD,94,244,0.9999719053506851,6.008247049991041
9420,algoQD,94,244,0.9999719053506851,5.954567906912416
9421,algoQD,94,244,0.9999719053506851,5.441796841099858
9422,algoQD,94,244,0.9999719053506851,6.144512951374054
9423,algoQD,94,244,0.9999719053506851,5.872424585744739
9424,algoQD,94,244,0.9999719053506851,5.415450738277286
9425,algoQD,94,244,0.9999719053506851,5.393997198436409
9426,algoQD,94,244,0.9999719053506851,5.932342237792909
9427,algoQD,94,244,0.9999719053506851,5.985238893888891
9428,algoQD,94,244,0.9999719053506851,5.350071023683995
9429,algoQD,94,244,0.9999719053506851,5.827886385843158
9430,algoQD,94,244,0.9999719053506851,5.492233447730541
9431,algoQD,94,244,0.9999719053506851,5.957170594017953
9432,algoQD,94,244,0.9999719053506851,5.959998326841742
9433,algoQD,94,244,0.9999719053506851,6.101707173977047
9434,algoQD,94,244,0.9999719053506851,6.267855932936072
9435,algoQD,94,244,0.9999719053506851,4.909386274870485
9436,algoQD,94,244,0.9999719053506851,6.057423323858529
9437,algoQD,94,244,0.9999719053506851,5.249099154956639
9438,algoQD,94,244,0.9999719053506851,5.871151500847191
9439,algoQD,94,244,0.9999719053506851,5.977373769972473
9440,algoQD,94,244,0.9999719053506851,5.245040195994079
9441,algoQD,94,244,0.9999719053506851,5.668703360017389
9442,algoQD,94,244,0.9999719053506851,5.220105939079076
9443,algoQD,94,244,0.9999719053506851,5.758026567753404
9444,algoQD,94,244,0.9999719053506851,5.736440418288112
9445,algoQD,94,244,0.9999719053506851,5.94682073732838
9446,algoQD,94,244,0.9999719053506851,5.1297432580031455
9447,algoQD,94,244,0.9999719053506851,4.9391084387898445
9448,algoQD,94,244,0.9999719053506851,5.576941445004195
9449,algoQD,94,244,0.9999719053506851,5.219745337963104
9450,algoQD,94,244,0.9999719053506851,5.9493212113156915
9451,algoQD,94,244,0.9999719053506851,5.163548717275262
9452,algoQD,94,244,0.9999719053506851,5.402481519151479
9453,algoQD,94,244,0.9999719053506851,5.441564062144607
9454,algoQD,94,244,0.9999719053506851,5.6864712638780475
9455,algoQD,94,244,0.9999719053506851,5.4834201550111175
9456,algoQD,94,244,0.9999719053506851,5.478745248634368
9457,algoQD,94,244,0.9999719053506851,6.142479648813605
9458,algoQD,94,244,0.9999719053506851,5.269492591265589
9459,algoQD,94,244,0.9999719053506851,5.6834200588054955
9460,algoQD,94,244,0.9999719053506851,5.220384465064853
9461,algoQD,94,244,0.9999719053506851,4.701921103987843
9462,algoQD,94,244,0.9999719053506851,5.0786011279560626
9463,algoQD,94,244,0.9999719053506851,5.319964995142072
9464,algoQD,94,244,0.9999719053506851,5.329663643147796
9465,algoQD,94,244,0.9999719053506851,5.49992346810177
9466,algoQD,94,244,0.9999719053506851,5.801290318835527
9467,algoQD,94,244,0.9999719053506851,5.899367919191718
9468,algoQD,94,244,0.9999719053506851,5.576974065974355
9469,algoQD,94,244,0.9999719053506851,4.93448053393513
9470,algoQD,94,244,0.9999719053506851,6.025929312687367
9471,algoQD,94,244,0.9999719053506851,5.385287490207702
9472,algoQD,94,244,0.9999719053506851,5.654270327184349
9473,algoQD,94,244,0.9999719053506851,5.4411687552928925
9474,algoQD,94,244,0.9999719053506851,6.2795794969424605
9475,algoQD,94,244,0.9999719053506851,4.671276337001473
9476,algoQD,94,244,0.9999719053506851,5.225912109948695
9477,algoQD,94,244,0.9999719053506851,6.172535603865981
9478,algoQD,94,244,0.9999719053506851,6.401284912601113
9479,algoQD,94,244,0.9999719053506851,6.027084143832326
9480,algoQD,94,244,0.9999719053506851,5.525471293833107
9481,algoQD,94,244,0.9999719053506851,5.308571846690029
9482,algoQD,94,244,0.9999719053506851,4.969451086129993
9483,algoQD,94,244,0.9999719053506851,6.0045702322386205
9484,algoQD,94,244,0.9999719053506851,5.927324938122183
9485,algoQD,94,244,0.9999719053506851,6.253077365923673
9486,algoQD,94,244,0.9999719053506851,5.170088765211403
9487,algoQD,94,244,0.9999719053506851,5.936299477238208
9488,algoQD,94,244,0.9999719053506851,5.776063058990985
9489,algoQD,94,244,0.9999719053506851,5.318550582975149
9490,algoQD,94,244,0.9999719053506851,5.985309906769544
9491,algoQD,94,244,0.9999719053506851,6.506363523192704
9492,algoQD,94,244,0.9999719053506851,6.149392833001912
9493,algoQD,94,244,0.9999719053506851,5.124692844226956
9494,algoQD,94,244,0.9999719053506851,6.233107442036271
9495,algoQD,94,244,0.9999719053506851,6.426603486761451
9496,algoQD,94,244,0.9999719053506851,6.0512180482037365
9497,algoQD,94,244,0.9999719053506851,5.523677915800363
9498,algoQD,94,244,0.9999719053506851,5.495411682873964
9499,algoQD,94,244,0.9999719053506851,5.4671329078264534
9500,algoQD,95,244,0.9999719053506851,5.4712893310934305
9501,algoQD,95,244,0.9999719053506851,6.215497605036944
9502,algoQD,95,244,0.9999719053506851,5.08103340305388
9503,algoQD,95,244,0.9999719053506851,6.162522851955146
9504,algoQD,95,244,0.9999719053506851,5.541529308073223
9505,algoQD,95,244,0.9999719053506851,5.181312694679946
9506,algoQD,95,244,0.9999719053506851,5.772492971736938
9507,algoQD,95,244,0.9999719053506851,6.715397197753191
9508,algoQD,95,244,0.9999719053506851,5.957754157949239
9509,algoQD,95,244,0.9999719053506851,5.4692388768307865
9510,algoQD,95,244,0.9999719053506851,5.606201104354113
9511,algoQD,95,244,0.9999719053506851,5.937423901632428
9512,algoQD,95,244,0.9999719053506851,5.373779003042728
9513,algoQD,95,244,0.9999719053506851,5.656135881785303
9514,algoQD,95,244,0.9999719053506851,5.5022336053662
9515,algoQD,95,244,0.9999719053506851,5.543279883917421
9516,algoQD,95,244,0.9999719053506851,5.010583280120045
9517,algoQD,95,244,0.9999719053506851,6.026038488838822
9518,algoQD,95,244,0.9999719053506851,5.392114539630711
9519,algoQD,95,244,0.9999719053506851,5.108203565701842
9520,algoQD,95,244,0.9999719053506851,5.635810653679073
9521,algoQD,95,244,0.9999719053506851,5.208575951401144
9522,algoQD,95,244,0.9999719053506851,5.734210614115
9523,algoQD,95,244,0.9999719053506851,6.223474798724055
9524,algoQD,95,244,0.9999719053506851,5.9156899019144475
9525,algoQD,95,244,0.9999719053506851,6.465421185828745
9526,algoQD,95,244,0.9999719053506851,5.258739983197302
9527,algoQD,95,244,0.9999719053506851,6.10448864614591
9528,algoQD,95,244,0.9999719053506851,5.511323802173138
9529,algoQD,95,244,0.9999719053506851,6.0724015277810395
9530,algoQD,95,244,0.9999719053506851,5.89981332141906
9531,algoQD,95,244,0.9999719053506851,5.626392197795212
9532,algoQD,95,244,0.9999719053506851,4.97022552927956
9533,algoQD,95,244,0.9999719053506851,5.979901676997542
9534,algoQD,95,244,0.9999719053506851,5.594406506977975
9535,algoQD,95,244,0.9999719053506851,5.824689645785838
9536,algoQD,95,244,0.9999719053506851,6.283431705087423
9537,algoQD,95,244,0.9999719053506851,6.087892408948392
9538,algoQD,95,244,0.9999719053506851,5.7848311881534755
9539,algoQD,95,244,0.9999719053506851,6.194232447072864
9540,algoQD,95,244,0.9999719053506851,6.406399277970195
9541,algoQD,95,244,0.9999719053506851,6.546767792198807
9542,algoQD,95,244,0.9999719053506851,5.290121212136
9543,algoQD,95,244,0.9999719053506851,5.435906961094588
9544,algoQD,95,244,0.9999719053506851,6.366791302803904
9545,algoQD,95,244,0.9999719053506851,6.302370241843164
9546,algoQD,95,245,0.9999719053506851,6.418316558003426
9547,algoQD,95,245,0.9999719053506851,6.290474272798747
9548,algoQD,95,245,0.9999719053506851,5.4665995286777616
9549,algoQD,95,245,0.9999719053506851,5.364737730007619
9550,algoQD,95,245,0.9999719053506851,5.424910622648895
9551,algoQD,95,245,0.9999719053506851,6.213299817871302
9552,algoQD,95,245,0.9999719053506851,5.316372715868056
9553,algoQD,95,245,0.9999719053506851,5.574789769016206
9554,algoQD,95,245,0.9999719053506851,5.08073681499809
9555,algoQD,95,245,0.9999719053506851,6.273252249695361
9556,algoQD,95,245,0.9999719053506851,5.320467776153237
9557,algoQD,95,245,0.9999719053506851,5.743089240975678
9558,algoQD,95,245,0.9999719053506851,5.598632351960987
9559,algoQD,95,245,0.9999719053506851,6.558994986116886
9560,algoQD,95,245,0.9999719053506851,5.418511391151696
9561,algoQD,95,245,0.9999719053506851,5.4953432637266815
9562,algoQD,95,245,0.9999719053506851,6.154497105628252
9563,algoQD,95,245,0.9999719053506851,6.358126665931195
9564,algoQD,95,245,0.9999719053506851,6.355747913941741
9565,algoQD,95,245,0.9999719053506851,5.6993061560206115
9566,algoQD,95,245,0.9999719053506851,5.622111287899315
9567,algoQD,95,245,0.9999719053506851,6.0808191653341055
9568,algoQD,95,245,0.9999719053506851,5.1394585547968745
9569,algoQD,95,245,0.9999719053506851,5.230285644996911
9570,algoQD,95,245,0.9999719053506851,5.456317751202732
9571,algoQD,95,245,0.9999719053506851,5.547569962684065
9572,algoQD,95,245,0.9999719053506851,5.123715296853334
9573,algoQD,95,245,0.9999719053506851,6.307521657086909
9574,algoQD,95,245,0.9999719053506851,5.5526507133618
9575,algoQD,95,245,0.9999719053506851,6.7586468630470335
9576,algoQD,95,245,0.9999719053506851,7.844862339086831
9577,algoQD,95,245,0.9999719053506851,6.251758795697242
9578,algoQD,95,245,0.9999719053506851,5.523286616895348
9579,algoQD,95,245,0.9999719053506851,5.458540640771389
9580,algoQD,95,245,0.9999719053506851,6.210038800258189
9581,algoQD,95,245,0.9999719053506851,5.528919270262122
9582,algoQD,95,245,0.9999719053506851,6.708476700820029
9583,algoQD,95,245,0.9999719053506851,6.523982216138393
9584,algoQD,95,245,0.9999719053506851,6.013689673971385
9585,algoQD,95,245,0.9999719053506851,5.308306013699621
9586,algoQD,95,245,0.9999719053506851,5.971002631355077
9587,algoQD,95,245,0.9999719053506851,6.373816995881498
9588,algoQD,95,245,0.9999719053506851,5.341453921981156
9589,algoQD,95,245,0.9999719053506851,6.234486097004265
9590,algoQD,95,245,0.9999719053506851,5.329537903890014
9591,algoQD,95,245,0.9999719053506851,5.67772773373872
9592,algoQD,95,245,0.9999719053506851,6.0725778909400105
9593,algoQD,95,245,0.9999719053506851,6.869536072015762
9594,algoQD,95,245,0.9999719053506851,5.182483768090606
9595,algoQD,95,245,0.9999719053506851,5.9728325991891325
9596,algoQD,95,245,0.9999719053506851,5.281960343942046
9597,algoQD,95,245,0.9999719053506851,5.53948787599802
9598,algoQD,95,245,0.9999719053506851,6.527539920061827
9599,algoQD,95,245,0.9999719053506851,5.181048343889415
9600,algoQD,96,245,0.9999719053506851,5.945022937376052
9601,algoQD,96,245,0.9999719053506851,5.627182686701417
9602,algoQD,96,245,0.9999719053506851,5.355280894320458
9603,algoQD,96,245,0.9999719053506851,5.716177916154265
9604,algoQD,96,245,0.9999719053506851,6.612612946424633
9605,algoQD,96,245,0.9999719053506851,5.75644026696682
9606,algoQD,96,245,0.9999719053506851,6.232212318573147
9607,algoQD,96,245,0.9999719053506851,6.202588702086359
9608,algoQD,96,245,0.9999719053506851,6.1747667780146
9609,algoQD,96,245,0.9999719053506851,5.91345553798601
9610,algoQD,96,245,0.9999719053506851,5.309766135644168
9611,algoQD,96,245,0.9999719053506851,5.248136369045824
9612,algoQD,96,245,0.9999719053506851,6.178298661950976
9613,algoQD,96,245,0.9999719053506851,6.325460332911462
9614,algoQD,96,245,0.9999719053506851,5.203538977075368
9615,algoQD,96,245,0.9999719053506851,5.91895717382431
9616,algoQD,96,245,0.9999719053506851,6.42533657187596
9617,algoQD,96,245,0.9999719053506851,5.906203392893076
9618,algoQD,96,245,0.9999719053506851,5.6680418769828975
9619,algoQD,96,245,0.9999719053506851,6.251159542240202
9620,algoQD,96,245,0.9999719053506851,5.140540654305369
9621,algoQD,96,245,0.9999719053506851,5.73167966818437
9622,algoQD,96,245,0.9999719053506851,6.59802242461592
9623,algoQD,96,245,0.9999719053506851,6.010735630057752
9624,algoQD,96,245,0.9999719053506851,5.3110131630674005
9625,algoQD,96,245,0.9999719053506851,5.576965676154941
9626,algoQD,96,245,0.9999719053506851,5.924198086839169
9627,algoQD,96,245,0.9999719053506851,5.217641957104206
9628,algoQD,96,245,0.9999719053506851,5.407202897127718
9629,algoQD,96,245,0.9999719053506851,6.086179080884904
9630,algoQD,96,245,0.9999719053506851,5.700730766169727
9631,algoQD,96,245,0.9999719053506851,5.675818511284888
9632,algoQD,96,245,0.9999719053506851,6.041844776365906
9633,algoQD,96,245,0.9999719053506851,6.369825446978211
9634,algoQD,96,245,0.9999719053506851,5.197865836787969
9635,algoQD,96,245,0.9999719053506851,6.1326284618116915
9636,algoQD,96,245,0.9999719053506851,5.915642357897013
9637,algoQD,96,245,0.9999719053506851,5.5004867082461715
9638,algoQD,96,245,0.9999719053506851,6.31333333812654
9639,algoQD,96,245,0.9999719053506851,5.350499168038368
9640,algoQD,96,245,0.9999719053506851,6.224772620946169
9641,algoQD,96,245,0.9999719053506851,5.165417911950499
9642,algoQD,96,245,0.9999719053506851,6.337208573706448
9643,algoQD,96,245,0.9999719053506851,6.063975184224546
9644,algoQD,96,245,0.9999719053506851,5.968062143307179
9645,algoQD,96,245,0.9999719053506851,5.72855987213552
9646,algoQD,96,245,0.9999719053506851,5.67870466504246
9647,algoQD,96,245,0.9999719053506851,5.441028754692525
9648,algoQD,96,245,0.9999719053506851,5.445263845846057
9649,algoQD,96,245,0.9999719053506851,5.381533931940794
9650,algoQD,96,245,0.9999719053506851,6.044943078886718
9651,algoQD,96,245,0.9999719053506851,5.735680557787418
9652,algoQD,96,245,0.9999719053506851,5.234873807989061
9653,algoQD,96,245,0.9999719053506851,5.281642894260585
9654,algoQD,96,245,0.9999719053506851,5.569164784159511
9655,algoQD,96,245,0.9999719053506851,6.4431645115837455
9656,algoQD,96,245,0.9999719053506851,6.061328141950071
9657,algoQD,96,245,0.9999719053506851,5.468480218201876
9658,algoQD,96,245,0.9999719053506851,5.343241003341973
9659,algoQD,96,245,0.9999719053506851,6.002025501802564
9660,algoQD,96,245,0.9999719053506851,5.976475549861789
9661,algoQD,96,245,0.9999719053506851,6.277064532972872
9662,algoQD,96,245,0.9999719053506851,6.429944430012256
9663,algoQD,96,245,0.9999719053506851,5.075764941051602
9664,algoQD,96,245,0.9999719053506851,6.080349935218692
9665,algoQD,96,245,0.9999719053506851,6.13677693111822
9666,algoQD,96,245,0.9999719053506851,5.959894198924303
9667,algoQD,96,245,0.9999719053506851,6.284153699874878
9668,algoQD,96,245,0.9999719053506851,5.435271465219557
9669,algoQD,96,245,0.9999719053506851,5.917405371088535
9670,algoQD,96,245,0.9999719053506851,5.963672359008342
9671,algoQD,96,245,0.9999719053506851,5.274000964127481
9672,algoQD,96,245,0.9999719053506851,5.050944127142429
9673,algoQD,96,246,0.9999719053506851,5.369585845153779
9674,algoQD,96,246,0.9999719053506851,5.50178008293733
9675,algoQD,96,247,0.9999719053506851,5.582726981956512
9676,algoQD,96,247,0.9999719053506851,4.971838477998972
9677,algoQD,96,247,0.9999719053506851,4.850148189347237
9678,algoQD,96,247,0.9999719053506851,5.614095557015389
9679,algoQD,96,247,0.9999719053506851,5.989216427784413
9680,algoQD,96,247,0.9999719053506851,4.866078871302307
9681,algoQD,96,247,0.9999719053506851,5.22457918478176
9682,algoQD,96,247,0.9999719053506851,5.904441062826663
9683,algoQD,96,247,0.9999719053506851,5.3459659507498145
9684,algoQD,96,247,0.9999719053506851,6.000308766961098
9685,algoQD,96,247,0.9999719053506851,5.6305724191479385
9686,algoQD,96,247,0.9999719053506851,5.108680107165128
9687,algoQD,96,247,0.9999719053506851,5.662336205132306
9688,algoQD,96,247,0.9999719053506851,5.767854635138065
9689,algoQD,96,247,0.9999719053506851,4.876957768574357
9690,algoQD,96,247,0.9999719053506851,5.251936309970915
9691,algoQD,96,247,0.9999719053506851,5.607305966783315
9692,algoQD,96,247,0.9999719053506851,4.756332080811262
9693,algoQD,96,247,0.9999719053506851,5.6223463290371
9694,algoQD,96,247,0.9999719053506851,5.20960095198825
9695,algoQD,96,247,0.9999719053506851,5.775093604344875
9696,algoQD,96,247,0.9999719053506851,6.260712184011936
9697,algoQD,96,247,0.9999719053506851,5.638973548077047
9698,algoQD,96,247,0.9999719053506851,5.075296746566892
9699,algoQD,96,247,0.9999719053506851,5.018029260914773
9700,algoQD,97,247,0.9999719053506851,5.536347212269902
9701,algoQD,97,247,0.9999719053506851,5.889694137033075
9702,algoQD,97,247,0.9999719053506851,4.855845903977752
9703,algoQD,97,247,0.9999719053506851,5.698010494932532
9704,algoQD,97,247,0.9999719053506851,5.465482733678073
9705,algoQD,97,247,0.9999719053506851,6.2817281861789525
9706,algoQD,97,247,0.9999719053506851,5.994707212783396
9707,algoQD,97,247,0.9999719053506851,5.840515656862408
9708,algoQD,97,247,0.9999719053506851,5.979088990017772
9709,algoQD,97,247,0.9999719053506851,5.4638869389891624
9710,algoQD,97,247,0.9999719053506851,5.789305880200118
9711,algoQD,97,247,0.9999719053506851,5.4818593971431255
9712,algoQD,97,247,0.9999719053506851,5.718936918769032
9713,algoQD,97,247,0.9999719053506851,4.922085773665458
9714,algoQD,97,247,0.9999719053506851,5.610071321949363
9715,algoQD,97,247,0.9999719053506851,5.929211580194533
9716,algoQD,97,247,0.9999719053506851,6.30845186393708
9717,algoQD,97,247,0.9999719053506851,5.890116856433451
9718,algoQD,97,247,0.9999719053506851,5.552970504388213
9719,algoQD,97,247,0.9999719053506851,5.141978059895337
9720,algoQD,97,247,0.9999719053506851,5.693468082230538
9721,algoQD,97,247,0.9999719053506851,5.9152492471039295
9722,algoQD,97,247,0.9999719053506851,5.136353861074895
9723,algoQD,97,247,0.9999719053506851,5.572110339999199
9724,algoQD,97,247,0.9999719053506851,6.007905743084848
9725,algoQD,97,247,0.9999719053506851,5.7250766307115555
9726,algoQD,97,247,0.9999719053506851,5.7815193249844015
9727,algoQD,97,247,0.9999719053506851,4.8946844968013465
9728,algoQD,97,247,0.9999719053506851,4.9837342370301485
9729,algoQD,97,247,0.9999719053506851,4.912248295266181
9730,algoQD,97,247,0.9999719053506851,5.652430676389486
9731,algoQD,97,247,0.9999719053506851,5.4817121820524335
9732,algoQD,97,247,0.9999719053506851,5.794311247766018
9733,algoQD,97,247,0.9999719053506851,6.140862272121012
9734,algoQD,97,247,0.9999719053506851,5.757375443354249
9735,algoQD,97,247,0.9999719053506851,5.188579088076949
9736,algoQD,97,247,0.9999719053506851,5.242847612593323
9737,algoQD,97,247,0.9999719053506851,5.122284075245261
9738,algoQD,97,247,0.9999719053506851,5.424646737985313
9739,algoQD,97,247,0.9999719053506851,4.961152144707739
9740,algoQD,97,247,0.9999719053506851,5.278822434600443
9741,algoQD,97,247,0.9999719053506851,4.80862545594573
9742,algoQD,97,247,0.9999719053506851,4.795770775061101
9743,algoQD,97,247,0.9999719053506851,5.846897074952722
9744,algoQD,97,247,0.9999719053506851,5.586749352980405
9745,algoQD,97,247,0.9999719053506851,4.890767213888466
9746,algoQD,97,247,0.9999719053506851,5.150673669762909
9747,algoQD,97,247,0.9999719053506851,5.851819045841694
9748,algoQD,97,247,0.9999719053506851,5.682252949103713
9749,algoQD,97,247,0.9999719053506851,5.5690287868492305
9750,algoQD,97,247,0.9999719053506851,5.934644115157425
9751,algoQD,97,247,0.9999719053506851,5.4550406420603395
9752,algoQD,97,247,0.9999719053506851,4.650664879009128
9753,algoQD,97,247,0.9999719053506851,4.922908117994666
9754,algoQD,97,247,0.9999719053506851,6.213143827393651
9755,algoQD,97,247,0.9999719053506851,5.928931019734591
9756,algoQD,97,247,0.9999719053506851,5.347861343063414
9757,algoQD,97,247,0.9999719053506851,5.484408815857023
9758,algoQD,97,247,0.9999719053506851,5.271292255725712
9759,algoQD,97,247,0.9999719053506851,5.844305329024792
9760,algoQD,97,247,0.9999719053506851,5.501500174403191
9761,algoQD,97,247,0.9999719053506851,5.88817349402234
9762,algoQD,97,247,0.9999719053506851,6.603943143971264
9763,algoQD,97,247,0.9999719053506851,5.999696520157158
9764,algoQD,97,248,0.9999719053506851,6.399813113268465
9765,algoQD,97,248,0.9999719053506851,5.426413597073406
9766,algoQD,97,248,0.9999719053506851,5.350528623443097
9767,algoQD,97,248,0.9999719053506851,5.344726019073278
9768,algoQD,97,249,0.9999719053506851,6.122729799244553
9769,algoQD,97,249,0.9999719053506851,5.4606686579063535
9770,algoQD,97,249,0.9999719053506851,6.085172979161143
9771,algoQD,97,249,0.9999719053506851,5.0943132089450955
9772,algoQD,97,249,0.9999719053506851,6.051509769167751
9773,algoQD,97,249,0.9999719053506851,4.943528613075614
9774,algoQD,97,249,0.9999719053506851,5.5306681911461055
9775,algoQD,97,249,0.9999719053506851,5.509655341971666
9776,algoQD,97,249,0.9999719053506851,5.064568462781608
9777,algoQD,97,249,0.9999719053506851,6.065254596062005
9778,algoQD,97,249,0.9999719053506851,5.60846304288134
9779,algoQD,97,249,0.9999719053506851,6.0545883839949965
9780,algoQD,97,249,0.9999719053506851,5.250478144269437
9781,algoQD,97,249,0.9999719053506851,5.544708670116961
9782,algoQD,97,249,0.9999719053506851,6.37204170320183
9783,algoQD,97,249,0.9999719053506851,6.145294906105846
9784,algoQD,97,249,0.9999719053506851,6.3062221789732575
9785,algoQD,97,249,0.9999719053506851,6.375829961150885
9786,algoQD,97,249,0.9999719053506851,6.535865670070052
9787,algoQD,97,249,0.9999719053506851,5.837129456922412
9788,algoQD,97,249,0.9999719053506851,6.380898569244891
9789,algoQD,97,249,0.9999719053506851,6.048704054672271
9790,algoQD,97,249,0.9999719053506851,6.525008162949234
9791,algoQD,97,249,0.9999719053506851,6.152740164659917
9792,algoQD,97,249,0.9999719053506851,6.025781609117985
9793,algoQD,97,249,0.9999719053506851,6.317436479963362
9794,algoQD,97,249,0.9999719053506851,5.776272038929164
9795,algoQD,97,249,0.9999719053506851,5.953189047053456
9796,algoQD,97,249,0.9999719053506851,5.781491142231971
9797,algoQD,97,249,0.9999719053506851,5.965776092372835
9798,algoQD,97,249,0.9999719053506851,5.651277023833245
9799,algoQD,97,249,0.9999719053506851,6.1300239292904735
9800,algoQD,98,249,0.9999719053506851,5.759143583942205
9801,algoQD,98,249,0.9999719053506851,5.307700743898749
9802,algoQD,98,249,0.9999719053506851,6.400835472159088
9803,algoQD,98,249,0.9999719053506851,5.629398804157972
9804,algoQD,98,249,0.9999719053506851,6.390187611803412
9805,algoQD,98,249,0.9999719053506851,6.519976475276053
9806,algoQD,98,249,0.9999719053506851,6.2802009782753885
9807,algoQD,98,249,0.9999719053506851,6.197481638751924
9808,algoQD,98,249,0.9999719053506851,5.520324022974819
9809,algoQD,98,249,0.9999719053506851,6.3698930237442255
9810,algoQD,98,249,0.9999719053506851,6.229384424164891
9811,algoQD,98,249,0.9999719053506851,5.9655865342356265
9812,algoQD,98,249,0.9999719053506851,6.640139188151807
9813,algoQD,98,249,0.9999719053506851,5.548965143971145
9814,algoQD,98,249,0.9999719053506851,5.9140014867298305
9815,algoQD,98,249,0.9999719053506851,6.565211161971092
9816,algoQD,98,249,0.9999719053506851,6.034981444012374
9817,algoQD,98,249,0.9999719053506851,6.080293477047235
9818,algoQD,98,249,0.9999719053506851,6.491258027032018
9819,algoQD,98,249,0.9999719053506851,6.65848203888163
9820,algoQD,98,249,0.9999719053506851,5.9169836128130555
9821,algoQD,98,249,0.9999719053506851,5.121702947188169
9822,algoQD,98,249,0.9999719053506851,5.625336295925081
9823,algoQD,98,249,0.9999719053506851,6.3989094528369606
9824,algoQD,98,249,0.9999719053506851,5.252318261191249
9825,algoQD,98,249,0.9999719053506851,5.63542990013957
9826,algoQD,98,249,0.9999719053506851,6.475306965876371
9827,algoQD,98,249,0.9999719053506851,6.339459485374391
9828,algoQD,98,249,0.9999719053506851,6.161214306950569
9829,algoQD,98,249,0.9999719053506851,5.317435197997838
9830,algoQD,98,249,0.9999719053506851,6.278084760066122
9831,algoQD,98,249,0.9999719053506851,5.81700301496312
9832,algoQD,98,249,0.9999719053506851,6.2744798879139125
9833,algoQD,98,249,0.9999719053506851,6.642384468112141
9834,algoQD,98,249,0.9999719053506851,5.455483247991651
9835,algoQD,98,249,0.9999719053506851,6.341156150680035
9836,algoQD,98,249,0.9999719053506851,6.503995155915618
9837,algoQD,98,249,0.9999719053506851,6.523070601280779
9838,algoQD,98,249,0.9999719053506851,5.966149818152189
9839,algoQD,98,249,0.9999719053506851,5.269026963971555
9840,algoQD,98,249,0.9999719053506851,5.570495598018169
9841,algoQD,98,249,0.9999719053506851,6.308345791883767
9842,algoQD,98,250,0.9999719053506851,6.220797085668892
9843,algoQD,98,250,0.9999719053506851,5.842494755983353
9844,algoQD,98,250,0.9999719053506851,6.634998063091189
9845,algoQD,98,250,0.9999719053506851,6.558765229769051
9846,algoQD,98,250,0.9999719053506851,6.1004692618735135
9847,algoQD,98,250,0.9999719053506851,7.350575108081102
9848,algoQD,98,250,0.9999719053506851,6.364411034155637
9849,algoQD,98,250,0.9999719053506851,6.498966111801565
9850,algoQD,98,250,0.9999719053506851,6.3541658744215965
9851,algoQD,98,250,0.9999719053506851,6.502592136152089
9852,algoQD,98,250,0.9999719053506851,6.606994976755232
9853,algoQD,98,250,0.9999719053506851,5.978680335916579
9854,algoQD,98,250,0.9999719053506851,6.585279782768339
9855,algoQD,98,250,0.9999719053506851,7.123627029825002
9856,algoQD,98,250,0.9999719053506851,5.964174374006689
9857,algoQD,98,250,0.9999719053506851,6.4979827450588346
9858,algoQD,98,250,0.9999719053506851,5.729826112743467
9859,algoQD,98,250,0.9999719053506851,6.555726610124111
9860,algoQD,98,250,0.9999719053506851,5.871202162001282
9861,algoQD,98,250,0.9999719053506851,5.882015794981271
9862,algoQD,98,250,0.9999719053506851,5.4470139648765326
9863,algoQD,98,250,0.9999719053506851,6.533703933935612
9864,algoQD,98,250,0.9999719053506851,5.704000342171639
9865,algoQD,98,250,0.9999719053506851,6.401381283998489
9866,algoQD,98,250,0.9999719053506851,6.897687689866871
9867,algoQD,98,250,0.9999719053506851,6.129404452163726
9868,algoQD,98,250,0.9999719053506851,6.109747023321688
9869,algoQD,98,250,0.9999719053506851,5.440288053825498
9870,algoQD,98,250,0.9999719053506851,6.46484195208177
9871,algoQD,98,250,0.9999719053506851,5.562684729229659
9872,algoQD,98,250,0.9999719053506851,5.159673607908189
9873,algoQD,98,250,0.9999719053506851,6.275503943208605
9874,algoQD,98,250,0.9999719053506851,5.573930919636041
9875,algoQD,98,250,0.9999719053506851,6.521932119969279
9876,algoQD,98,250,0.9999719053506851,5.625084118917584
9877,algoQD,98,250,0.9999719053506851,5.524712736252695
9878,algoQD,98,250,0.9999719053506851,6.5362268830649555
9879,algoQD,98,250,0.9999719053506851,5.680099715013057
9880,algoQD,98,250,0.9999719053506851,5.730770797934383
9881,algoQD,98,250,0.9999719053506851,6.231110343709588
9882,algoQD,98,250,0.9999719053506851,5.652424464002252
9883,algoQD,98,250,0.9999719053506851,5.992363441735506
9884,algoQD,98,250,0.9999719053506851,6.321817738935351
9885,algoQD,98,250,0.9999719053506851,5.780536317266524
9886,algoQD,98,250,0.9999719053506851,6.028459580149502
9887,algoQD,98,250,0.9999719053506851,5.3725712560117245
9888,algoQD,98,250,0.9999719053506851,6.159817609004676
9889,algoQD,98,250,0.9999719053506851,5.223449630662799
9890,algoQD,98,250,0.9999719053506851,6.61862216796726
9891,algoQD,98,250,0.9999719053506851,5.526191545650363
9892,algoQD,98,250,0.9999719053506851,6.646304927766323
9893,algoQD,98,250,0.9999719053506851,5.2728781728073955
9894,algoQD,98,250,0.9999719053506851,6.237132074311376
9895,algoQD,98,250,0.9999719053506851,5.554796292912215
9896,algoQD,98,250,0.9999719053506851,6.247626865282655
9897,algoQD,98,250,0.9999719053506851,6.005912825930864
9898,algoQD,98,250,0.9999719053506851,4.960075180977583
9899,algoQD,98,250,0.9999719053506851,5.223660229239613
9900,algoQD,99,250,0.9999719053506851,5.6955379620194435
9901,algoQD,99,250,0.9999719053506851,5.829264746047556
9902,algoQD,99,250,0.9999719053506851,5.233830957207829
9903,algoQD,99,250,0.9999719053506851,4.973116783890873
9904,algoQD,99,250,0.9999719053506851,5.7350636050105095
9905,algoQD,99,250,0.9999719053506851,5.890976256690919
9906,algoQD,99,250,0.9999719053506851,5.661675786133856
9907,algoQD,99,250,0.9999719053506851,5.075520059093833
9908,algoQD,99,250,0.9999719053506851,4.797502919100225
9909,algoQD,99,250,0.9999719053506851,5.189037634059787
9910,algoQD,99,250,0.9999719053506851,5.737891704775393
9911,algoQD,99,250,0.9999719053506851,5.8894087062217295
9912,algoQD,99,250,0.9999719053506851,5.308948662132025
9913,algoQD,99,250,0.9999719053506851,5.887904914095998
9914,algoQD,99,250,0.9999719053506851,4.940169997047633
9915,algoQD,99,250,0.9999719053506851,6.859747356269509
9916,algoQD,99,250,0.9999719053506851,5.023530394770205
9917,algoQD,99,250,0.9999719053506851,6.386975225992501
9918,algoQD,99,250,0.9999719053506851,6.147329269908369
9919,algoQD,99,250,0.9999719053506851,5.773028840776533
9920,algoQD,99,250,0.9999719053506851,5.542830292135477
9921,algoQD,99,250,0.9999719053506851,5.119927030988038
9922,algoQD,99,250,0.9999719053506851,5.798476226627827
9923,algoQD,99,250,0.9999719053506851,5.12667973106727
9924,algoQD,99,250,0.9999719053506851,5.102834914345294
9925,algoQD,99,250,0.9999719053506851,5.044721571262926
9926,algoQD,99,250,0.9999719053506851,5.197107604239136
9927,algoQD,99,250,0.9999719053506851,4.974603262729943
9928,algoQD,99,250,0.9999719053506851,5.180549744982272
9929,algoQD,99,250,0.9999719053506851,4.9866230064071715
9930,algoQD,99,250,0.9999719053506851,5.013683053199202
9931,algoQD,99,250,0.9999719053506851,5.259343596640974
9932,algoQD,99,250,0.9999719053506851,5.669186186976731
9933,algoQD,99,250,0.9999719053506851,4.78943254891783
9934,algoQD,99,250,0.9999719053506851,5.61392327863723
9935,algoQD,99,250,0.9999719053506851,5.286423167213798
9936,algoQD,99,250,0.9999719053506851,5.260853119194508
9937,algoQD,99,250,0.9999719053506851,5.560581734869629
9938,algoQD,99,250,0.9999719053506851,5.2024211450479925
9939,algoQD,99,250,0.9999719053506851,4.631321047898382
9940,algoQD,99,250,0.9999719053506851,5.840900783892721
9941,algoQD,99,250,0.9999719053506851,5.142849335912615
9942,algoQD,99,250,0.9999719053506851,5.995851664338261
9943,algoQD,99,250,0.9999719053506851,5.663178870920092
9944,algoQD,99,250,0.9999719053506851,5.056681329850107
9945,algoQD,99,250,0.9999719053506851,4.923709413036704
9946,algoQD,99,250,0.9999719053506851,6.323148624040186
9947,algoQD,99,250,0.9999719053506851,5.366593067999929
9948,algoQD,99,250,0.9999719053506851,4.910521333105862
9949,algoQD,99,250,0.9999719053506851,6.008698990102857
9950,algoQD,99,250,0.9999719053506851,5.921343059279025
9951,algoQD,99,250,0.9999719053506851,5.979442324955016
9952,algoQD,99,250,0.9999719053506851,5.902124873362482
9953,algoQD,99,250,0.9999719053506851,6.5289943418465555
9954,algoQD,99,250,0.9999719053506851,6.316460405942053
9955,algoQD,99,250,0.9999719053506851,6.277562570758164
9956,algoQD,99,250,0.9999719053506851,6.62427191529423
9957,algoQD,99,250,0.9999719053506851,5.7506729871965945
9958,algoQD,99,250,0.9999719053506851,5.500905049033463
9959,algoQD,99,250,0.9999719053506851,5.686968506779522
9960,algoQD,99,250,0.9999719053506851,5.202766348142177
9961,algoQD,99,250,0.9999719053506851,6.115776299033314
9962,algoQD,99,250,0.9999719053506851,5.942973701283336
9963,algoQD,99,250,0.9999719053506851,6.092317671049386
9964,algoQD,99,250,0.9999719053506851,5.625685793813318
9965,algoQD,99,250,0.9999719053506851,6.012795800808817
9966,algoQD,99,250,0.9999719053506851,5.845806257799268
9967,algoQD,99,250,0.9999719053506851,5.952052647713572
9968,algoQD,99,250,0.9999719053506851,5.6951865763403475
9969,algoQD,99,250,0.9999719053506851,5.305345488712192
9970,algoQD,99,250,0.9999719053506851,5.506596203893423
9971,algoQD,99,250,0.9999719053506851,5.030633844900876
9972,algoQD,99,250,0.9999719053506851,5.822588122915477
9973,algoQD,99,250,0.9999719053506851,5.2720864289440215
9974,algoQD,99,250,0.9999719053506851,6.212525713723153
9975,algoQD,99,250,0.9999719053506851,5.208480374887586
9976,algoQD,99,250,0.9999719053506851,5.09324626205489
9977,algoQD,99,250,0.9999719053506851,5.26287534320727
9978,algoQD,99,250,0.9999719053506851,6.071386497933418
9979,algoQD,99,250,0.9999719053506851,5.953409421257675
9980,algoQD,99,250,0.9999719053506851,4.815427949652076
9981,algoQD,99,250,0.9999719053506851,5.8410880719311535
9982,algoQD,99,250,0.9999719053506851,5.513045882340521
9983,algoQD,99,250,0.9999719053506851,6.181868581101298
9984,algoQD,99,250,0.9999719053506851,5.11246652295813
9985,algoQD,99,250,0.9999719053506851,4.968048591166735
9986,algoQD,99,250,0.9999719053506851,5.974764423910528
9987,algoQD,99,250,0.9999719053506851,5.813277909997851
9988,algoQD,99,250,0.9999719053506851,6.019833471160382
9989,algoQD,99,250,0.9999719053506851,5.415207821410149
9990,algoQD,99,250,0.9999719053506851,5.365850531961769
9991,algoQD,99,250,0.9999719053506851,6.1335950321517885
9992,algoQD,99,250,0.9999719053506851,5.673574227374047
9993,algoQD,99,250,0.9999719053506851,5.0853382791392505
9994,algoQD,99,250,0.9999719053506851,5.261562592815608
9995,algoQD,99,250,0.9999719053506851,5.830700672231615
9996,algoQD,99,250,0.9999719053506851,5.874801078811288
9997,algoQD,99,250,0.9999719053506851,5.378612949047238
9998,algoQD,99,250,0.9999719053506851,5.9489965117536485
9999,algoQD,99,250,0.9999719053506851,4.806711447890848
