,alg_name,iteration,cont_size,max0,elapsed
0,algoQD,0,1,0.36260962138216224,5.942166998051107
1,algoQD,0,2,0.7814146657310111,5.725147366989404
2,algoQD,0,3,0.7814146657310111,5.555272510740906
3,algoQD,0,4,0.8606488550823956,5.279822133015841
4,algoQD,0,5,0.8606488550823956,5.334278330672532
5,algoQD,0,5,0.8606488550823956,6.262148323003203
6,algoQD,0,6,0.8606488550823956,6.419499710202217
7,algoQD,0,6,0.8606488550823956,5.7204624358564615
8,algoQD,0,7,0.8606488550823956,5.728520228061825
9,algoQD,0,8,0.8606488550823956,5.525109747890383
10,algoQD,0,9,0.8606488550823956,5.586280100047588
11,algoQD,0,9,0.8606488550823956,6.144468994811177
12,algoQD,0,9,0.8606488550823956,5.4386776820756495
13,algoQD,0,10,0.8606488550823956,6.317490505985916
14,algoQD,0,11,0.8606488550823956,6.160121656022966
15,algoQD,0,12,0.8606488550823956,6.096638193819672
16,algoQD,0,12,0.8606488550823956,5.970371851697564
17,algoQD,0,12,0.8606488550823956,5.4279047511518
18,algoQD,0,12,0.8606488550823956,6.394922718871385
19,algoQD,0,13,0.8606488550823956,6.490284776780754
20,algoQD,0,14,0.8606488550823956,6.412423531990498
21,algoQD,0,14,0.8606488550823956,6.313943172805011
22,algoQD,0,14,0.8606488550823956,5.654004504904151
23,algoQD,0,14,0.8606488550823956,5.807004930917174
24,algoQD,0,15,0.8606488550823956,5.575224744156003
25,algoQD,0,15,0.9743393784558816,6.498342726845294
26,algoQD,0,16,0.9743393784558816,5.797517284750938
27,algoQD,0,17,0.9743393784558816,7.001827415078878
28,algoQD,0,18,0.9743393784558816,6.069762098137289
29,algoQD,0,18,0.9743393784558816,6.577760462183505
30,algoQD,0,18,0.9743393784558816,6.5835217968560755
31,algoQD,0,19,0.9743393784558816,6.022153875790536
32,algoQD,0,19,0.9743393784558816,6.458405359182507
33,algoQD,0,19,0.9984718746609158,5.360228133853525
34,algoQD,0,19,0.9984718746609158,6.644075685180724
35,algoQD,0,20,0.9984718746609158,6.853838555980474
36,algoQD,0,20,0.9984718746609158,6.348449101205915
37,algoQD,0,21,0.9984718746609158,5.658689944073558
38,algoQD,0,22,0.9984718746609158,5.767572364769876
39,algoQD,0,22,0.9984718746609158,5.998298789840192
40,algoQD,0,23,0.9984718746609158,6.202822353225201
41,algoQD,0,23,0.9984718746609158,5.338233491871506
42,algoQD,0,23,0.9984718746609158,5.338935788720846
43,algoQD,0,23,0.9984718746609158,5.617508084047586
44,algoQD,0,23,0.9984718746609158,5.866335136815906
45,algoQD,0,23,0.9984718746609158,6.591844771057367
46,algoQD,0,23,0.9984718746609158,6.1412074118852615
47,algoQD,0,23,0.9984718746609158,5.5487088286317885
48,algoQD,0,23,0.9984718746609158,6.257675000932068
49,algoQD,0,24,0.9984718746609158,5.844007364939898
50,algoQD,0,24,0.9984718746609158,5.5033170860260725
51,algoQD,0,24,0.9984718746609158,5.6693366090767086
52,algoQD,0,24,0.9984718746609158,5.835977434180677
53,algoQD,0,24,0.9984718746609158,5.644037043210119
54,algoQD,0,25,0.9984718746609158,5.636051726993173
55,algoQD,0,25,0.9984718746609158,5.59815842891112
56,algoQD,0,25,0.9984718746609158,6.173439803998917
57,algoQD,0,25,0.9984718746609158,5.349639940075576
58,algoQD,0,25,0.9984718746609158,6.203505764249712
59,algoQD,0,25,0.9984718746609158,5.4082780298776925
60,algoQD,0,26,0.9984718746609158,5.9939150381833315
61,algoQD,0,26,0.9984718746609158,5.8431167607195675
62,algoQD,0,27,0.9984718746609158,5.589989865664393
63,algoQD,0,27,0.9984718746609158,5.479076139628887
64,algoQD,0,28,0.9984718746609158,6.146466727368534
65,algoQD,0,28,0.9984718746609158,5.802583696786314
66,algoQD,0,29,0.9984718746609158,6.394047243986279
67,algoQD,0,29,0.9984718746609158,5.8480733060278
68,algoQD,0,29,0.9984718746609158,5.978408842813224
69,algoQD,0,30,0.9984718746609158,6.04430565610528
70,algoQD,0,30,0.9984718746609158,5.858487268909812
71,algoQD,0,30,0.9984718746609158,5.810630087740719
72,algoQD,0,30,0.9984718746609158,5.782475359272212
73,algoQD,0,30,0.9984718746609158,6.4146690322086215
74,algoQD,0,30,0.9984718746609158,6.108046644832939
75,algoQD,0,31,0.9984718746609158,5.386874725110829
76,algoQD,0,31,0.9984718746609158,5.653268542140722
77,algoQD,0,31,0.9984718746609158,5.752180474810302
78,algoQD,0,31,0.9984718746609158,5.183414309285581
79,algoQD,0,31,0.9984718746609158,5.664073905907571
80,algoQD,0,31,0.9984718746609158,5.700640596915036
81,algoQD,0,32,0.9984718746609158,5.810822491999716
82,algoQD,0,32,0.9984718746609158,5.24226962774992
83,algoQD,0,32,0.9984718746609158,5.0155606819316745
84,algoQD,0,32,0.9984718746609158,5.73078440502286
85,algoQD,0,32,0.9984718746609158,5.23031992232427
86,algoQD,0,32,0.9984718746609158,5.889804615173489
87,algoQD,0,32,0.9984718746609158,5.037645584903657
88,algoQD,0,32,0.9984718746609158,4.878407513257116
89,algoQD,0,32,0.9984718746609158,5.555349795147777
90,algoQD,0,32,0.9984718746609158,5.599079478066415
91,algoQD,0,32,0.9984718746609158,5.099627801217139
92,algoQD,0,32,0.9984718746609158,5.508541696704924
93,algoQD,0,32,0.9984718746609158,5.753004242200404
94,algoQD,0,32,0.9984718746609158,5.93627681909129
95,algoQD,0,32,0.9984718746609158,5.5324669550172985
96,algoQD,0,32,0.9984718746609158,6.31412209989503
97,algoQD,0,32,0.9984718746609158,5.663298579864204
98,algoQD,0,32,0.9984718746609158,5.7873587240464985
99,algoQD,0,32,0.9984718746609158,6.468593213707209
100,algoQD,1,32,0.9984718746609158,6.208860690705478
101,algoQD,1,32,0.9984718746609158,5.747884870972484
102,algoQD,1,33,0.9984718746609158,6.514808725100011
103,algoQD,1,33,0.9984718746609158,5.465529256965965
104,algoQD,1,33,0.9984718746609158,5.9574650982394814
105,algoQD,1,33,0.9984718746609158,6.259477796033025
106,algoQD,1,33,0.9984718746609158,5.610433449037373
107,algoQD,1,33,0.9984718746609158,6.246688305400312
108,algoQD,1,33,0.9984718746609158,5.609010800719261
109,algoQD,1,33,0.9984718746609158,5.569741435348988
110,algoQD,1,33,0.9984718746609158,5.244825397152454
111,algoQD,1,33,0.9984718746609158,6.43834187509492
112,algoQD,1,33,0.9984718746609158,6.208000796847045
113,algoQD,1,33,0.9984718746609158,6.489546539727598
114,algoQD,1,33,0.9984718746609158,5.443388829007745
115,algoQD,1,33,0.9984718746609158,5.76675541093573
116,algoQD,1,33,0.9984718746609158,5.957611893769354
117,algoQD,1,33,0.9984718746609158,5.733917504083365
118,algoQD,1,33,0.9984718746609158,5.767837264109403
119,algoQD,1,34,0.9984718746609158,6.39361108886078
120,algoQD,1,34,0.9984718746609158,6.433911934029311
121,algoQD,1,34,0.9984718746609158,6.496350152883679
122,algoQD,1,34,0.9984718746609158,6.509859053883702
123,algoQD,1,34,0.9984718746609158,5.645307051949203
124,algoQD,1,34,0.9984718746609158,6.1171894571743906
125,algoQD,1,34,0.9984718746609158,5.993391077965498
126,algoQD,1,34,0.9984718746609158,5.764232644811273
127,algoQD,1,34,0.9984718746609158,6.244902200065553
128,algoQD,1,34,0.9984718746609158,7.004967687185854
129,algoQD,1,34,0.9984718746609158,5.5848509687930346
130,algoQD,1,34,0.9984718746609158,6.951083791442215
131,algoQD,1,34,0.9984718746609158,6.533295349683613
132,algoQD,1,34,0.9984718746609158,6.6752069583162665
133,algoQD,1,34,0.9984718746609158,6.4191175969317555
134,algoQD,1,34,0.9984718746609158,6.09893181361258
135,algoQD,1,34,0.9984718746609158,5.52668908983469
136,algoQD,1,35,0.9984718746609158,6.441958086099476
137,algoQD,1,35,0.9984718746609158,5.2292843060567975
138,algoQD,1,35,0.9984718746609158,6.445080544799566
139,algoQD,1,36,0.9984718746609158,6.091493903193623
140,algoQD,1,37,0.9984718746609158,5.416997740976512
141,algoQD,1,37,0.9984718746609158,6.152630211319774
142,algoQD,1,37,0.9984718746609158,6.318220271728933
143,algoQD,1,37,0.9984718746609158,6.837733400054276
144,algoQD,1,37,0.9984718746609158,6.299172447994351
145,algoQD,1,37,0.9984718746609158,6.223038766998798
146,algoQD,1,37,0.9984718746609158,6.901019710116088
147,algoQD,1,37,0.9984718746609158,6.513327727094293
148,algoQD,1,37,0.9984718746609158,5.727264775894582
149,algoQD,1,37,0.9984718746609158,5.4030546923168
150,algoQD,1,37,0.9984718746609158,6.536748762708157
151,algoQD,1,37,0.9984718746609158,6.441943418234587
152,algoQD,1,37,0.9984718746609158,5.26416034437716
153,algoQD,1,37,0.9984718746609158,5.384012307040393
154,algoQD,1,37,0.9984718746609158,5.311797820031643
155,algoQD,1,37,0.9984718746609158,5.400554837659001
156,algoQD,1,37,0.9984718746609158,6.045622712932527
157,algoQD,1,37,0.9984718746609158,5.663631290197372
158,algoQD,1,37,0.9984718746609158,5.158466867636889
159,algoQD,1,37,0.9984718746609158,5.590436880942434
160,algoQD,1,37,0.9984718746609158,5.724591515026987
161,algoQD,1,37,0.9984718746609158,6.058408309239894
162,algoQD,1,37,0.9984718746609158,5.885236371774226
163,algoQD,1,37,0.9984718746609158,6.196206765715033
164,algoQD,1,37,0.9984718746609158,5.979259641375393
165,algoQD,1,37,0.9984718746609158,6.431210583075881
166,algoQD,1,37,0.9984718746609158,5.436858351808041
167,algoQD,1,37,0.9984718746609158,5.221244557294995
168,algoQD,1,38,0.9984718746609158,5.912519827019423
169,algoQD,1,38,0.9984718746609158,6.159365394152701
170,algoQD,1,38,0.9984718746609158,5.936359264887869
171,algoQD,1,38,0.9984718746609158,5.771756558679044
172,algoQD,1,38,0.9984718746609158,5.208476085681468
173,algoQD,1,38,0.9984718746609158,6.197062531951815
174,algoQD,1,38,0.9984718746609158,5.70334248105064
175,algoQD,1,38,0.9984718746609158,5.56536214100197
176,algoQD,1,38,0.9984718746609158,6.115056958980858
177,algoQD,1,38,0.9984718746609158,6.492895307019353
178,algoQD,1,38,0.9984718746609158,5.326156907249242
179,algoQD,1,38,0.9984718746609158,5.097524045966566
180,algoQD,1,38,0.9984718746609158,6.057198883034289
181,algoQD,1,38,0.9984718746609158,5.761751186102629
182,algoQD,1,38,0.9984718746609158,5.374420295003802
183,algoQD,1,38,0.9984718746609158,5.288383426144719
184,algoQD,1,38,0.9984718746609158,5.894178498070687
185,algoQD,1,38,0.9984718746609158,6.322083179838955
186,algoQD,1,38,0.9984718746609158,6.267952035181224
187,algoQD,1,38,0.9984718746609158,5.2088403343223035
188,algoQD,1,38,0.9984718746609158,5.745036348700523
189,algoQD,1,38,0.9984718746609158,5.815190584398806
190,algoQD,1,38,0.9984718746609158,5.71211930224672
191,algoQD,1,38,0.9984718746609158,5.804484887979925
192,algoQD,1,39,0.9984718746609158,5.31811933265999
193,algoQD,1,39,0.9984718746609158,6.081359136849642
194,algoQD,1,39,0.9984718746609158,5.166207261849195
195,algoQD,1,39,0.9984718746609158,5.337684684898704
196,algoQD,1,39,0.9984718746609158,5.633082268293947
197,algoQD,1,39,0.9984718746609158,6.072325631044805
198,algoQD,1,39,0.9984718746609158,5.794808789622039
199,algoQD,1,40,0.9984718746609158,5.904994724318385
200,algoQD,2,41,0.9984718746609158,6.815422159153968
201,algoQD,2,41,0.9984718746609158,5.18996014771983
202,algoQD,2,41,0.9984718746609158,5.886185981333256
203,algoQD,2,41,0.9984718746609158,5.535835050046444
204,algoQD,2,41,0.9984718746609158,6.034918662160635
205,algoQD,2,41,0.9984718746609158,6.149697215761989
206,algoQD,2,41,0.9984718746609158,5.397385828197002
207,algoQD,2,41,0.9984718746609158,5.264720883220434
208,algoQD,2,41,0.9984718746609158,5.116185845807195
209,algoQD,2,41,0.9984718746609158,5.7139898939058185
210,algoQD,2,41,0.9984718746609158,5.55781013565138
211,algoQD,2,41,0.9984718746609158,4.8747465568594635
212,algoQD,2,41,0.9984718746609158,4.863450456876308
213,algoQD,2,41,0.9984718746609158,5.887764193117619
214,algoQD,2,41,0.9984718746609158,5.259805786889046
215,algoQD,2,41,0.9984718746609158,5.4885244951583445
216,algoQD,2,41,0.9984718746609158,5.471901038661599
217,algoQD,2,41,0.9984718746609158,5.087455879896879
218,algoQD,2,41,0.9984718746609158,5.757244098931551
219,algoQD,2,41,0.9984718746609158,5.38309045182541
220,algoQD,2,41,0.9984718746609158,5.118681659922004
221,algoQD,2,41,0.9984718746609158,5.632907657884061
222,algoQD,2,41,0.9984718746609158,6.010895696934313
223,algoQD,2,41,0.9984718746609158,6.213839552365243
224,algoQD,2,41,0.9984718746609158,5.327649543993175
225,algoQD,2,41,0.9984718746609158,6.046124109998345
226,algoQD,2,41,0.9984718746609158,5.590803836006671
227,algoQD,2,41,0.9984718746609158,5.7190025937743485
228,algoQD,2,41,0.9984718746609158,5.46904262015596
229,algoQD,2,41,0.9984718746609158,6.305066192988306
230,algoQD,2,42,0.9984718746609158,6.679192869924009
231,algoQD,2,42,0.9984718746609158,5.989087878726423
232,algoQD,2,42,0.9984718746609158,6.408623951021582
233,algoQD,2,42,0.9984718746609158,5.775540193077177
234,algoQD,2,42,0.9984718746609158,5.310927825048566
235,algoQD,2,42,0.9984718746609158,5.375571747776121
236,algoQD,2,42,0.9984718746609158,6.239268810953945
237,algoQD,2,42,0.9984718746609158,5.870989162009209
238,algoQD,2,42,0.9984718746609158,5.490474176593125
239,algoQD,2,42,0.9984718746609158,6.033866344019771
240,algoQD,2,43,0.9984718746609158,5.511244816239923
241,algoQD,2,43,0.9984718746609158,6.088795773219317
242,algoQD,2,43,0.9984718746609158,6.087159992195666
243,algoQD,2,43,0.9984718746609158,5.802052238024771
244,algoQD,2,43,0.9984718746609158,4.970702062826604
245,algoQD,2,43,0.9984718746609158,5.402393979951739
246,algoQD,2,44,0.9984718746609158,5.199510058853775
247,algoQD,2,44,0.9984718746609158,5.801978068891913
248,algoQD,2,44,0.9984718746609158,5.999093140941113
249,algoQD,2,44,0.9984718746609158,5.955216281116009
250,algoQD,2,44,0.9984718746609158,5.892892419826239
251,algoQD,2,44,0.9984718746609158,6.5545908459462225
252,algoQD,2,44,0.9984718746609158,5.787444773130119
253,algoQD,2,44,0.9984718746609158,5.7323829513043165
254,algoQD,2,44,0.9984718746609158,5.655451335944235
255,algoQD,2,44,0.9984718746609158,6.179206152912229
256,algoQD,2,44,0.9984718746609158,6.319330180995166
257,algoQD,2,44,0.9984718746609158,6.08946408610791
258,algoQD,2,44,0.9984718746609158,6.404208259191364
259,algoQD,2,44,0.9984718746609158,5.527793218847364
260,algoQD,2,44,0.9984718746609158,5.675346720032394
261,algoQD,2,44,0.9984718746609158,5.8144950941205025
262,algoQD,2,44,0.9984718746609158,5.5635496391914785
263,algoQD,2,44,0.9984718746609158,6.26593288499862
264,algoQD,2,44,0.9984718746609158,6.038986355066299
265,algoQD,2,45,0.9984718746609158,5.942361806053668
266,algoQD,2,45,0.9984718746609158,6.034104824066162
267,algoQD,2,45,0.9984718746609158,5.394510896876454
268,algoQD,2,45,0.9984718746609158,5.331327944993973
269,algoQD,2,45,0.9984718746609158,5.835662493947893
270,algoQD,2,45,0.9984718746609158,5.449435930233449
271,algoQD,2,46,0.9984718746609158,5.814877727068961
272,algoQD,2,46,0.9984718746609158,5.687191407661885
273,algoQD,2,46,0.9984718746609158,6.58646288793534
274,algoQD,2,46,0.9984718746609158,5.596763265319169
275,algoQD,2,46,0.9984718746609158,6.2600352028384805
276,algoQD,2,46,0.9984718746609158,5.484925685916096
277,algoQD,2,46,0.9984718746609158,6.394017437007278
278,algoQD,2,46,0.9984718746609158,6.319002612028271
279,algoQD,2,46,0.9984718746609158,5.925505852792412
280,algoQD,2,46,0.9984718746609158,6.1895461971871555
281,algoQD,2,47,0.9984718746609158,5.9350488618947566
282,algoQD,2,47,0.9984718746609158,5.678518533241004
283,algoQD,2,47,0.9984718746609158,5.039457031991333
284,algoQD,2,47,0.9984718746609158,6.21519573405385
285,algoQD,2,47,0.9984718746609158,5.567538935225457
286,algoQD,2,47,0.9984718746609158,5.09938748087734
287,algoQD,2,47,0.9984718746609158,6.215931283310056
288,algoQD,2,47,0.9984718746609158,6.142069046385586
289,algoQD,2,47,0.9984718746609158,5.349949202965945
290,algoQD,2,47,0.9984718746609158,5.197098623029888
291,algoQD,2,47,0.9984718746609158,5.840388001408428
292,algoQD,2,47,0.9984718746609158,5.806541007943451
293,algoQD,2,48,0.9984718746609158,5.57310525001958
294,algoQD,2,48,0.9984718746609158,5.898093146272004
295,algoQD,2,48,0.9984718746609158,5.61329350201413
296,algoQD,2,48,0.9984718746609158,6.22355781076476
297,algoQD,2,48,0.9984718746609158,5.760673587676138
298,algoQD,2,48,0.9984718746609158,5.714928806759417
299,algoQD,2,49,0.9984718746609158,5.149327595252544
300,algoQD,3,49,0.9984718746609158,5.477478435728699
301,algoQD,3,49,0.9984718746609158,5.288228933699429
302,algoQD,3,49,0.9984718746609158,5.748858827166259
303,algoQD,3,49,0.9984718746609158,5.79711807705462
304,algoQD,3,49,0.9984718746609158,5.670950696803629
305,algoQD,3,49,0.9984718746609158,5.249644050374627
306,algoQD,3,49,0.9984718746609158,5.826458214782178
307,algoQD,3,50,0.9984718746609158,5.744336294941604
308,algoQD,3,50,0.9984718746609158,5.310643617995083
309,algoQD,3,50,0.9984718746609158,5.88885196717456
310,algoQD,3,50,0.9984718746609158,5.454733216203749
311,algoQD,3,50,0.9984718746609158,4.849510471802205
312,algoQD,3,50,0.9984718746609158,5.342344384640455
313,algoQD,3,50,0.9984718746609158,5.06811503181234
314,algoQD,3,50,0.9984718746609158,5.398149963002652
315,algoQD,3,50,0.9984718746609158,6.00865015713498
316,algoQD,3,50,0.9984718746609158,5.840936367865652
317,algoQD,3,50,0.9984718746609158,6.340426203794777
318,algoQD,3,50,0.9984718746609158,6.3689410630613565
319,algoQD,3,50,0.9984718746609158,5.672229680698365
320,algoQD,3,50,0.9984718746609158,6.309699867386371
321,algoQD,3,50,0.9984718746609158,5.46749324304983
322,algoQD,3,50,0.9984718746609158,6.074774904642254
323,algoQD,3,50,0.9984718746609158,5.57266998803243
324,algoQD,3,50,0.9984718746609158,5.894067019689828
325,algoQD,3,50,0.9984718746609158,5.653867915272713
326,algoQD,3,50,0.9984718746609158,6.159486890770495
327,algoQD,3,50,0.9984718746609158,6.210629737004638
328,algoQD,3,50,0.9984718746609158,6.453687533736229
329,algoQD,3,50,0.9984718746609158,6.378861125092953
330,algoQD,3,50,0.9984718746609158,5.469546447973698
331,algoQD,3,50,0.9984718746609158,6.427816718816757
332,algoQD,3,50,0.9984718746609158,5.293666546232998
333,algoQD,3,50,0.9984718746609158,6.147696387022734
334,algoQD,3,50,0.9984718746609158,6.418837415985763
335,algoQD,3,50,0.9984718746609158,5.658697907812893
336,algoQD,3,50,0.9984718746609158,6.414012531749904
337,algoQD,3,50,0.9984718746609158,6.193212443031371
338,algoQD,3,50,0.9984718746609158,5.798842744901776
339,algoQD,3,50,0.9984718746609158,5.620274820830673
340,algoQD,3,50,0.9984718746609158,5.9785477463155985
341,algoQD,3,50,0.9984718746609158,5.220889297313988
342,algoQD,3,50,0.9984718746609158,5.09530363464728
343,algoQD,3,50,0.9984718746609158,5.269102199934423
344,algoQD,3,50,0.9984718746609158,5.863715650048107
345,algoQD,3,50,0.9984718746609158,5.377261098008603
346,algoQD,3,50,0.9984718746609158,5.854746777098626
347,algoQD,3,50,0.9984718746609158,5.589652379974723
348,algoQD,3,50,0.9984718746609158,5.521551507059485
349,algoQD,3,50,0.9984718746609158,5.3744618208147585
350,algoQD,3,50,0.9984718746609158,5.910819686949253
351,algoQD,3,50,0.9984718746609158,4.991155582014471
352,algoQD,3,50,0.9984718746609158,5.1959144859574735
353,algoQD,3,50,0.9984718746609158,5.227564278058708
354,algoQD,3,50,0.9984718746609158,6.006871466059238
355,algoQD,3,50,0.9984718746609158,5.534033758100122
356,algoQD,3,50,0.9984718746609158,5.9707114030607045
357,algoQD,3,50,0.9984718746609158,5.5158829083666205
358,algoQD,3,50,0.9984718746609158,5.543977732770145
359,algoQD,3,50,0.9984718746609158,4.807319066021591
360,algoQD,3,51,0.9984718746609158,6.286801910027862
361,algoQD,3,51,0.9984718746609158,6.2131545771844685
362,algoQD,3,51,0.9984718746609158,5.845875618979335
363,algoQD,3,51,0.9984718746609158,5.5556199280545115
364,algoQD,3,51,0.9984718746609158,5.586525132879615
365,algoQD,3,51,0.9984718746609158,5.196974408812821
366,algoQD,3,51,0.9984718746609158,5.940570502076298
367,algoQD,3,51,0.9984718746609158,5.209627422038466
368,algoQD,3,51,0.9984718746609158,5.046770859044045
369,algoQD,3,51,0.9984718746609158,5.425760099198669
370,algoQD,3,51,0.9984718746609158,5.843741986900568
371,algoQD,3,51,0.9984718746609158,5.853747428860515
372,algoQD,3,51,0.9984718746609158,5.694152599200606
373,algoQD,3,51,0.9984718746609158,6.230276382993907
374,algoQD,3,51,0.9984718746609158,5.799740170594305
375,algoQD,3,51,0.9984718746609158,5.870992668438703
376,algoQD,3,51,0.9984718746609158,6.710882727056742
377,algoQD,3,51,0.9984718746609158,6.608287306968123
378,algoQD,3,51,0.9984718746609158,6.648693887051195
379,algoQD,3,51,0.9984718746609158,6.073651507962495
380,algoQD,3,51,0.9984718746609158,5.847751680295914
381,algoQD,3,51,0.9984718746609158,5.915960940998048
382,algoQD,3,51,0.9984718746609158,5.753678368870169
383,algoQD,3,51,0.9984718746609158,5.712634609080851
384,algoQD,3,51,0.9984718746609158,5.867368040140718
385,algoQD,3,51,0.9984718746609158,5.772732754703611
386,algoQD,3,51,0.9984718746609158,5.4790457948111
387,algoQD,3,51,0.9984718746609158,6.3367185816168785
388,algoQD,3,51,0.9984718746609158,6.205362234264612
389,algoQD,3,51,0.9984718746609158,5.662566480226815
390,algoQD,3,51,0.9984718746609158,5.264506889972836
391,algoQD,3,51,0.9984718746609158,6.305751028936356
392,algoQD,3,52,0.9984718746609158,6.04623798886314
393,algoQD,3,52,0.9984718746609158,6.388282707892358
394,algoQD,3,52,0.9984718746609158,5.891106616239995
395,algoQD,3,52,0.9984718746609158,5.356374315917492
396,algoQD,3,52,0.9984718746609158,5.226799183059484
397,algoQD,3,52,0.9984718746609158,6.371533064171672
398,algoQD,3,52,0.9984718746609158,5.419502555858344
399,algoQD,3,52,0.9984718746609158,6.149027707986534
400,algoQD,4,52,0.9984718746609158,5.540541562251747
401,algoQD,4,52,0.9984718746609158,5.21975878207013
402,algoQD,4,52,0.9984718746609158,5.190693330951035
403,algoQD,4,52,0.9984718746609158,5.455851416103542
404,algoQD,4,52,0.9984718746609158,5.53661454282701
405,algoQD,4,52,0.9984718746609158,6.254812827799469
406,algoQD,4,52,0.9984718746609158,7.040957235265523
407,algoQD,4,52,0.9984718746609158,5.800250431988388
408,algoQD,4,52,0.9984718746609158,5.9733800971880555
409,algoQD,4,52,0.9984718746609158,6.1215712879784405
410,algoQD,4,52,0.9984718746609158,6.2806670712307096
411,algoQD,4,52,0.9984718746609158,5.804738089907914
412,algoQD,4,52,0.9984718746609158,5.133485426194966
413,algoQD,4,52,0.9984718746609158,5.931987788993865
414,algoQD,4,52,0.9984718746609158,5.919896475970745
415,algoQD,4,52,0.9984718746609158,5.398143996018916
416,algoQD,4,52,0.9984718746609158,6.368413459975272
417,algoQD,4,52,0.9984718746609158,6.351632789708674
418,algoQD,4,52,0.9984718746609158,5.518717152997851
419,algoQD,4,52,0.9984718746609158,5.533752265851945
420,algoQD,4,52,0.9984718746609158,5.878604035824537
421,algoQD,4,52,0.9984718746609158,5.129971025045961
422,algoQD,4,52,0.9984718746609158,6.277254473417997
423,algoQD,4,53,0.9984718746609158,5.81014761980623
424,algoQD,4,53,0.9984718746609158,5.7037242241203785
425,algoQD,4,54,0.9984718746609158,6.352416099049151
426,algoQD,4,54,0.9984718746609158,5.999970011413097
427,algoQD,4,54,0.9984718746609158,6.04764915490523
428,algoQD,4,54,0.9984718746609158,5.9157584477216005
429,algoQD,4,54,0.9984718746609158,5.482660913839936
430,algoQD,4,54,0.9984718746609158,5.3565106322057545
431,algoQD,4,54,0.9984718746609158,5.516586920246482
432,algoQD,4,54,0.9984718746609158,4.787604941055179
433,algoQD,4,54,0.9984718746609158,6.0218619289807975
434,algoQD,4,54,0.9984718746609158,5.313410558737814
435,algoQD,4,54,0.9984718746609158,5.204160283785313
436,algoQD,4,54,0.9984718746609158,5.317472632043064
437,algoQD,4,54,0.9984718746609158,5.960125065874308
438,algoQD,4,54,0.9984718746609158,5.402783048804849
439,algoQD,4,54,0.9984718746609158,5.617297299206257
440,algoQD,4,54,0.9984718746609158,6.254813638050109
441,algoQD,4,54,0.9984718746609158,6.156920889858156
442,algoQD,4,54,0.9984718746609158,5.883314345031977
443,algoQD,4,54,0.9984718746609158,5.875036526937038
444,algoQD,4,54,0.9984718746609158,6.010410905815661
445,algoQD,4,54,0.9984718746609158,5.575513279996812
446,algoQD,4,54,0.9984718746609158,5.075560894794762
447,algoQD,4,54,0.9984718746609158,5.042185521684587
448,algoQD,4,54,0.9984718746609158,5.668156369589269
449,algoQD,4,54,0.9984718746609158,5.276898739859462
450,algoQD,4,54,0.9984718746609158,6.063001860398799
451,algoQD,4,54,0.9984718746609158,5.2000192501582205
452,algoQD,4,54,0.9984718746609158,5.459374492056668
453,algoQD,4,54,0.9984718746609158,6.604241344612092
454,algoQD,4,54,0.9984718746609158,6.041398817207664
455,algoQD,4,54,0.9984718746609158,5.373532780911773
456,algoQD,4,54,0.9984718746609158,6.149523966945708
457,algoQD,4,54,0.9984718746609158,5.918821626342833
458,algoQD,4,54,0.9984718746609158,6.1683670952916145
459,algoQD,4,54,0.9984718746609158,6.545634564943612
460,algoQD,4,54,0.9984718746609158,5.106660286895931
461,algoQD,4,54,0.9984718746609158,6.127423743717372
462,algoQD,4,54,0.9984718746609158,6.294377712998539
463,algoQD,4,55,0.9984718746609158,5.590405645314604
464,algoQD,4,55,0.9984718746609158,6.327689944766462
465,algoQD,4,55,0.9984718746609158,6.342419693246484
466,algoQD,4,55,0.9984718746609158,6.496208399068564
467,algoQD,4,55,0.9984718746609158,6.707963875960559
468,algoQD,4,55,0.9984718746609158,5.956019930075854
469,algoQD,4,55,0.9984718746609158,5.771097125019878
470,algoQD,4,55,0.9984718746609158,6.740417838096619
471,algoQD,4,55,0.9984718746609158,6.481305395253003
472,algoQD,4,55,0.9984718746609158,5.725875031668693
473,algoQD,4,55,0.9984718746609158,6.434958215802908
474,algoQD,4,55,0.9984718746609158,5.660011333879083
475,algoQD,4,55,0.9984718746609158,6.111489973030984
476,algoQD,4,55,0.9984718746609158,6.168061267118901
477,algoQD,4,55,0.9984718746609158,6.287769699003547
478,algoQD,4,55,0.9984718746609158,5.600800693035126
479,algoQD,4,55,0.9984718746609158,6.442168928217143
480,algoQD,4,55,0.9984718746609158,5.30368250887841
481,algoQD,4,55,0.9984718746609158,6.097436933778226
482,algoQD,4,55,0.9984718746609158,5.080485749058425
483,algoQD,4,55,0.9984718746609158,5.077101876959205
484,algoQD,4,55,0.9984718746609158,6.235757807735354
485,algoQD,4,55,0.9984718746609158,5.1485410877503455
486,algoQD,4,55,0.9984718746609158,5.693799525965005
487,algoQD,4,55,0.9984718746609158,5.137657867744565
488,algoQD,4,55,0.9984718746609158,5.5116727338172495
489,algoQD,4,55,0.9984718746609158,5.527592157945037
490,algoQD,4,55,0.9984718746609158,6.0887530581094325
491,algoQD,4,55,0.9984718746609158,6.535779867321253
492,algoQD,4,55,0.9984718746609158,5.77706119325012
493,algoQD,4,55,0.9984718746609158,6.213777342811227
494,algoQD,4,56,0.9984718746609158,6.882367879617959
495,algoQD,4,57,0.9984718746609158,6.443382660858333
496,algoQD,4,58,0.9984718746609158,6.494278944097459
497,algoQD,4,58,0.9984718746609158,5.780473197810352
498,algoQD,4,58,0.9984718746609158,4.998936727177352
499,algoQD,4,58,0.9984718746609158,5.7465609116479754
500,algoQD,5,58,0.9984718746609158,5.102706299163401
501,algoQD,5,58,0.9984718746609158,5.518256059847772
502,algoQD,5,58,0.9984718746609158,5.494846715591848
503,algoQD,5,58,0.9984718746609158,5.630853879265487
504,algoQD,5,58,0.9984718746609158,5.9291972373612225
505,algoQD,5,58,0.9984718746609158,5.951560384593904
506,algoQD,5,58,0.9984718746609158,5.988521102350205
507,algoQD,5,58,0.9984718746609158,5.767455947119743
508,algoQD,5,58,0.9984718746609158,6.791198521852493
509,algoQD,5,58,0.9984718746609158,5.481612433213741
510,algoQD,5,58,0.9984718746609158,5.041628430131823
511,algoQD,5,58,0.9984718746609158,6.502852172125131
512,algoQD,5,58,0.9984718746609158,5.663863992318511
513,algoQD,5,58,0.9984718746609158,5.396128147374839
514,algoQD,5,58,0.9984718746609158,5.85237578721717
515,algoQD,5,58,0.9984718746609158,5.539325934834778
516,algoQD,5,58,0.9984718746609158,5.9897389421239495
517,algoQD,5,59,0.9984718746609158,6.33078101510182
518,algoQD,5,59,0.9984718746609158,5.7803248087875545
519,algoQD,5,59,0.9984718746609158,5.387500990182161
520,algoQD,5,59,0.9984718746609158,6.36276509007439
521,algoQD,5,59,0.9984718746609158,5.509539172053337
522,algoQD,5,59,0.9984718746609158,5.31474498892203
523,algoQD,5,59,0.9984718746609158,5.880243574269116
524,algoQD,5,59,0.9984718746609158,6.178672613110393
525,algoQD,5,59,0.9984718746609158,5.71364606032148
526,algoQD,5,59,0.9984718746609158,6.113116525113583
527,algoQD,5,59,0.9984718746609158,6.05951619381085
528,algoQD,5,59,0.9984718746609158,5.96401954209432
529,algoQD,5,59,0.9984718746609158,5.575615422800183
530,algoQD,5,59,0.9984718746609158,5.9263240289874375
531,algoQD,5,59,0.9984718746609158,5.805527673568577
532,algoQD,5,59,0.9984718746609158,5.293685022741556
533,algoQD,5,59,0.9984718746609158,5.710288858041167
534,algoQD,5,59,0.9984718746609158,5.247571035753936
535,algoQD,5,59,0.9984718746609158,5.096372091211379
536,algoQD,5,59,0.9984718746609158,5.895489635877311
537,algoQD,5,59,0.9984718746609158,6.566455679945648
538,algoQD,5,59,0.9984718746609158,5.4565274328924716
539,algoQD,5,59,0.9984718746609158,5.5230931378901005
540,algoQD,5,59,0.9984718746609158,6.045344601850957
541,algoQD,5,59,0.9984718746609158,5.307051194831729
542,algoQD,5,59,0.9984718746609158,5.706825865898281
543,algoQD,5,59,0.9984718746609158,5.54472009697929
544,algoQD,5,59,0.9984718746609158,5.016984142828733
545,algoQD,5,60,0.9984718746609158,5.48157218657434
546,algoQD,5,60,0.9984718746609158,6.1999284899793565
547,algoQD,5,60,0.9984718746609158,5.7592714740894735
548,algoQD,5,61,0.9984718746609158,5.626841237768531
549,algoQD,5,61,0.9984718746609158,5.024320061318576
550,algoQD,5,61,0.9984718746609158,5.4415686428546906
551,algoQD,5,61,0.9984718746609158,4.977873875293881
552,algoQD,5,61,0.9984718746609158,5.066724732052535
553,algoQD,5,61,0.9984718746609158,5.906978422310203
554,algoQD,5,61,0.9984718746609158,5.6768859517760575
555,algoQD,5,61,0.9984718746609158,5.930451646912843
556,algoQD,5,61,0.9984718746609158,6.229827266186476
557,algoQD,5,61,0.9984718746609158,5.783064514864236
558,algoQD,5,61,0.9984718746609158,5.585665033664554
559,algoQD,5,61,0.9984718746609158,5.373159171082079
560,algoQD,5,61,0.9984718746609158,5.7948722979053855
561,algoQD,5,61,0.9984718746609158,6.1248787133954465
562,algoQD,5,61,0.9984718746609158,5.144711649045348
563,algoQD,5,61,0.9984718746609158,5.577968325000256
564,algoQD,5,61,0.9984718746609158,5.807255321647972
565,algoQD,5,61,0.9984718746609158,5.022080365102738
566,algoQD,5,61,0.9984718746609158,5.440434105694294
567,algoQD,5,61,0.9984718746609158,6.036096377298236
568,algoQD,5,61,0.9984718746609158,5.538669301662594
569,algoQD,5,61,0.9984718746609158,5.812413075938821
570,algoQD,5,61,0.9984718746609158,5.753700277302414
571,algoQD,5,61,0.9984718746609158,5.353498226031661
572,algoQD,5,61,0.9984718746609158,5.4774441458284855
573,algoQD,5,61,0.9984718746609158,5.067376468330622
574,algoQD,5,61,0.9984718746609158,5.89733524993062
575,algoQD,5,61,0.9984718746609158,6.276133331935853
576,algoQD,5,61,0.9984718746609158,5.847450929228216
577,algoQD,5,61,0.9984718746609158,5.269325248897076
578,algoQD,5,61,0.9984718746609158,5.433471983298659
579,algoQD,5,61,0.9984718746609158,5.51102831074968
580,algoQD,5,61,0.9984718746609158,6.196204622276127
581,algoQD,5,61,0.9984718746609158,5.9753634398803115
582,algoQD,5,61,0.9984718746609158,6.324625873938203
583,algoQD,5,61,0.9984718746609158,5.7304161777719855
584,algoQD,5,61,0.9984718746609158,5.004013212863356
585,algoQD,5,61,0.9984718746609158,5.515495631843805
586,algoQD,5,61,0.9984718746609158,5.20407845498994
587,algoQD,5,61,0.9984718746609158,5.768240676727146
588,algoQD,5,61,0.9984718746609158,5.591123276855797
589,algoQD,5,61,0.9984718746609158,5.334132902789861
590,algoQD,5,61,0.9984718746609158,5.3218389470130205
591,algoQD,5,61,0.9984718746609158,5.846471318043768
592,algoQD,5,61,0.9984718746609158,5.368756193201989
593,algoQD,5,61,0.9984718746609158,6.505618543829769
594,algoQD,5,61,0.9984718746609158,5.736230772919953
595,algoQD,5,61,0.9984718746609158,5.586589292157441
596,algoQD,5,61,0.9984718746609158,5.802865309175104
597,algoQD,5,61,0.9984718746609158,6.207866664044559
598,algoQD,5,61,0.9984718746609158,5.437730087898672
599,algoQD,5,61,0.9984718746609158,6.112091515678912
600,algoQD,6,61,0.9984718746609158,5.384922232013196
601,algoQD,6,61,0.9984718746609158,5.152310336008668
602,algoQD,6,61,0.9984718746609158,5.731202444061637
603,algoQD,6,61,0.9984718746609158,5.691857502795756
604,algoQD,6,61,0.9984718746609158,5.428224790841341
605,algoQD,6,61,0.9984718746609158,5.2059328579343855
606,algoQD,6,61,0.9984718746609158,5.047669788822532
607,algoQD,6,61,0.9984718746609158,5.458215718157589
608,algoQD,6,61,0.9984718746609158,5.372332178987563
609,algoQD,6,61,0.9984718746609158,5.087034868076444
610,algoQD,6,61,0.9984718746609158,5.153120234142989
611,algoQD,6,61,0.9984718746609158,5.373657882679254
612,algoQD,6,61,0.9984718746609158,5.747266191057861
613,algoQD,6,61,0.9984718746609158,5.266585662961006
614,algoQD,6,61,0.9984718746609158,5.226036257110536
615,algoQD,6,61,0.9984718746609158,5.3340690322220325
616,algoQD,6,61,0.9984718746609158,5.615894844289869
617,algoQD,6,62,0.9984718746609158,5.468332261312753
618,algoQD,6,62,0.9984718746609158,6.021331592928618
619,algoQD,6,62,0.9984718746609158,5.364422515034676
620,algoQD,6,62,0.9984718746609158,5.945175698958337
621,algoQD,6,63,0.9984718746609158,6.370244706980884
622,algoQD,6,63,0.9984718746609158,5.950248943641782
623,algoQD,6,64,0.9984718746609158,6.733775005210191
624,algoQD,6,64,0.9984718746609158,5.633931169752032
625,algoQD,6,64,0.9984718746609158,5.970558573957533
626,algoQD,6,64,0.9984718746609158,5.671485356986523
627,algoQD,6,64,0.9984718746609158,5.313116138335317
628,algoQD,6,64,0.9984718746609158,5.44285899726674
629,algoQD,6,64,0.9984718746609158,5.514978724997491
630,algoQD,6,64,0.9984718746609158,6.145682897418737
631,algoQD,6,64,0.9984718746609158,6.135035191196948
632,algoQD,6,64,0.9984718746609158,5.826232082210481
633,algoQD,6,64,0.9984718746609158,5.698819566052407
634,algoQD,6,64,0.9984718746609158,6.399916704278439
635,algoQD,6,64,0.9984718746609158,5.288416274823248
636,algoQD,6,64,0.9984718746609158,5.1891089752316475
637,algoQD,6,64,0.9984718746609158,5.2073380830697715
638,algoQD,6,65,0.9984718746609158,6.56204421306029
639,algoQD,6,65,0.9984718746609158,6.0945002916269
640,algoQD,6,65,0.9984718746609158,5.885075259022415
641,algoQD,6,65,0.9984718746609158,6.248411059845239
642,algoQD,6,65,0.9984718746609158,6.757203366141766
643,algoQD,6,65,0.9984718746609158,6.044493549969047
644,algoQD,6,65,0.9984718746609158,6.056455308105797
645,algoQD,6,65,0.9984718746609158,6.10651557194069
646,algoQD,6,65,0.9984718746609158,6.164640502072871
647,algoQD,6,65,0.9984718746609158,5.8483300297521055
648,algoQD,6,65,0.9984718746609158,5.528248764574528
649,algoQD,6,65,0.9984718746609158,5.976220720913261
650,algoQD,6,65,0.9984718746609158,5.55911718076095
651,algoQD,6,65,0.9984718746609158,5.219593153800815
652,algoQD,6,65,0.9984718746609158,5.610150110907853
653,algoQD,6,65,0.9984718746609158,5.100756048224866
654,algoQD,6,65,0.9984718746609158,5.056156350765377
655,algoQD,6,65,0.9984718746609158,5.659022772219032
656,algoQD,6,65,0.9984718746609158,5.221878862939775
657,algoQD,6,65,0.9984718746609158,5.142154889181256
658,algoQD,6,65,0.9984718746609158,5.678187137003988
659,algoQD,6,65,0.9984718746609158,6.161165996920317
660,algoQD,6,65,0.9984718746609158,5.971906349994242
661,algoQD,6,65,0.9984718746609158,6.106653293129057
662,algoQD,6,65,0.9984718746609158,5.331862584222108
663,algoQD,6,65,0.9984718746609158,5.751397155225277
664,algoQD,6,65,0.9984718746609158,5.218182689975947
665,algoQD,6,65,0.9984718746609158,5.653609084896743
666,algoQD,6,65,0.9984718746609158,5.675642289221287
667,algoQD,6,65,0.9984718746609158,6.3641572068445385
668,algoQD,6,65,0.9984718746609158,6.1921833348460495
669,algoQD,6,65,0.9984718746609158,5.839211783837527
670,algoQD,6,65,0.9984718746609158,6.018783679697663
671,algoQD,6,65,0.9984718746609158,5.787465706001967
672,algoQD,6,65,0.9984718746609158,6.14692070428282
673,algoQD,6,65,0.9984718746609158,5.813562536612153
674,algoQD,6,65,0.9984718746609158,5.544114698655903
675,algoQD,6,65,0.9984718746609158,6.005938822869211
676,algoQD,6,65,0.9984718746609158,6.065370301250368
677,algoQD,6,65,0.9984718746609158,5.335476690903306
678,algoQD,6,65,0.9984718746609158,5.533106190152466
679,algoQD,6,65,0.9984718746609158,5.248879413120449
680,algoQD,6,65,0.9984718746609158,6.167505503166467
681,algoQD,6,65,0.9984718746609158,6.38978978106752
682,algoQD,6,65,0.9984718746609158,5.452001398894936
683,algoQD,6,66,0.9984718746609158,5.725481514818966
684,algoQD,6,66,0.9984718746609158,5.566093761008233
685,algoQD,6,67,0.9984718746609158,6.554359416011721
686,algoQD,6,67,0.9984718746609158,5.247988889925182
687,algoQD,6,67,0.9984718746609158,5.421401860192418
688,algoQD,6,67,0.9984718746609158,5.072492192965001
689,algoQD,6,67,0.9984718746609158,5.235567713622004
690,algoQD,6,67,0.9984718746609158,5.798743721097708
691,algoQD,6,67,0.9984718746609158,5.239289876073599
692,algoQD,6,67,0.9984718746609158,5.8005606648512185
693,algoQD,6,67,0.9984718746609158,6.254283524118364
694,algoQD,6,67,0.9984718746609158,6.761509231291711
695,algoQD,6,67,0.9984718746609158,5.834809917025268
696,algoQD,6,67,0.9984718746609158,5.417283109854907
697,algoQD,6,67,0.9984718746609158,5.964790256693959
698,algoQD,6,67,0.9984718746609158,5.374585956800729
699,algoQD,6,67,0.9984718746609158,5.92713976604864
700,algoQD,7,67,0.9984718746609158,6.739959300030023
701,algoQD,7,67,0.9984718746609158,6.186282115988433
702,algoQD,7,67,0.9984718746609158,5.642261506989598
703,algoQD,7,67,0.9984718746609158,5.973923880141228
704,algoQD,7,67,0.9984718746609158,6.2526605180464685
705,algoQD,7,67,0.9984718746609158,5.498680835124105
706,algoQD,7,67,0.9984718746609158,5.856922462116927
707,algoQD,7,67,0.9984718746609158,6.597848043777049
708,algoQD,7,67,0.9984718746609158,5.424108023289591
709,algoQD,7,67,0.9984718746609158,5.835643252823502
710,algoQD,7,67,0.9984718746609158,5.544002598151565
711,algoQD,7,67,0.9984718746609158,5.808367833029479
712,algoQD,7,67,0.9984718746609158,6.384155458305031
713,algoQD,7,67,0.9984718746609158,5.07186571881175
714,algoQD,7,67,0.9984718746609158,5.358918657992035
715,algoQD,7,67,0.9984718746609158,5.76257901918143
716,algoQD,7,67,0.9984718746609158,5.800689487718046
717,algoQD,7,67,0.9984718746609158,5.461048590950668
718,algoQD,7,67,0.9984718746609158,5.468516569118947
719,algoQD,7,67,0.9984718746609158,5.223117894027382
720,algoQD,7,67,0.9984718746609158,5.2386969262734056
721,algoQD,7,67,0.9984718746609158,5.36153762601316
722,algoQD,7,67,0.9984718746609158,5.659755066037178
723,algoQD,7,67,0.9984718746609158,5.816853727214038
724,algoQD,7,67,0.9984718746609158,6.158490712754428
725,algoQD,7,67,0.9984718746609158,5.526707723271102
726,algoQD,7,67,0.9984718746609158,5.689650693908334
727,algoQD,7,67,0.9984718746609158,5.735487287864089
728,algoQD,7,67,0.9984718746609158,5.73936526523903
729,algoQD,7,67,0.9984718746609158,6.508605357259512
730,algoQD,7,67,0.9984718746609158,5.166076451074332
731,algoQD,7,67,0.9984718746609158,5.052725018933415
732,algoQD,7,67,0.9984718746609158,6.069752671290189
733,algoQD,7,67,0.9984718746609158,5.540463129989803
734,algoQD,7,67,0.9984718746609158,5.591747967060655
735,algoQD,7,67,0.9984718746609158,5.591709214262664
736,algoQD,7,67,0.9984718746609158,5.342355405911803
737,algoQD,7,67,0.9984718746609158,4.933910535182804
738,algoQD,7,67,0.9984718746609158,5.74258904485032
739,algoQD,7,67,0.9984718746609158,5.189158136956394
740,algoQD,7,68,0.9984718746609158,5.636214510072023
741,algoQD,7,68,0.9984718746609158,5.390940811019391
742,algoQD,7,68,0.9984718746609158,5.478652806021273
743,algoQD,7,69,0.9984718746609158,6.110483537893742
744,algoQD,7,69,0.9984718746609158,4.9138238173909485
745,algoQD,7,69,0.9984718746609158,5.0869266130030155
746,algoQD,7,69,0.9984718746609158,5.804832389112562
747,algoQD,7,69,0.9984718746609158,5.387903392780572
748,algoQD,7,69,0.9984718746609158,5.149304829072207
749,algoQD,7,69,0.9984718746609158,5.9197379420511425
750,algoQD,7,69,0.9984718746609158,5.492445134092122
751,algoQD,7,69,0.9984718746609158,4.884523111395538
752,algoQD,7,69,0.9984718746609158,5.2408817070536315
753,algoQD,7,69,0.9984718746609158,5.286689267959446
754,algoQD,7,69,0.9984718746609158,5.7019986947998405
755,algoQD,7,69,0.9984718746609158,4.915835386142135
756,algoQD,7,69,0.9984718746609158,5.054236866068095
757,algoQD,7,69,0.9984718746609158,5.801360079087317
758,algoQD,7,69,0.9984718746609158,5.2252628691494465
759,algoQD,7,69,0.9984718746609158,5.974641584325582
760,algoQD,7,69,0.9984718746609158,5.772573303896934
761,algoQD,7,69,0.9984718746609158,5.1494501838460565
762,algoQD,7,69,0.9984718746609158,4.941866445820779
763,algoQD,7,70,0.9984718746609158,5.968125614803284
764,algoQD,7,70,0.9984718746609158,6.184338657185435
765,algoQD,7,70,0.9984718746609158,5.337093552108854
766,algoQD,7,70,0.9984718746609158,5.499570947140455
767,algoQD,7,70,0.9984718746609158,5.523204824887216
768,algoQD,7,70,0.9984718746609158,6.173547870945185
769,algoQD,7,70,0.9984718746609158,5.897288718260825
770,algoQD,7,70,0.9984718746609158,5.659553456120193
771,algoQD,7,70,0.9984718746609158,5.187201344873756
772,algoQD,7,70,0.9984718746609158,5.482310195919126
773,algoQD,7,70,0.9984718746609158,5.839860644657165
774,algoQD,7,70,0.9984718746609158,5.710260201711208
775,algoQD,7,70,0.9984718746609158,5.231458484660834
776,algoQD,7,70,0.9984718746609158,5.7932947017252445
777,algoQD,7,70,0.9984718746609158,5.879185747820884
778,algoQD,7,70,0.9984718746609158,6.170527333859354
779,algoQD,7,70,0.9984718746609158,5.769460161682218
780,algoQD,7,70,0.9984718746609158,5.673497830983251
781,algoQD,7,70,0.9984718746609158,5.699773801956326
782,algoQD,7,70,0.9984718746609158,5.643530476372689
783,algoQD,7,70,0.9984718746609158,5.314869545865804
784,algoQD,7,70,0.9984718746609158,5.69131892779842
785,algoQD,7,70,0.9984718746609158,5.158434187062085
786,algoQD,7,70,0.9984718746609158,5.3147186720743775
787,algoQD,7,70,0.9984718746609158,6.271442133933306
788,algoQD,7,70,0.9984718746609158,5.934541856870055
789,algoQD,7,70,0.9984718746609158,6.317018094938248
790,algoQD,7,70,0.9984718746609158,6.13332566106692
791,algoQD,7,70,0.9984718746609158,5.119384162593633
792,algoQD,7,70,0.9984718746609158,5.873440152965486
793,algoQD,7,70,0.9984718746609158,5.814299134071916
794,algoQD,7,70,0.9984718746609158,6.007368342019618
795,algoQD,7,70,0.9984718746609158,5.707864867057651
796,algoQD,7,70,0.9984718746609158,5.7927596303634346
797,algoQD,7,70,0.9984718746609158,5.920352621003985
798,algoQD,7,70,0.9984718746609158,6.044927690178156
799,algoQD,7,70,0.9984718746609158,5.606023565866053
800,algoQD,8,70,0.9984718746609158,5.246416112873703
801,algoQD,8,70,0.9984718746609158,5.202431477140635
802,algoQD,8,70,0.9984718746609158,5.757200651802123
803,algoQD,8,70,0.9984718746609158,5.5078914649784565
804,algoQD,8,70,0.9984718746609158,5.446625531185418
805,algoQD,8,70,0.9984718746609158,5.1523573361337185
806,algoQD,8,70,0.9984718746609158,5.408262495882809
807,algoQD,8,70,0.9984718746609158,6.190472354181111
808,algoQD,8,70,0.9984718746609158,5.487219932023436
809,algoQD,8,70,0.9984718746609158,5.559942780993879
810,algoQD,8,70,0.9984718746609158,4.951520903967321
811,algoQD,8,70,0.9984718746609158,6.079566509928554
812,algoQD,8,70,0.9984718746609158,5.7497760551050305
813,algoQD,8,70,0.9984718746609158,5.294346804730594
814,algoQD,8,70,0.9984718746609158,4.879268414806575
815,algoQD,8,70,0.9984718746609158,5.722276193089783
816,algoQD,8,70,0.9984718746609158,5.820180844981223
817,algoQD,8,70,0.9984718746609158,5.330701835919172
818,algoQD,8,70,0.9984718746609158,5.323721359018236
819,algoQD,8,70,0.9984718746609158,5.893937326036394
820,algoQD,8,70,0.9984718746609158,5.045141503214836
821,algoQD,8,70,0.9984718746609158,5.32704984722659
822,algoQD,8,70,0.9984718746609158,5.610686767380685
823,algoQD,8,70,0.9984718746609158,5.402578896842897
824,algoQD,8,70,0.9984718746609158,6.076920689549297
825,algoQD,8,70,0.9984718746609158,5.534897855948657
826,algoQD,8,70,0.9984718746609158,5.4256814629770815
827,algoQD,8,70,0.9984718746609158,5.175799974706024
828,algoQD,8,70,0.9984718746609158,5.403161307796836
829,algoQD,8,70,0.9984718746609158,5.303519965149462
830,algoQD,8,70,0.9984718746609158,5.421790121123195
831,algoQD,8,70,0.9984718746609158,5.395609229803085
832,algoQD,8,70,0.9984718746609158,5.581024399027228
833,algoQD,8,70,0.9984718746609158,6.381914629135281
834,algoQD,8,70,0.9984718746609158,5.645913617685437
835,algoQD,8,70,0.9984718746609158,6.1152432998642325
836,algoQD,8,70,0.9984718746609158,5.488569071050733
837,algoQD,8,70,0.9984718746609158,5.857196244876832
838,algoQD,8,70,0.9984718746609158,5.72974375076592
839,algoQD,8,70,0.9984718746609158,5.699985712300986
840,algoQD,8,70,0.9984718746609158,6.475789868738502
841,algoQD,8,70,0.9984718746609158,6.9255125797353685
842,algoQD,8,70,0.9984718746609158,5.614070518873632
843,algoQD,8,70,0.9984718746609158,5.838914557360113
844,algoQD,8,71,0.9984718746609158,5.894187950994819
845,algoQD,8,71,0.9984718746609158,5.831169405952096
846,algoQD,8,71,0.9984718746609158,5.741720166988671
847,algoQD,8,71,0.9984718746609158,6.188171267043799
848,algoQD,8,71,0.9984718746609158,6.001333020161837
849,algoQD,8,71,0.9984718746609158,5.7462074547074735
850,algoQD,8,72,0.9984718746609158,5.790819956921041
851,algoQD,8,72,0.9984718746609158,5.5588912148959935
852,algoQD,8,72,0.9984718746609158,6.290862142108381
853,algoQD,8,72,0.9984718746609158,5.129789300262928
854,algoQD,8,72,0.9984718746609158,5.974477543961257
855,algoQD,8,72,0.9984718746609158,5.8868701150640845
856,algoQD,8,72,0.9984718746609158,5.9539525783620775
857,algoQD,8,72,0.9984718746609158,5.724780013319105
858,algoQD,8,72,0.9984718746609158,5.768669419921935
859,algoQD,8,72,0.9984718746609158,5.911835149396211
860,algoQD,8,72,0.9984718746609158,6.061987068038434
861,algoQD,8,73,0.9984718746609158,5.956383069045842
862,algoQD,8,73,0.9984718746609158,6.001426726114005
863,algoQD,8,73,0.9984718746609158,6.428492164239287
864,algoQD,8,73,0.9984718746609158,5.89453187957406
865,algoQD,8,73,0.9984718746609158,5.810027884319425
866,algoQD,8,73,0.9984718746609158,6.236946524120867
867,algoQD,8,73,0.9984718746609158,5.913122811820358
868,algoQD,8,73,0.9984718746609158,6.187471184879541
869,algoQD,8,73,0.9984718746609158,5.308950332924724
870,algoQD,8,73,0.9984718746609158,5.128995420411229
871,algoQD,8,73,0.9984718746609158,5.97552073514089
872,algoQD,8,73,0.9984718746609158,6.343136388808489
873,algoQD,8,73,0.9984718746609158,6.004425932187587
874,algoQD,8,74,0.9984718746609158,6.335674971807748
875,algoQD,8,74,0.9984718746609158,5.88373709609732
876,algoQD,8,74,0.9984718746609158,6.458941960241646
877,algoQD,8,74,0.9984718746609158,5.902114456985146
878,algoQD,8,74,0.9984718746609158,5.34303823299706
879,algoQD,8,74,0.9984718746609158,5.848063661716878
880,algoQD,8,74,0.9984718746609158,5.050012754742056
881,algoQD,8,74,0.9984718746609158,6.410466128028929
882,algoQD,8,74,0.9984718746609158,5.987601077184081
883,algoQD,8,74,0.9984718746609158,6.355391391087323
884,algoQD,8,74,0.9984718746609158,5.4571782681159675
885,algoQD,8,75,0.9984718746609158,6.397166172042489
886,algoQD,8,75,0.9984718746609158,6.425052796024829
887,algoQD,8,75,0.9984718746609158,5.63836566824466
888,algoQD,8,75,0.9984718746609158,6.245440400205553
889,algoQD,8,75,0.9984718746609158,5.773023114074022
890,algoQD,8,75,0.9984718746609158,5.246879918966442
891,algoQD,8,75,0.9984718746609158,6.788611704017967
892,algoQD,8,75,0.9984718746609158,5.991165291983634
893,algoQD,8,75,0.9984718746609158,6.8238269737921655
894,algoQD,8,75,0.9984718746609158,5.762426154688001
895,algoQD,8,75,0.9984718746609158,6.533084470778704
896,algoQD,8,76,0.9984718746609158,5.561989848036319
897,algoQD,8,76,0.9984718746609158,5.236449213232845
898,algoQD,8,76,0.9984718746609158,5.776995248161256
899,algoQD,8,76,0.9984718746609158,6.248436850029975
900,algoQD,9,76,0.9984718746609158,5.717804294079542
901,algoQD,9,77,0.9984718746609158,6.210181680042297
902,algoQD,9,77,0.9984718746609158,6.357323221862316
903,algoQD,9,77,0.9984718746609158,6.155128533020616
904,algoQD,9,77,0.9984718746609158,6.314597151707858
905,algoQD,9,77,0.9984718746609158,6.127150624990463
906,algoQD,9,77,0.9984718746609158,5.817537511698902
907,algoQD,9,77,0.9984718746609158,6.277213315945119
908,algoQD,9,77,0.9984718746609158,5.508490327280015
909,algoQD,9,77,0.9984718746609158,5.619177928194404
910,algoQD,9,77,0.9984718746609158,5.601510129868984
911,algoQD,9,77,0.9984718746609158,6.708698111120611
912,algoQD,9,77,0.9984718746609158,5.71708435472101
913,algoQD,9,77,0.9984718746609158,5.337119090836495
914,algoQD,9,77,0.9984718746609158,5.8157243062742054
915,algoQD,9,77,0.9984718746609158,5.534229371696711
916,algoQD,9,77,0.9984718746609158,6.196827970445156
917,algoQD,9,77,0.9984718746609158,5.327989581972361
918,algoQD,9,77,0.9984718746609158,6.038877417799085
919,algoQD,9,77,0.9984718746609158,6.4183757421560585
920,algoQD,9,77,0.9984718746609158,5.111721226014197
921,algoQD,9,77,0.9984718746609158,5.297025435138494
922,algoQD,9,77,0.9984718746609158,6.525153830181807
923,algoQD,9,77,0.9984718746609158,5.422013767063618
924,algoQD,9,77,0.9984718746609158,5.699342247098684
925,algoQD,9,77,0.9984718746609158,5.773483845870942
926,algoQD,9,77,0.9984718746609158,5.687334042042494
927,algoQD,9,77,0.9984718746609158,5.307257468812168
928,algoQD,9,77,0.9984718746609158,5.560543077997863
929,algoQD,9,77,0.9984718746609158,6.11297689890489
930,algoQD,9,78,0.9984718746609158,5.962712067179382
931,algoQD,9,78,0.9984718746609158,6.645003666169941
932,algoQD,9,78,0.9984718746609158,6.10088562592864
933,algoQD,9,78,0.9984718746609158,5.63446141500026
934,algoQD,9,78,0.9984718746609158,6.160365174990147
935,algoQD,9,78,0.9984718746609158,5.595057363156229
936,algoQD,9,78,0.9984718746609158,6.303361483849585
937,algoQD,9,78,0.9984718746609158,5.648933405056596
938,algoQD,9,79,0.9984718746609158,5.505182311404496
939,algoQD,9,79,0.9984718746609158,5.231034206692129
940,algoQD,9,79,0.9984718746609158,5.392015395220369
941,algoQD,9,79,0.9984718746609158,5.387873099185526
942,algoQD,9,79,0.9984718746609158,5.5158136948011816
943,algoQD,9,79,0.9984718746609158,5.931246703024954
944,algoQD,9,79,0.9984718746609158,5.296436255797744
945,algoQD,9,79,0.9984718746609158,5.794638492166996
946,algoQD,9,79,0.9984718746609158,5.500224412884563
947,algoQD,9,79,0.9984718746609158,5.889053891878575
948,algoQD,9,79,0.9984718746609158,5.277322645764798
949,algoQD,9,79,0.9984718746609158,5.143195842858404
950,algoQD,9,79,0.9984718746609158,5.182701816782355
951,algoQD,9,79,0.9987827724880642,5.0647893459536135
952,algoQD,9,79,0.9987827724880642,5.714981704950333
953,algoQD,9,79,0.9987827724880642,5.611114848870784
954,algoQD,9,79,0.9987827724880642,6.416669875849038
955,algoQD,9,79,0.9987827724880642,6.224808181170374
956,algoQD,9,79,0.9987827724880642,6.124177920166403
957,algoQD,9,79,0.9987827724880642,6.469005551189184
958,algoQD,9,79,0.9987827724880642,5.25268734479323
959,algoQD,9,79,0.9987827724880642,5.628978978376836
960,algoQD,9,80,0.9987827724880642,5.699786806944758
961,algoQD,9,80,0.9987827724880642,5.3327574343420565
962,algoQD,9,80,0.9987827724880642,5.921918259933591
963,algoQD,9,80,0.9987827724880642,5.4798175897449255
964,algoQD,9,80,0.9987827724880642,5.4385871682316065
965,algoQD,9,80,0.9987827724880642,5.114069058094174
966,algoQD,9,80,0.9987827724880642,5.891189476940781
967,algoQD,9,80,0.9987827724880642,5.722499297000468
968,algoQD,9,80,0.9987827724880642,5.635472955182195
969,algoQD,9,80,0.9987827724880642,5.971095806919038
970,algoQD,9,80,0.9987827724880642,5.696298277005553
971,algoQD,9,80,0.9987827724880642,5.805192380212247
972,algoQD,9,80,0.9987827724880642,5.559108548332006
973,algoQD,9,80,0.9987827724880642,6.6201214380562305
974,algoQD,9,80,0.9987827724880642,5.163797504268587
975,algoQD,9,80,0.9987827724880642,5.735451015178114
976,algoQD,9,80,0.9987827724880642,5.460220247041434
977,algoQD,9,80,0.9987827724880642,4.8964933808892965
978,algoQD,9,80,0.9987827724880642,4.909317709971219
979,algoQD,9,80,0.9987827724880642,5.746633381117135
980,algoQD,9,80,0.9987827724880642,5.181734680663794
981,algoQD,9,80,0.9987827724880642,5.651264510117471
982,algoQD,9,80,0.9987827724880642,5.062883666716516
983,algoQD,9,80,0.9987827724880642,5.7577452240511775
984,algoQD,9,80,0.9987827724880642,5.547760959714651
985,algoQD,9,80,0.9987827724880642,5.44815859105438
986,algoQD,9,80,0.9987827724880642,6.047223606146872
987,algoQD,9,80,0.9987827724880642,5.226205463986844
988,algoQD,9,80,0.9987827724880642,4.991089233197272
989,algoQD,9,80,0.9987827724880642,5.4132750276476145
990,algoQD,9,80,0.9987827724880642,4.914180786814541
991,algoQD,9,80,0.9987827724880642,5.518412297125906
992,algoQD,9,80,0.9987827724880642,5.525062297936529
993,algoQD,9,80,0.9987827724880642,4.9883400388062
994,algoQD,9,80,0.9987827724880642,5.785598615184426
995,algoQD,9,80,0.9987827724880642,5.142531098332256
996,algoQD,9,80,0.9987827724880642,5.633625064045191
997,algoQD,9,80,0.9987827724880642,6.396380286198109
998,algoQD,9,80,0.9987827724880642,5.464332235045731
999,algoQD,9,80,0.9987827724880642,5.968850343953818
1000,algoQD,10,80,0.9987827724880642,5.799184110015631
1001,algoQD,10,80,0.9987827724880642,5.2659852667711675
1002,algoQD,10,80,0.9987827724880642,5.253664861898869
1003,algoQD,10,80,0.9987827724880642,5.1871046661399305
1004,algoQD,10,80,0.9987827724880642,5.428926437627524
1005,algoQD,10,80,0.9987827724880642,5.648625012952834
1006,algoQD,10,80,0.9987827724880642,5.363416584674269
1007,algoQD,10,80,0.9987827724880642,5.490005277097225
1008,algoQD,10,80,0.9987827724880642,5.004879515152425
1009,algoQD,10,80,0.9987827724880642,5.6283016270026565
1010,algoQD,10,80,0.9987827724880642,5.498609132133424
1011,algoQD,10,80,0.9987827724880642,4.931180553045124
1012,algoQD,10,80,0.9987827724880642,5.3196060778573155
1013,algoQD,10,80,0.9987827724880642,5.27672946639359
1014,algoQD,10,80,0.9987827724880642,5.612268697936088
1015,algoQD,10,80,0.9987827724880642,5.6830214648507535
1016,algoQD,10,80,0.9987827724880642,5.580538542941213
1017,algoQD,10,80,0.9987827724880642,4.975993694737554
1018,algoQD,10,80,0.9987827724880642,5.060608548112214
1019,algoQD,10,80,0.9987827724880642,4.753302915021777
1020,algoQD,10,80,0.9987827724880642,5.329289893619716
1021,algoQD,10,80,0.9987827724880642,5.367582707200199
1022,algoQD,10,80,0.9987827724880642,4.8887461656704545
1023,algoQD,10,80,0.9987827724880642,5.429542290978134
1024,algoQD,10,80,0.9987827724880642,5.829671847168356
1025,algoQD,10,81,0.9987827724880642,6.041237888857722
1026,algoQD,10,81,0.9987827724880642,5.517088802997023
1027,algoQD,10,81,0.9987827724880642,4.895074150059372
1028,algoQD,10,81,0.9987827724880642,5.609145256690681
1029,algoQD,10,81,0.9987827724880642,5.7705537411384284
1030,algoQD,10,81,0.9987827724880642,5.158903679344803
1031,algoQD,10,81,0.9987827724880642,5.400899650063366
1032,algoQD,10,81,0.9987827724880642,6.106408950872719
1033,algoQD,10,81,0.9987827724880642,5.470060376916081
1034,algoQD,10,81,0.9987827724880642,5.046431133989245
1035,algoQD,10,81,0.9987827724880642,5.723172829020768
1036,algoQD,10,81,0.9987827724880642,5.556943197268993
1037,algoQD,10,81,0.9987827724880642,5.0231495522893965
1038,algoQD,10,81,0.9987827724880642,5.898860367946327
1039,algoQD,10,81,0.9987827724880642,5.388347486034036
1040,algoQD,10,81,0.9987827724880642,5.499267395120114
1041,algoQD,10,81,0.9987827724880642,5.8792017488740385
1042,algoQD,10,81,0.9987827724880642,6.497008171863854
1043,algoQD,10,81,0.9987827724880642,6.394970653112978
1044,algoQD,10,81,0.9987827724880642,5.400764276273549
1045,algoQD,10,81,0.9987827724880642,6.1038086279295385
1046,algoQD,10,81,0.9987827724880642,5.6212197579443455
1047,algoQD,10,81,0.9987827724880642,6.911848021205515
1048,algoQD,10,81,0.9987827724880642,5.642460526898503
1049,algoQD,10,81,0.9987827724880642,5.489704429171979
1050,algoQD,10,81,0.9987827724880642,6.479582841973752
1051,algoQD,10,81,0.9987827724880642,6.017875132150948
1052,algoQD,10,81,0.9987827724880642,6.332278152927756
1053,algoQD,10,81,0.9987827724880642,6.256351963616908
1054,algoQD,10,81,0.9987827724880642,6.4800220020115376
1055,algoQD,10,81,0.9987827724880642,6.411486494820565
1056,algoQD,10,81,0.9987827724880642,6.009904283564538
1057,algoQD,10,81,0.9987827724880642,6.212661152239889
1058,algoQD,10,81,0.9987827724880642,6.485427434090525
1059,algoQD,10,81,0.9987827724880642,5.326112418901175
1060,algoQD,10,81,0.9987827724880642,5.378970569930971
1061,algoQD,10,81,0.9987827724880642,5.467985487077385
1062,algoQD,10,81,0.9987827724880642,5.773274440784007
1063,algoQD,10,81,0.9987827724880642,5.427561497781426
1064,algoQD,10,81,0.9987827724880642,5.615715819876641
1065,algoQD,10,81,0.9987827724880642,6.150484728161246
1066,algoQD,10,81,0.9987827724880642,5.269471133127809
1067,algoQD,10,81,0.9987827724880642,6.160900385119021
1068,algoQD,10,81,0.9987827724880642,5.76991228107363
1069,algoQD,10,81,0.9987827724880642,6.13646105537191
1070,algoQD,10,81,0.9987827724880642,5.588724839035422
1071,algoQD,10,81,0.9987827724880642,6.411966341082007
1072,algoQD,10,81,0.9998114479912652,5.201922289095819
1073,algoQD,10,81,0.9998114479912652,5.501201598905027
1074,algoQD,10,81,0.9998114479912652,5.3584448331967
1075,algoQD,10,81,0.9998114479912652,6.500863906927407
1076,algoQD,10,82,0.9998114479912652,5.746168612036854
1077,algoQD,10,82,0.9998114479912652,6.110337923746556
1078,algoQD,10,82,0.9998114479912652,6.313987348694354
1079,algoQD,10,83,0.9998114479912652,5.421557855792344
1080,algoQD,10,83,0.9998114479912652,5.917537382803857
1081,algoQD,10,83,0.9998114479912652,5.3206470953300595
1082,algoQD,10,84,0.9998114479912652,6.144312297925353
1083,algoQD,10,84,0.9998114479912652,5.097671929281205
1084,algoQD,10,84,0.9998114479912652,6.166048992890865
1085,algoQD,10,84,0.9998114479912652,5.750472644343972
1086,algoQD,10,84,0.9998114479912652,5.73251224309206
1087,algoQD,10,84,0.9998114479912652,5.259593061171472
1088,algoQD,10,84,0.9998114479912652,5.763573172036558
1089,algoQD,10,84,0.9998114479912652,5.767787295393646
1090,algoQD,10,84,0.9998114479912652,5.352060932200402
1091,algoQD,10,84,0.9998114479912652,5.564533545169979
1092,algoQD,10,84,0.9998114479912652,6.126235848292708
1093,algoQD,10,84,0.9998114479912652,5.629107742104679
1094,algoQD,10,84,0.9998114479912652,6.24916334496811
1095,algoQD,10,85,0.9998114479912652,6.908169050235301
1096,algoQD,10,85,0.9998114479912652,6.423382519278675
1097,algoQD,10,85,0.9998114479912652,6.066086443141103
1098,algoQD,10,85,0.9998114479912652,5.944430700968951
1099,algoQD,10,85,0.9998114479912652,6.61118393484503
1100,algoQD,11,85,0.9998114479912652,5.568903001956642
1101,algoQD,11,85,0.9998114479912652,5.879359616898
1102,algoQD,11,85,0.9998114479912652,6.013336075935513
1103,algoQD,11,85,0.9998114479912652,5.874985964037478
1104,algoQD,11,85,0.9998114479912652,5.73165936069563
1105,algoQD,11,85,0.9998114479912652,6.4369702390395105
1106,algoQD,11,85,0.9998114479912652,6.18881369009614
1107,algoQD,11,85,0.9998114479912652,5.556894765235484
1108,algoQD,11,85,0.9998114479912652,5.6526457578875124
1109,algoQD,11,85,0.9998114479912652,5.932957997079939
1110,algoQD,11,85,0.9998114479912652,6.139861567877233
1111,algoQD,11,85,0.9998114479912652,6.17214906681329
1112,algoQD,11,85,0.9998114479912652,6.032963146921247
1113,algoQD,11,85,0.9998114479912652,5.416746336966753
1114,algoQD,11,85,0.9998114479912652,6.095711160916835
1115,algoQD,11,85,0.9998114479912652,6.217474014963955
1116,algoQD,11,86,0.9998114479912652,6.702146980911493
1117,algoQD,11,86,0.9998114479912652,6.2109883818775415
1118,algoQD,11,86,0.9998114479912652,5.80901710735634
1119,algoQD,11,86,0.9998114479912652,5.652362162712961
1120,algoQD,11,86,0.9998114479912652,5.72859331779182
1121,algoQD,11,86,0.9998114479912652,5.754477009177208
1122,algoQD,11,86,0.9998114479912652,5.655867184046656
1123,algoQD,11,86,0.9998114479912652,5.808764759916812
1124,algoQD,11,86,0.9998114479912652,6.373765892349184
1125,algoQD,11,86,0.9998114479912652,5.769462278112769
1126,algoQD,11,86,0.9998114479912652,6.073374010622501
1127,algoQD,11,86,0.9998114479912652,5.421789744403213
1128,algoQD,11,86,0.9998114479912652,5.75573502574116
1129,algoQD,11,86,0.9998114479912652,5.80741668259725
1130,algoQD,11,86,0.9998114479912652,6.048021235968918
1131,algoQD,11,86,0.9998114479912652,6.161457458976656
1132,algoQD,11,86,0.9998114479912652,5.833612352143973
1133,algoQD,11,86,0.9998114479912652,5.4191775592044
1134,algoQD,11,86,0.9998114479912652,5.335472873877734
1135,algoQD,11,86,0.9998114479912652,5.57049609022215
1136,algoQD,11,86,0.9998114479912652,5.68172000721097
1137,algoQD,11,86,0.9998114479912652,5.837081415113062
1138,algoQD,11,87,0.9998114479912652,6.321178333833814
1139,algoQD,11,87,0.9998114479912652,6.537455686368048
1140,algoQD,11,87,0.9998114479912652,6.072398698888719
1141,algoQD,11,87,0.9998114479912652,5.5637380932457745
1142,algoQD,11,87,0.9998114479912652,5.463095359038562
1143,algoQD,11,87,0.9998114479912652,5.776945947203785
1144,algoQD,11,87,0.9998114479912652,5.482963734772056
1145,algoQD,11,87,0.9998114479912652,6.191743875853717
1146,algoQD,11,87,0.9998114479912652,6.2603137078695
1147,algoQD,11,87,0.9998114479912652,5.267396894283593
1148,algoQD,11,87,0.9998114479912652,6.033846253994852
1149,algoQD,11,87,0.9998114479912652,6.396746768150479
1150,algoQD,11,87,0.9998114479912652,5.393505440093577
1151,algoQD,11,87,0.9998114479912652,6.116490768268704
1152,algoQD,11,87,0.9998114479912652,5.80361445993185
1153,algoQD,11,87,0.9998114479912652,5.942333968356252
1154,algoQD,11,87,0.9998114479912652,5.7490669982507825
1155,algoQD,11,87,0.9998114479912652,5.9658597353845835
1156,algoQD,11,87,0.9998114479912652,6.144878376740962
1157,algoQD,11,87,0.9998114479912652,5.715086712036282
1158,algoQD,11,87,0.9998114479912652,5.362167064100504
1159,algoQD,11,87,0.9998114479912652,5.728820699267089
1160,algoQD,11,87,0.9998114479912652,4.898535330314189
1161,algoQD,11,87,0.9998114479912652,5.563207069877535
1162,algoQD,11,87,0.9998114479912652,6.247638832777739
1163,algoQD,11,87,0.9998114479912652,6.019186559133232
1164,algoQD,11,87,0.9998114479912652,5.726858742069453
1165,algoQD,11,87,0.9998114479912652,5.209413873031735
1166,algoQD,11,87,0.9998114479912652,6.51917828572914
1167,algoQD,11,87,0.9998114479912652,6.217358468100429
1168,algoQD,11,87,0.9998114479912652,5.250817193649709
1169,algoQD,11,87,0.9998114479912652,5.2190507389605045
1170,algoQD,11,87,0.9998114479912652,5.8839748171158135
1171,algoQD,11,87,0.9998114479912652,6.348534314893186
1172,algoQD,11,87,0.9998114479912652,5.299404744058847
1173,algoQD,11,87,0.9998114479912652,5.146751190070063
1174,algoQD,11,87,0.9998114479912652,5.372309554833919
1175,algoQD,11,87,0.9998114479912652,5.9823715579696
1176,algoQD,11,87,0.9998114479912652,5.187256923876703
1177,algoQD,11,87,0.9998114479912652,5.90980860311538
1178,algoQD,11,87,0.9998114479912652,5.896623672917485
1179,algoQD,11,87,0.9998114479912652,5.103860520757735
1180,algoQD,11,87,0.9998114479912652,5.7436468582600355
1181,algoQD,11,87,0.9998114479912652,5.638862661086023
1182,algoQD,11,87,0.9998114479912652,5.984963885042816
1183,algoQD,11,87,0.9998114479912652,5.27804290689528
1184,algoQD,11,87,0.9998114479912652,4.737128348089755
1185,algoQD,11,87,0.9998114479912652,5.654454136267304
1186,algoQD,11,87,0.9998114479912652,4.994468015618622
1187,algoQD,11,87,0.9998114479912652,5.457720215432346
1188,algoQD,11,87,0.9998114479912652,4.908753513824195
1189,algoQD,11,87,0.9998114479912652,5.223502207547426
1190,algoQD,11,87,0.9998114479912652,4.821824516635388
1191,algoQD,11,87,0.9998114479912652,5.109715861734003
1192,algoQD,11,87,0.9998114479912652,5.7600983288139105
1193,algoQD,11,87,0.9998114479912652,5.731568951159716
1194,algoQD,11,87,0.9998114479912652,5.095755429007113
1195,algoQD,11,87,0.9998114479912652,4.639089554082602
1196,algoQD,11,87,0.9998114479912652,4.944510345812887
1197,algoQD,11,87,0.9998114479912652,5.393159715924412
1198,algoQD,11,87,0.9998114479912652,4.98035590397194
1199,algoQD,11,87,0.9998114479912652,5.116895355749875
1200,algoQD,12,87,0.9998114479912652,5.084060022607446
1201,algoQD,12,87,0.9998114479912652,4.610568660311401
1202,algoQD,12,87,0.9998114479912652,5.199773619882762
1203,algoQD,12,88,0.9998114479912652,4.79219373781234
1204,algoQD,12,88,0.9998114479912652,5.4444620767608285
1205,algoQD,12,88,0.9998114479912652,5.509581610560417
1206,algoQD,12,88,0.9998114479912652,5.020673953928053
1207,algoQD,12,88,0.9998114479912652,5.600988727994263
1208,algoQD,12,88,0.9998114479912652,4.828690226655453
1209,algoQD,12,89,0.9998114479912652,5.120553588028997
1210,algoQD,12,89,0.9998114479912652,5.163148798979819
1211,algoQD,12,89,0.9998114479912652,4.538621498271823
1212,algoQD,12,89,0.9998114479912652,5.329895435832441
1213,algoQD,12,89,0.9998114479912652,4.63151456322521
1214,algoQD,12,90,0.9998114479912652,5.657218056265265
1215,algoQD,12,90,0.9998114479912652,5.339029903989285
1216,algoQD,12,90,0.9998114479912652,5.331435106229037
1217,algoQD,12,90,0.9998114479912652,4.618604793213308
1218,algoQD,12,90,0.9998114479912652,4.933197333011776
1219,algoQD,12,90,0.9998114479912652,5.143623982090503
1220,algoQD,12,90,0.9998114479912652,4.6335917371325195
1221,algoQD,12,90,0.9998114479912652,5.416887010913342
1222,algoQD,12,90,0.9998114479912652,5.572134947869927
1223,algoQD,12,90,0.9998114479912652,6.055063216947019
1224,algoQD,12,90,0.9998114479912652,5.060353687033057
1225,algoQD,12,90,0.9998114479912652,5.259436185006052
1226,algoQD,12,90,0.9998114479912652,5.569423784967512
1227,algoQD,12,90,0.9998114479912652,5.904416365083307
1228,algoQD,12,91,0.9998114479912652,5.935841823928058
1229,algoQD,12,91,0.9998114479912652,5.258446324151009
1230,algoQD,12,91,0.9998114479912652,6.070743591990322
1231,algoQD,12,91,0.9998114479912652,5.601922863163054
1232,algoQD,12,91,0.9998114479912652,6.007670903112739
1233,algoQD,12,91,0.9998114479912652,5.750826050993055
1234,algoQD,12,91,0.9998114479912652,5.413570936769247
1235,algoQD,12,91,0.9998114479912652,5.972411019727588
1236,algoQD,12,91,0.9998114479912652,5.761403605807573
1237,algoQD,12,91,0.9998114479912652,6.21634700614959
1238,algoQD,12,92,0.9998114479912652,6.104740257840604
1239,algoQD,12,92,0.9998114479912652,5.664658603258431
1240,algoQD,12,93,0.9998114479912652,6.7863504299893975
1241,algoQD,12,93,0.9998114479912652,6.50529527803883
1242,algoQD,12,93,0.9998114479912652,5.620513345114887
1243,algoQD,12,93,0.9998114479912652,5.012971411924809
1244,algoQD,12,93,0.9998114479912652,5.303113411180675
1245,algoQD,12,93,0.9998114479912652,5.573044115211815
1246,algoQD,12,93,0.9998114479912652,6.360359074082226
1247,algoQD,12,93,0.9998114479912652,5.762265163008124
1248,algoQD,12,93,0.9998114479912652,5.579647661186755
1249,algoQD,12,94,0.9998114479912652,6.586056173313409
1250,algoQD,12,94,0.9998114479912652,5.501497629098594
1251,algoQD,12,94,0.9998114479912652,5.680902690626681
1252,algoQD,12,94,0.9998114479912652,5.816943672019988
1253,algoQD,12,94,0.9998114479912652,6.245035734958947
1254,algoQD,12,94,0.9998114479912652,5.666067262645811
1255,algoQD,12,94,0.9998114479912652,5.986344204284251
1256,algoQD,12,94,0.9998114479912652,6.245883435942233
1257,algoQD,12,94,0.9998114479912652,5.559490429237485
1258,algoQD,12,94,0.9998114479912652,6.207366951741278
1259,algoQD,12,94,0.9998114479912652,6.034728761296719
1260,algoQD,12,94,0.9998114479912652,5.8256636848673224
1261,algoQD,12,94,0.9998114479912652,5.80485500395298
1262,algoQD,12,94,0.9998114479912652,5.707566766068339
1263,algoQD,12,94,0.9998114479912652,5.154040260706097
1264,algoQD,12,94,0.9998114479912652,6.519659344106913
1265,algoQD,12,94,0.9998114479912652,6.298762326128781
1266,algoQD,12,94,0.9998114479912652,5.202068044804037
1267,algoQD,12,94,0.9998114479912652,5.879251352977008
1268,algoQD,12,94,0.9998114479912652,6.097214090172201
1269,algoQD,12,94,0.9998114479912652,6.073718651663512
1270,algoQD,12,94,0.9998114479912652,5.62172670615837
1271,algoQD,12,94,0.9998114479912652,5.635676079895347
1272,algoQD,12,94,0.9998114479912652,5.896745753940195
1273,algoQD,12,94,0.9998114479912652,6.267102163750678
1274,algoQD,12,94,0.9998114479912652,5.579489110969007
1275,algoQD,12,94,0.9998114479912652,6.476994432043284
1276,algoQD,12,94,0.9998114479912652,6.069686464034021
1277,algoQD,12,94,0.9998114479912652,5.408179162070155
1278,algoQD,12,94,0.9998114479912652,5.9508472620509565
1279,algoQD,12,94,0.9998114479912652,6.404109468217939
1280,algoQD,12,94,0.9998114479912652,6.061974674928933
1281,algoQD,12,94,0.9998114479912652,6.194004317279905
1282,algoQD,12,94,0.9998114479912652,5.948851352091879
1283,algoQD,12,94,0.9998114479912652,6.156940023880452
1284,algoQD,12,94,0.9998114479912652,5.466532862745225
1285,algoQD,12,94,0.9998114479912652,5.483954979106784
1286,algoQD,12,94,0.9998114479912652,5.959791881032288
1287,algoQD,12,94,0.9998114479912652,5.325924455188215
1288,algoQD,12,94,0.9998114479912652,5.388049118686467
1289,algoQD,12,94,0.9998114479912652,6.61823104089126
1290,algoQD,12,94,0.9998114479912652,5.765688567887992
1291,algoQD,12,94,0.9998114479912652,5.232209692709148
1292,algoQD,12,94,0.9998114479912652,5.773636853788048
1293,algoQD,12,94,0.9998114479912652,6.2374550979584455
1294,algoQD,12,94,0.9998114479912652,6.477692588698119
1295,algoQD,12,94,0.9998114479912652,5.1619446887634695
1296,algoQD,12,94,0.9998114479912652,5.892076055984944
1297,algoQD,12,94,0.9998114479912652,5.854396442882717
1298,algoQD,12,94,0.9998114479912652,5.360890361946076
1299,algoQD,12,94,0.9998114479912652,6.736479782965034
1300,algoQD,13,94,0.9998114479912652,5.768952764105052
1301,algoQD,13,94,0.9998114479912652,6.3615831970237195
1302,algoQD,13,94,0.9998114479912652,5.529062429908663
1303,algoQD,13,94,0.9998114479912652,5.939908700995147
1304,algoQD,13,94,0.9998114479912652,5.77608388569206
1305,algoQD,13,94,0.9998114479912652,6.059724033344537
1306,algoQD,13,94,0.9998114479912652,5.849755354691297
1307,algoQD,13,94,0.9998114479912652,6.637807272840291
1308,algoQD,13,94,0.9998114479912652,6.489364759065211
1309,algoQD,13,94,0.9998114479912652,6.343009268864989
1310,algoQD,13,94,0.9998114479912652,6.130460517015308
1311,algoQD,13,94,0.9998114479912652,6.0892229420132935
1312,algoQD,13,94,0.9998114479912652,5.770012065768242
1313,algoQD,13,94,0.9998114479912652,5.679978758096695
1314,algoQD,13,94,0.9998114479912652,6.375144846737385
1315,algoQD,13,94,0.9998114479912652,5.75135947810486
1316,algoQD,13,94,0.9998114479912652,5.817836123984307
1317,algoQD,13,95,0.9998114479912652,5.792086869943887
1318,algoQD,13,95,0.9998114479912652,5.573401573579758
1319,algoQD,13,95,0.9998114479912652,5.998291986063123
1320,algoQD,13,95,0.9998114479912652,5.970397769007832
1321,algoQD,13,95,0.9998114479912652,5.887597345281392
1322,algoQD,13,95,0.9998114479912652,5.6134446719661355
1323,algoQD,13,95,0.9998114479912652,6.444028742145747
1324,algoQD,13,95,0.9998114479912652,6.026601389050484
1325,algoQD,13,95,0.9998114479912652,5.575510007329285
1326,algoQD,13,95,0.9998114479912652,5.392359753604978
1327,algoQD,13,95,0.9998114479912652,5.3488803948275745
1328,algoQD,13,95,0.9998114479912652,6.1651436891406775
1329,algoQD,13,95,0.9998114479912652,6.017308562062681
1330,algoQD,13,95,0.9998114479912652,5.818464059848338
1331,algoQD,13,95,0.9998114479912652,5.498313038144261
1332,algoQD,13,95,0.9998114479912652,6.165218401234597
1333,algoQD,13,95,0.9998114479912652,5.819540192838758
1334,algoQD,13,95,0.9998114479912652,5.726833092980087
1335,algoQD,13,95,0.9998114479912652,6.3333649770356715
1336,algoQD,13,95,0.9998114479912652,5.681077782995999
1337,algoQD,13,95,0.9998114479912652,5.761496148072183
1338,algoQD,13,95,0.9998114479912652,5.6472024181857705
1339,algoQD,13,95,0.9998114479912652,5.884845657739788
1340,algoQD,13,95,0.9998114479912652,5.5157171189785
1341,algoQD,13,95,0.9998114479912652,5.317263495177031
1342,algoQD,13,95,0.9998114479912652,5.633709224872291
1343,algoQD,13,95,0.9998114479912652,6.069425559602678
1344,algoQD,13,95,0.9998114479912652,6.6469847010448575
1345,algoQD,13,95,0.9998114479912652,5.590162067208439
1346,algoQD,13,95,0.9998114479912652,6.411102617625147
1347,algoQD,13,95,0.9998114479912652,5.451520859263837
1348,algoQD,13,95,0.9998114479912652,5.073659824207425
1349,algoQD,13,95,0.9998114479912652,6.264734663069248
1350,algoQD,13,95,0.9998114479912652,6.294376422185451
1351,algoQD,13,95,0.9998114479912652,5.741340219974518
1352,algoQD,13,95,0.9998114479912652,5.4050305229611695
1353,algoQD,13,95,0.9998114479912652,5.3418715740554035
1354,algoQD,13,95,0.9998114479912652,5.855417974293232
1355,algoQD,13,95,0.9998114479912652,6.531386915594339
1356,algoQD,13,95,0.9998114479912652,5.5774036650545895
1357,algoQD,13,95,0.9998114479912652,6.01443525403738
1358,algoQD,13,95,0.9998114479912652,6.0795917571522295
1359,algoQD,13,95,0.9998114479912652,5.61121591180563
1360,algoQD,13,95,0.9998114479912652,6.021596934180707
1361,algoQD,13,95,0.9998114479912652,5.648397144395858
1362,algoQD,13,95,0.9998114479912652,5.605895319953561
1363,algoQD,13,95,0.9998114479912652,6.3358137658797204
1364,algoQD,13,95,0.9998114479912652,5.533209454733878
1365,algoQD,13,95,0.9998114479912652,6.333195087034255
1366,algoQD,13,95,0.9998114479912652,6.068763851188123
1367,algoQD,13,95,0.9998114479912652,5.1695299204438925
1368,algoQD,13,95,0.9998114479912652,5.386913885828108
1369,algoQD,13,95,0.9998114479912652,6.184958451893181
1370,algoQD,13,95,0.9998114479912652,5.502826305106282
1371,algoQD,13,95,0.9998114479912652,5.9407697771675885
1372,algoQD,13,95,0.9998114479912652,5.778500571846962
1373,algoQD,13,95,0.9998114479912652,5.786130216438323
1374,algoQD,13,95,0.9998114479912652,6.177330601960421
1375,algoQD,13,95,0.9998114479912652,5.2389924568124115
1376,algoQD,13,95,0.9998114479912652,5.307460585143417
1377,algoQD,13,95,0.9998114479912652,5.216193134896457
1378,algoQD,13,95,0.9998114479912652,5.980000090785325
1379,algoQD,13,95,0.9998114479912652,5.923352042213082
1380,algoQD,13,95,0.9998114479912652,4.898108808323741
1381,algoQD,13,95,0.9998114479912652,5.765063417609781
1382,algoQD,13,95,0.9998114479912652,6.4561844752170146
1383,algoQD,13,95,0.9998114479912652,6.226561917923391
1384,algoQD,13,96,0.9998114479912652,5.273108908906579
1385,algoQD,13,96,0.9998114479912652,5.618072756100446
1386,algoQD,13,96,0.9998114479912652,5.58294443320483
1387,algoQD,13,96,0.9998114479912652,6.0467130918987095
1388,algoQD,13,96,0.9998114479912652,5.273737887851894
1389,algoQD,13,96,0.9998114479912652,6.416204187087715
1390,algoQD,13,96,0.9998114479912652,5.820627025794238
1391,algoQD,13,96,0.9998114479912652,5.522541760932654
1392,algoQD,13,96,0.9998114479912652,5.5678107417188585
1393,algoQD,13,96,0.9998114479912652,6.022930833976716
1394,algoQD,13,96,0.9998114479912652,5.776087554171681
1395,algoQD,13,96,0.9998114479912652,6.12565896473825
1396,algoQD,13,96,0.9998114479912652,6.146872923243791
1397,algoQD,13,96,0.9998114479912652,5.549811248201877
1398,algoQD,13,96,0.9998114479912652,5.088182367850095
1399,algoQD,13,97,0.9998114479912652,6.410568519029766
1400,algoQD,14,97,0.9998114479912652,6.237804506905377
1401,algoQD,14,97,0.9998114479912652,5.462618955876678
1402,algoQD,14,97,0.9998114479912652,5.658013862092048
1403,algoQD,14,97,0.9998114479912652,6.378994790837169
1404,algoQD,14,97,0.9998114479912652,5.975011616013944
1405,algoQD,14,97,0.9998114479912652,5.76684052310884
1406,algoQD,14,97,0.9998114479912652,5.154566982295364
1407,algoQD,14,97,0.9998114479912652,5.764606403186917
1408,algoQD,14,97,0.9998114479912652,6.033299220725894
1409,algoQD,14,97,0.9998114479912652,5.517613361123949
1410,algoQD,14,97,0.9998114479912652,5.24535514600575
1411,algoQD,14,97,0.9998114479912652,5.14412638777867
1412,algoQD,14,97,0.9998114479912652,6.14936389727518
1413,algoQD,14,97,0.9998114479912652,4.898024037014693
1414,algoQD,14,97,0.9998114479912652,5.782513803336769
1415,algoQD,14,97,0.9998114479912652,5.5994493630714715
1416,algoQD,14,97,0.9998114479912652,4.7689954289235175
1417,algoQD,14,97,0.9998114479912652,5.843710585962981
1418,algoQD,14,97,0.9998114479912652,5.443782470189035
1419,algoQD,14,97,0.9998114479912652,5.8060744241811335
1420,algoQD,14,97,0.9998114479912652,4.6783969341777265
1421,algoQD,14,97,0.9998114479912652,4.98126028617844
1422,algoQD,14,97,0.9998114479912652,4.989049411378801
1423,algoQD,14,97,0.9998114479912652,5.311753094661981
1424,algoQD,14,98,0.9998114479912652,5.465367239899933
1425,algoQD,14,98,0.9998114479912652,5.716647901106626
1426,algoQD,14,98,0.9998114479912652,5.545379555784166
1427,algoQD,14,98,0.9998114479912652,4.604582905769348
1428,algoQD,14,98,0.9998114479912652,5.247610548976809
1429,algoQD,14,98,0.9998114479912652,4.5538957682438195
1430,algoQD,14,98,0.9998114479912652,5.827089085243642
1431,algoQD,14,98,0.9998114479912652,5.065952201839536
1432,algoQD,14,98,0.9998114479912652,5.739241705276072
1433,algoQD,14,98,0.9998114479912652,5.209879736881703
1434,algoQD,14,98,0.9998114479912652,4.775411149952561
1435,algoQD,14,98,0.9998114479912652,4.761112056206912
1436,algoQD,14,98,0.9998114479912652,4.695127320941538
1437,algoQD,14,98,0.9998114479912652,5.3218750059604645
1438,algoQD,14,98,0.9998114479912652,5.564244956243783
1439,algoQD,14,99,0.9998114479912652,5.074211977422237
1440,algoQD,14,99,0.9998114479912652,4.946919448673725
1441,algoQD,14,99,0.9998114479912652,4.4098857888020575
1442,algoQD,14,99,0.9998114479912652,4.63965372974053
1443,algoQD,14,99,0.9998114479912652,5.07893498102203
1444,algoQD,14,99,0.9998114479912652,5.06443754164502
1445,algoQD,14,99,0.9998114479912652,4.9582609459757805
1446,algoQD,14,99,0.9998114479912652,4.7262069853022695
1447,algoQD,14,99,0.9998114479912652,5.51340318704024
1448,algoQD,14,99,0.9998114479912652,4.855456128716469
1449,algoQD,14,99,0.9998114479912652,4.442279716953635
1450,algoQD,14,100,0.9998114479912652,5.410730530042201
1451,algoQD,14,100,0.9998114479912652,4.974847270175815
1452,algoQD,14,100,0.9998114479912652,5.0574553911574185
1453,algoQD,14,100,0.9998114479912652,5.190138603094965
1454,algoQD,14,100,0.9998114479912652,5.033104327972978
1455,algoQD,14,100,0.9998114479912652,5.000203292816877
1456,algoQD,14,100,0.9998114479912652,5.052875630091876
1457,algoQD,14,100,0.9998114479912652,4.633831782732159
1458,algoQD,14,100,0.9998114479912652,4.74592574685812
1459,algoQD,14,100,0.9998114479912652,4.562607136089355
1460,algoQD,14,100,0.9998114479912652,5.193855113815516
1461,algoQD,14,101,0.9998114479912652,4.842820909339935
1462,algoQD,14,101,0.9998114479912652,4.980969957076013
1463,algoQD,14,101,0.9998114479912652,5.0267089670524
1464,algoQD,14,101,0.9998114479912652,5.19344583991915
1465,algoQD,14,101,0.9998114479912652,5.275567754171789
1466,algoQD,14,101,0.9998114479912652,5.593956957105547
1467,algoQD,14,101,0.9998114479912652,6.996297424193472
1468,algoQD,14,101,0.9998114479912652,5.68436020379886
1469,algoQD,14,101,0.9998114479912652,5.492168840952218
1470,algoQD,14,101,0.9998114479912652,5.400798476301134
1471,algoQD,14,101,0.9998114479912652,5.1952506001107395
1472,algoQD,14,101,0.9998114479912652,5.151744202245027
1473,algoQD,14,102,0.9998114479912652,6.610870795790106
1474,algoQD,14,102,0.9998114479912652,6.484605558216572
1475,algoQD,14,102,0.9998114479912652,5.93258653441444
1476,algoQD,14,102,0.9998114479912652,6.537201270926744
1477,algoQD,14,103,0.9998114479912652,6.867050386033952
1478,algoQD,14,103,0.9998114479912652,6.195004650391638
1479,algoQD,14,103,0.9998114479912652,5.94697592779994
1480,algoQD,14,103,0.9998114479912652,6.378481750842184
1481,algoQD,14,103,0.9998114479912652,6.430284855887294
1482,algoQD,14,103,0.9998114479912652,5.853662081062794
1483,algoQD,14,103,0.9998114479912652,6.062473494093865
1484,algoQD,14,103,0.9998114479912652,5.355201157741249
1485,algoQD,14,103,0.9998114479912652,5.817493032198399
1486,algoQD,14,103,0.9998114479912652,5.263908941298723
1487,algoQD,14,103,0.9998114479912652,6.01239375397563
1488,algoQD,14,103,0.9998114479912652,6.492101861163974
1489,algoQD,14,103,0.9998114479912652,5.8381933071650565
1490,algoQD,14,103,0.9998114479912652,6.292183838784695
1491,algoQD,14,103,0.9998114479912652,5.6141795250587165
1492,algoQD,14,103,0.9998114479912652,5.488204445224255
1493,algoQD,14,103,0.9998114479912652,5.638743140269071
1494,algoQD,14,103,0.9998114479912652,5.674932688940316
1495,algoQD,14,103,0.9998114479912652,6.011579036246985
1496,algoQD,14,103,0.9998114479912652,5.2600986417382956
1497,algoQD,14,103,0.9998114479912652,5.5010451739653945
1498,algoQD,14,103,0.9998114479912652,4.997166866902262
1499,algoQD,14,103,0.9998114479912652,5.583535864017904
1500,algoQD,15,103,0.9998114479912652,5.89571993611753
1501,algoQD,15,103,0.9998114479912652,5.924879413563758
1502,algoQD,15,103,0.9998114479912652,6.36888301698491
1503,algoQD,15,103,0.9998114479912652,5.798802170902491
1504,algoQD,15,103,0.9998114479912652,5.300613191910088
1505,algoQD,15,103,0.9998114479912652,5.265981986187398
1506,algoQD,15,103,0.9998114479912652,5.546231159009039
1507,algoQD,15,103,0.9998114479912652,5.54882241319865
1508,algoQD,15,103,0.9998114479912652,5.354105739854276
1509,algoQD,15,103,0.9998114479912652,5.729120239149779
1510,algoQD,15,103,0.9998114479912652,5.151116705965251
1511,algoQD,15,103,0.9998114479912652,5.815293124876916
1512,algoQD,15,103,0.9998114479912652,4.884882149286568
1513,algoQD,15,103,0.9998114479912652,4.9110461683012545
1514,algoQD,15,103,0.9998114479912652,5.009594473987818
1515,algoQD,15,103,0.9998114479912652,5.376582199707627
1516,algoQD,15,103,0.9998114479912652,5.171643523965031
1517,algoQD,15,103,0.9998114479912652,5.178866048809141
1518,algoQD,15,103,0.9998114479912652,5.4063317333348095
1519,algoQD,15,103,0.9998114479912652,5.932683897670358
1520,algoQD,15,103,0.9998114479912652,5.573597006965429
1521,algoQD,15,103,0.9998114479912652,5.20207009697333
1522,algoQD,15,103,0.9998114479912652,5.231477069668472
1523,algoQD,15,103,0.9998114479912652,5.865273315925151
1524,algoQD,15,103,0.9998114479912652,4.973687719088048
1525,algoQD,15,103,0.9998114479912652,5.033840999938548
1526,algoQD,15,103,0.9998114479912652,5.763292036019266
1527,algoQD,15,103,0.9998114479912652,5.260302888229489
1528,algoQD,15,103,0.9998114479912652,5.828906334005296
1529,algoQD,15,103,0.9998114479912652,5.159149701707065
1530,algoQD,15,103,0.9998114479912652,5.890105708967894
1531,algoQD,15,103,0.9998114479912652,5.106986615806818
1532,algoQD,15,103,0.9998114479912652,5.924668614752591
1533,algoQD,15,103,0.9998114479912652,4.809108290355653
1534,algoQD,15,104,0.9998114479912652,5.099829405080527
1535,algoQD,15,104,0.9998114479912652,5.979180168826133
1536,algoQD,15,104,0.9998114479912652,6.0419594487175345
1537,algoQD,15,104,0.9998114479912652,5.076043309178203
1538,algoQD,15,104,0.9998114479912652,4.966007770039141
1539,algoQD,15,104,0.9998114479912652,5.671483863610774
1540,algoQD,15,104,0.9998114479912652,5.368657739367336
1541,algoQD,15,104,0.9998114479912652,5.007648847997189
1542,algoQD,15,104,0.9998114479912652,5.669002806767821
1543,algoQD,15,104,0.9998114479912652,5.590723923407495
1544,algoQD,15,104,0.9998114479912652,5.436895634047687
1545,algoQD,15,104,0.9998114479912652,5.190347489900887
1546,algoQD,15,104,0.9998114479912652,6.196561450138688
1547,algoQD,15,104,0.9998114479912652,5.5910419835709035
1548,algoQD,15,104,0.9998114479912652,5.60841996408999
1549,algoQD,15,104,0.9998114479912652,5.492950541898608
1550,algoQD,15,104,0.9998114479912652,5.3902777950279415
1551,algoQD,15,104,0.9998114479912652,5.5348391071893275
1552,algoQD,15,104,0.9998114479912652,6.388152240775526
1553,algoQD,15,104,0.9998114479912652,5.864857490174472
1554,algoQD,15,104,0.9998114479912652,5.563694911077619
1555,algoQD,15,104,0.9998114479912652,6.187218769919127
1556,algoQD,15,104,0.9998114479912652,5.983689656946808
1557,algoQD,15,104,0.9998114479912652,5.455501934979111
1558,algoQD,15,104,0.9998114479912652,5.164454143028706
1559,algoQD,15,104,0.9998114479912652,5.761187118943781
1560,algoQD,15,104,0.9998114479912652,5.954462182242423
1561,algoQD,15,104,0.9998114479912652,4.936885223258287
1562,algoQD,15,104,0.9998114479912652,5.347907749004662
1563,algoQD,15,104,0.9998114479912652,6.007408254779875
1564,algoQD,15,104,0.9998114479912652,5.569978391751647
1565,algoQD,15,104,0.9998114479912652,5.665149276144803
1566,algoQD,15,104,0.9998114479912652,5.757392339874059
1567,algoQD,15,104,0.9998114479912652,5.791351565159857
1568,algoQD,15,104,0.9998114479912652,5.847219110000879
1569,algoQD,15,104,0.9998114479912652,5.779207022860646
1570,algoQD,15,104,0.9998114479912652,5.836270566098392
1571,algoQD,15,104,0.9998114479912652,6.332949482370168
1572,algoQD,15,104,0.9998114479912652,5.510320166125894
1573,algoQD,15,104,0.9998114479912652,5.362428831867874
1574,algoQD,15,104,0.9998114479912652,5.781967157032341
1575,algoQD,15,104,0.9998114479912652,5.413066134788096
1576,algoQD,15,104,0.9998114479912652,6.082706267014146
1577,algoQD,15,104,0.9998114479912652,5.751025712117553
1578,algoQD,15,104,0.9998114479912652,5.8549146479927
1579,algoQD,15,104,0.9998114479912652,6.251136353239417
1580,algoQD,15,104,0.9998114479912652,6.213307827711105
1581,algoQD,15,105,0.9998114479912652,6.430681786034256
1582,algoQD,15,105,0.9998114479912652,5.357233356684446
1583,algoQD,15,105,0.9998114479912652,6.227749350015074
1584,algoQD,15,105,0.9998114479912652,5.445216993801296
1585,algoQD,15,105,0.9998114479912652,5.223410482052714
1586,algoQD,15,105,0.9998114479912652,5.7523629679344594
1587,algoQD,15,105,0.9998114479912652,6.675034131854773
1588,algoQD,15,105,0.9998114479912652,5.36013624118641
1589,algoQD,15,105,0.9998114479912652,5.5102445730008185
1590,algoQD,15,105,0.9998114479912652,5.919927598908544
1591,algoQD,15,105,0.9998114479912652,5.534793550148606
1592,algoQD,15,105,0.9998114479912652,6.1151813683100045
1593,algoQD,15,105,0.9998114479912652,5.773321063257754
1594,algoQD,15,105,0.9998114479912652,5.916101119946688
1595,algoQD,15,105,0.9998114479912652,6.375957320909947
1596,algoQD,15,105,0.9998114479912652,6.592945522163063
1597,algoQD,15,105,0.9998114479912652,6.899194312281907
1598,algoQD,15,105,0.9998114479912652,5.3714739410206676
1599,algoQD,15,105,0.9998114479912652,6.742667304351926
1600,algoQD,16,105,0.9998114479912652,5.386214267928153
1601,algoQD,16,105,0.9998114479912652,5.694427669048309
1602,algoQD,16,105,0.9998114479912652,6.683232099283487
1603,algoQD,16,105,0.9998114479912652,5.436146869789809
1604,algoQD,16,105,0.9998114479912652,6.718956469092518
1605,algoQD,16,105,0.9998114479912652,5.191927223931998
1606,algoQD,16,105,0.9998114479912652,6.116050291340798
1607,algoQD,16,105,0.9998114479912652,6.267133772838861
1608,algoQD,16,105,0.9998114479912652,6.053778578992933
1609,algoQD,16,105,0.9998114479912652,6.297708325088024
1610,algoQD,16,105,0.9998114479912652,5.993447591084987
1611,algoQD,16,105,0.9998114479912652,5.6481178612448275
1612,algoQD,16,105,0.9998114479912652,5.726740872953087
1613,algoQD,16,105,0.9998114479912652,5.568529784679413
1614,algoQD,16,105,0.9998114479912652,5.867337115108967
1615,algoQD,16,105,0.9998114479912652,6.017682294826955
1616,algoQD,16,105,0.9998114479912652,5.4416477009654045
1617,algoQD,16,105,0.9998114479912652,5.423573355656117
1618,algoQD,16,105,0.9998114479912652,5.690861792303622
1619,algoQD,16,105,0.9998114479912652,6.069941170979291
1620,algoQD,16,105,0.9998114479912652,5.693546373862773
1621,algoQD,16,105,0.9998114479912652,5.961658887099475
1622,algoQD,16,105,0.9998114479912652,5.211815796326846
1623,algoQD,16,105,0.9998114479912652,5.470281185116619
1624,algoQD,16,105,0.9998114479912652,5.503791532013565
1625,algoQD,16,105,0.9998114479912652,5.615246421191841
1626,algoQD,16,105,0.9998114479912652,5.225437682121992
1627,algoQD,16,105,0.9998114479912652,5.540393850300461
1628,algoQD,16,105,0.9998114479912652,5.251570350956172
1629,algoQD,16,105,0.9998114479912652,5.631113886833191
1630,algoQD,16,105,0.9998114479912652,5.456422975286841
1631,algoQD,16,105,0.9998114479912652,5.95892671495676
1632,algoQD,16,105,0.9998114479912652,5.532487823627889
1633,algoQD,16,105,0.9998114479912652,6.335976641625166
1634,algoQD,16,105,0.9998114479912652,6.511795533820987
1635,algoQD,16,105,0.9998114479912652,5.062178684864193
1636,algoQD,16,106,0.9998114479912652,6.035417370963842
1637,algoQD,16,106,0.9998114479912652,5.964116930030286
1638,algoQD,16,106,0.9998114479912652,5.712006527930498
1639,algoQD,16,106,0.9998114479912652,6.137438525911421
1640,algoQD,16,106,0.9998114479912652,4.9645570600405335
1641,algoQD,16,106,0.9998114479912652,6.353910891804844
1642,algoQD,16,106,0.9998114479912652,5.17829200392589
1643,algoQD,16,107,0.9998114479912652,5.9705052790232
1644,algoQD,16,107,0.9998114479912652,5.096385157201439
1645,algoQD,16,107,0.9998114479912652,6.0232416479848325
1646,algoQD,16,107,0.9998114479912652,5.263891637790948
1647,algoQD,16,107,0.9998114479912652,4.942709405906498
1648,algoQD,16,107,0.9998114479912652,5.416001460980624
1649,algoQD,16,107,0.9998114479912652,6.036020006984472
1650,algoQD,16,107,0.9998114479912652,5.260651094838977
1651,algoQD,16,107,0.9998114479912652,6.115799143444747
1652,algoQD,16,107,0.9998114479912652,5.350671675987542
1653,algoQD,16,107,0.9998114479912652,5.764768342953175
1654,algoQD,16,107,0.9998114479912652,5.825407582800835
1655,algoQD,16,107,0.9998114479912652,5.8509073168970644
1656,algoQD,16,107,0.9998114479912652,5.715521776117384
1657,algoQD,16,107,0.9998114479912652,5.294947141781449
1658,algoQD,16,107,0.9998114479912652,5.3822225709445775
1659,algoQD,16,107,0.9998114479912652,6.056611170060933
1660,algoQD,16,107,0.9998114479912652,5.368792659603059
1661,algoQD,16,107,0.9998114479912652,6.067252202890813
1662,algoQD,16,107,0.9998114479912652,5.958867474924773
1663,algoQD,16,107,0.9998114479912652,5.638232232071459
1664,algoQD,16,107,0.9998114479912652,6.0665657161735
1665,algoQD,16,107,0.9998114479912652,6.186227950733155
1666,algoQD,16,107,0.9998114479912652,6.579681569244713
1667,algoQD,16,107,0.9998114479912652,5.486489482223988
1668,algoQD,16,107,0.9998114479912652,5.344936872366816
1669,algoQD,16,107,0.9998114479912652,5.2086142427288
1670,algoQD,16,107,0.9998114479912652,5.484652291052043
1671,algoQD,16,107,0.9998114479912652,5.3584173689596355
1672,algoQD,16,107,0.9998114479912652,5.368654991034418
1673,algoQD,16,107,0.9998114479912652,5.987099919933826
1674,algoQD,16,107,0.9998114479912652,5.315089204348624
1675,algoQD,16,107,0.9998114479912652,5.366654980927706
1676,algoQD,16,107,0.9998114479912652,5.722921255975962
1677,algoQD,16,107,0.9998114479912652,5.232420275919139
1678,algoQD,16,107,0.9998114479912652,6.167707752902061
1679,algoQD,16,107,0.9998114479912652,5.753289969172329
1680,algoQD,16,107,0.9998114479912652,5.0610532010905445
1681,algoQD,16,107,0.9998114479912652,5.901758634019643
1682,algoQD,16,107,0.9998114479912652,5.992649744730443
1683,algoQD,16,107,0.9998114479912652,5.730944863986224
1684,algoQD,16,107,0.9998114479912652,5.189771784935147
1685,algoQD,16,107,0.9998114479912652,5.462085457984358
1686,algoQD,16,107,0.9998114479912652,5.265210602898151
1687,algoQD,16,107,0.9998114479912652,5.091599809937179
1688,algoQD,16,107,0.9998114479912652,5.077646770980209
1689,algoQD,16,107,0.9998114479912652,5.649319318123162
1690,algoQD,16,107,0.9998114479912652,5.423371620010585
1691,algoQD,16,107,0.9998114479912652,5.762688743881881
1692,algoQD,16,107,0.9998114479912652,6.223276833072305
1693,algoQD,16,108,0.9998114479912652,4.847394288983196
1694,algoQD,16,108,0.9998114479912652,5.749485651962459
1695,algoQD,16,108,0.9998114479912652,4.94352361606434
1696,algoQD,16,108,0.9998114479912652,5.057060789782554
1697,algoQD,16,108,0.9998114479912652,5.2259656409733
1698,algoQD,16,108,0.9998114479912652,5.526861592195928
1699,algoQD,16,108,0.9998114479912652,5.009418304078281
1700,algoQD,17,108,0.9998114479912652,5.058867623098195
1701,algoQD,17,108,0.9998114479912652,5.571637391578406
1702,algoQD,17,108,0.9998114479912652,4.805844523012638
1703,algoQD,17,108,0.9998114479912652,4.455821543931961
1704,algoQD,17,108,0.9998114479912652,4.625509196892381
1705,algoQD,17,108,0.9998114479912652,5.5702436794526875
1706,algoQD,17,108,0.9998114479912652,4.592501909006387
1707,algoQD,17,108,0.9998114479912652,4.754441864322871
1708,algoQD,17,108,0.9998114479912652,5.026857970748097
1709,algoQD,17,108,0.9998114479912652,5.437113611027598
1710,algoQD,17,108,0.9998114479912652,4.8939699600450695
1711,algoQD,17,108,0.9998114479912652,5.2411804869771
1712,algoQD,17,108,0.9998114479912652,5.528649962041527
1713,algoQD,17,108,0.9998114479912652,5.23855036823079
1714,algoQD,17,108,0.9998114479912652,4.882170487660915
1715,algoQD,17,108,0.9998114479912652,5.394839588087052
1716,algoQD,17,108,0.9998114479912652,4.862730682827532
1717,algoQD,17,108,0.9998114479912652,5.811938435770571
1718,algoQD,17,108,0.9998114479912652,5.265308608300984
1719,algoQD,17,108,0.9998114479912652,4.822302937041968
1720,algoQD,17,109,0.9998114479912652,5.387878976762295
1721,algoQD,17,109,0.9998114479912652,6.00610641669482
1722,algoQD,17,109,0.9998114479912652,5.9853387218900025
1723,algoQD,17,109,0.9998114479912652,5.676011874806136
1724,algoQD,17,109,0.9998114479912652,4.729878569953144
1725,algoQD,17,109,0.9998114479912652,5.061028404161334
1726,algoQD,17,109,0.9998114479912652,5.367973843123764
1727,algoQD,17,109,0.9998114479912652,5.956507544964552
1728,algoQD,17,109,0.9998114479912652,5.321889901068062
1729,algoQD,17,109,0.9998114479912652,5.25937512004748
1730,algoQD,17,109,0.9998114479912652,7.086634550243616
1731,algoQD,17,109,0.9998114479912652,4.991234980989248
1732,algoQD,17,109,0.9998114479912652,5.054641148075461
1733,algoQD,17,109,0.9998114479912652,5.464162541087717
1734,algoQD,17,109,0.9998114479912652,6.291282597929239
1735,algoQD,17,109,0.9998114479912652,6.205554681830108
1736,algoQD,17,109,0.9998114479912652,5.68427123920992
1737,algoQD,17,109,0.9998114479912652,5.265751915983856
1738,algoQD,17,109,0.9998114479912652,5.2989321001805365
1739,algoQD,17,110,0.9998114479912652,5.6971168159507215
1740,algoQD,17,110,0.9998114479912652,5.4395642802119255
1741,algoQD,17,110,0.9998114479912652,6.249669093172997
1742,algoQD,17,110,0.9998114479912652,5.3075812603347
1743,algoQD,17,110,0.9998114479912652,6.26937607396394
1744,algoQD,17,110,0.9998114479912652,6.642582961823791
1745,algoQD,17,110,0.9998114479912652,6.007262730970979
1746,algoQD,17,110,0.9998114479912652,5.671674611978233
1747,algoQD,17,110,0.9998114479912652,5.955932637676597
1748,algoQD,17,110,0.9998114479912652,5.7169335931539536
1749,algoQD,17,110,0.9998114479912652,5.511223358102143
1750,algoQD,17,110,0.9998114479912652,5.388165178243071
1751,algoQD,17,110,0.9998114479912652,6.136683331802487
1752,algoQD,17,110,0.9998114479912652,6.20424629189074
1753,algoQD,17,110,0.9998114479912652,6.284942960832268
1754,algoQD,17,110,0.9998114479912652,5.772082983050495
1755,algoQD,17,110,0.9998114479912652,5.589017346035689
1756,algoQD,17,110,0.9998114479912652,5.83178252633661
1757,algoQD,17,110,0.9998114479912652,5.512757807970047
1758,algoQD,17,110,0.9998114479912652,5.549592716153711
1759,algoQD,17,110,0.9998114479912652,6.546341504901648
1760,algoQD,17,110,0.9998114479912652,5.9846315160393715
1761,algoQD,17,110,0.9998114479912652,6.301452272105962
1762,algoQD,17,111,0.9998114479912652,5.970445446204394
1763,algoQD,17,111,0.9998114479912652,5.307127082254738
1764,algoQD,17,111,0.9998114479912652,5.8194524818100035
1765,algoQD,17,111,0.9998114479912652,5.892640437930822
1766,algoQD,17,111,0.9998114479912652,5.598672606982291
1767,algoQD,17,111,0.9998114479912652,5.607173166703433
1768,algoQD,17,111,0.9998114479912652,5.473059108946472
1769,algoQD,17,111,0.9998114479912652,5.211036348249763
1770,algoQD,17,111,0.9998114479912652,5.465642157010734
1771,algoQD,17,111,0.9998114479912652,5.030761084053665
1772,algoQD,17,111,0.9998114479912652,5.234246767126024
1773,algoQD,17,111,0.9998114479912652,5.86831682594493
1774,algoQD,17,112,0.9998114479912652,6.350141554605216
1775,algoQD,17,112,0.9998114479912652,6.267353912815452
1776,algoQD,17,112,0.9998114479912652,5.69573525711894
1777,algoQD,17,112,0.9998114479912652,5.98811546806246
1778,algoQD,17,112,0.9998114479912652,5.633897382766008
1779,algoQD,17,112,0.9998114479912652,5.23508664406836
1780,algoQD,17,112,0.9998114479912652,5.054323527030647
1781,algoQD,17,112,0.9998114479912652,5.744610561057925
1782,algoQD,17,112,0.9998114479912652,4.842226636130363
1783,algoQD,17,112,0.9998114479912652,5.064287301152945
1784,algoQD,17,112,0.9998114479912652,5.7295868578366935
1785,algoQD,17,112,0.9998114479912652,5.57752883201465
1786,algoQD,17,112,0.9998114479912652,5.03295484976843
1787,algoQD,17,112,0.9998114479912652,5.818192400969565
1788,algoQD,17,112,0.9998114479912652,5.733134881593287
1789,algoQD,17,112,0.9998114479912652,4.567162569146603
1790,algoQD,17,112,0.9998114479912652,5.612059626728296
1791,algoQD,17,112,0.9998114479912652,5.119063625112176
1792,algoQD,17,112,0.9998114479912652,5.77240171469748
1793,algoQD,17,112,0.9998114479912652,5.87468296289444
1794,algoQD,17,112,0.9998114479912652,5.075815849937499
1795,algoQD,17,112,0.9998114479912652,5.380299028009176
1796,algoQD,17,113,0.9998114479912652,5.664501470979303
1797,algoQD,17,113,0.9998114479912652,5.301539656240493
1798,algoQD,17,113,0.9998114479912652,5.85891541512683
1799,algoQD,17,113,0.9998114479912652,6.052348997909576
1800,algoQD,18,114,0.9998114479912652,5.227099644951522
1801,algoQD,18,114,0.9998114479912652,5.560690028592944
1802,algoQD,18,114,0.9998114479912652,5.487804075237364
1803,algoQD,18,114,0.9998114479912652,6.138311547692865
1804,algoQD,18,114,0.9998114479912652,5.3053361983038485
1805,algoQD,18,114,0.9998114479912652,5.263490966055542
1806,algoQD,18,114,0.9998114479912652,5.865747381001711
1807,algoQD,18,114,0.9998114479912652,5.387527463026345
1808,algoQD,18,114,0.9998114479912652,5.523439086042345
1809,algoQD,18,114,0.9998114479912652,5.260107913985848
1810,algoQD,18,114,0.9998114479912652,5.377592705190182
1811,algoQD,18,115,0.9998114479912652,6.282711416017264
1812,algoQD,18,115,0.9998114479912652,5.081579949706793
1813,algoQD,18,115,0.9998114479912652,5.655411045998335
1814,algoQD,18,115,0.9998114479912652,4.832795709837228
1815,algoQD,18,116,0.9998114479912652,4.95585529319942
1816,algoQD,18,116,0.9998114479912652,5.560234698932618
1817,algoQD,18,116,0.9998114479912652,5.281691088806838
1818,algoQD,18,116,0.9998114479912652,6.065498169045895
1819,algoQD,18,116,0.9998114479912652,5.034643798135221
1820,algoQD,18,116,0.9998114479912652,6.383457315154374
1821,algoQD,18,116,0.9998114479912652,5.473757196683437
1822,algoQD,18,116,0.9998114479912652,5.41013873135671
1823,algoQD,18,116,0.9998114479912652,5.321823637001216
1824,algoQD,18,116,0.9998114479912652,4.956586475018412
1825,algoQD,18,116,0.9998114479912652,5.997405820060521
1826,algoQD,18,116,0.9998114479912652,5.089280078187585
1827,algoQD,18,116,0.9998114479912652,5.7946130549535155
1828,algoQD,18,116,0.9998114479912652,6.084080676082522
1829,algoQD,18,116,0.9998114479912652,5.4541992591694
1830,algoQD,18,116,0.9998114479912652,6.380607791244984
1831,algoQD,18,116,0.9998114479912652,5.824862052220851
1832,algoQD,18,116,0.9998114479912652,5.529247608967125
1833,algoQD,18,116,0.9998114479912652,5.887118216138333
1834,algoQD,18,116,0.9998114479912652,5.1448888829909265
1835,algoQD,18,116,0.9998114479912652,5.127516462933272
1836,algoQD,18,116,0.9998114479912652,5.851949432864785
1837,algoQD,18,116,0.9998114479912652,5.736415671184659
1838,algoQD,18,116,0.9998114479912652,5.464920895174146
1839,algoQD,18,116,0.9998114479912652,5.574944601859897
1840,algoQD,18,116,0.9998114479912652,5.1335736769251525
1841,algoQD,18,116,0.9998114479912652,5.036332589108497
1842,algoQD,18,116,0.9998114479912652,5.570645360276103
1843,algoQD,18,116,0.9998114479912652,5.1986554292961955
1844,algoQD,18,116,0.9998114479912652,5.896812923718244
1845,algoQD,18,116,0.9998114479912652,4.92223472520709
1846,algoQD,18,117,0.9998114479912652,6.021674009971321
1847,algoQD,18,117,0.9998114479912652,5.038499492686242
1848,algoQD,18,117,0.9998114479912652,5.705882670357823
1849,algoQD,18,118,0.9998114479912652,6.201151065994054
1850,algoQD,18,118,0.9998114479912652,5.515660583041608
1851,algoQD,18,118,0.9998114479912652,5.399967005010694
1852,algoQD,18,118,0.9998114479912652,5.340862975921482
1853,algoQD,18,118,0.9998114479912652,5.050352646037936
1854,algoQD,18,118,0.9998114479912652,5.162620862014592
1855,algoQD,18,118,0.9998114479912652,5.493171475827694
1856,algoQD,18,118,0.9998114479912652,5.3844423848204315
1857,algoQD,18,118,0.9998114479912652,5.755257597193122
1858,algoQD,18,118,0.9998114479912652,5.140984617173672
1859,algoQD,18,118,0.9998114479912652,5.444331437814981
1860,algoQD,18,118,0.9998114479912652,5.109122313093394
1861,algoQD,18,118,0.9998114479912652,5.935509840026498
1862,algoQD,18,119,0.9998114479912652,6.194345860276371
1863,algoQD,18,119,0.9998114479912652,5.91262072743848
1864,algoQD,18,119,0.9998114479912652,5.631963020656258
1865,algoQD,18,119,0.9998114479912652,5.934380345977843
1866,algoQD,18,119,0.9998114479912652,6.110246128868312
1867,algoQD,18,119,0.9998114479912652,5.603737086057663
1868,algoQD,18,119,0.9998114479912652,5.128827229142189
1869,algoQD,18,119,0.9998114479912652,5.089493169914931
1870,algoQD,18,119,0.9998114479912652,5.60638069966808
1871,algoQD,18,119,0.9998114479912652,5.465211965143681
1872,algoQD,18,119,0.9998114479912652,5.1097981901839375
1873,algoQD,18,119,0.9998114479912652,5.1485557411797345
1874,algoQD,18,119,0.9998114479912652,5.304748469032347
1875,algoQD,18,119,0.9998114479912652,5.619683511555195
1876,algoQD,18,119,0.9998114479912652,5.819602687843144
1877,algoQD,18,119,0.9998114479912652,5.51170743489638
1878,algoQD,18,119,0.9998114479912652,5.578409967944026
1879,algoQD,18,119,0.9998114479912652,5.590799974743277
1880,algoQD,18,119,0.9998114479912652,5.030995707027614
1881,algoQD,18,119,0.9998114479912652,5.728273167740554
1882,algoQD,18,119,0.9998114479912652,5.841158851981163
1883,algoQD,18,119,0.9998114479912652,5.065799610689282
1884,algoQD,18,119,0.9998114479912652,5.9887232799082994
1885,algoQD,18,119,0.9998114479912652,5.376705690287054
1886,algoQD,18,119,0.9998114479912652,5.3941763853654265
1887,algoQD,18,119,0.9998114479912652,6.032274145167321
1888,algoQD,18,119,0.9998114479912652,5.243867682758719
1889,algoQD,18,119,0.9998114479912652,5.217371377162635
1890,algoQD,18,119,0.9998114479912652,5.701603244058788
1891,algoQD,18,119,0.9998114479912652,5.592000765260309
1892,algoQD,18,119,0.9998114479912652,5.508198624942452
1893,algoQD,18,119,0.9998114479912652,5.060346396174282
1894,algoQD,18,119,0.9998114479912652,5.569219985976815
1895,algoQD,18,119,0.9998114479912652,5.869825718924403
1896,algoQD,18,119,0.9998114479912652,5.458185802679509
1897,algoQD,18,119,0.9998114479912652,5.173103667329997
1898,algoQD,18,119,0.9998114479912652,5.250170770101249
1899,algoQD,18,119,0.9998114479912652,5.961214188951999
1900,algoQD,19,119,0.9998114479912652,5.24102039495483
1901,algoQD,19,119,0.9998114479912652,5.670994077809155
1902,algoQD,19,119,0.9998114479912652,4.8747278661467135
1903,algoQD,19,119,0.9998114479912652,5.487707423977554
1904,algoQD,19,119,0.9998114479912652,5.292337292339653
1905,algoQD,19,119,0.9998114479912652,5.265408196952194
1906,algoQD,19,119,0.9998114479912652,5.636265498120338
1907,algoQD,19,119,0.9998114479912652,5.59586557559669
1908,algoQD,19,119,0.9998114479912652,4.938299685250968
1909,algoQD,19,119,0.9998114479912652,5.423847760073841
1910,algoQD,19,119,0.9998114479912652,5.838080388028175
1911,algoQD,19,119,0.9998114479912652,4.9775555068627
1912,algoQD,19,119,0.9998114479912652,5.838577925693244
1913,algoQD,19,119,0.9998114479912652,5.559045876841992
1914,algoQD,19,119,0.9998114479912652,4.904209822881967
1915,algoQD,19,119,0.9998114479912652,4.726337106898427
1916,algoQD,19,119,0.9998114479912652,5.43051451491192
1917,algoQD,19,119,0.9998114479912652,5.521599111147225
1918,algoQD,19,119,0.9998114479912652,5.996516994200647
1919,algoQD,19,119,0.9998114479912652,4.936440974008292
1920,algoQD,19,119,0.9998114479912652,5.463161983061582
1921,algoQD,19,119,0.9998114479912652,5.1419412437826395
1922,algoQD,19,119,0.9998114479912652,5.330661884043366
1923,algoQD,19,119,0.9998114479912652,5.143533783964813
1924,algoQD,19,119,0.9998114479912652,5.62134941900149
1925,algoQD,19,119,0.9998114479912652,5.478538942057639
1926,algoQD,19,119,0.9998114479912652,5.863048525992781
1927,algoQD,19,119,0.9998114479912652,5.823988573625684
1928,algoQD,19,119,0.9998114479912652,5.094827387016267
1929,algoQD,19,119,0.9998114479912652,5.223033092916012
1930,algoQD,19,119,0.9998114479912652,4.929533734917641
1931,algoQD,19,119,0.9998114479912652,5.552682174835354
1932,algoQD,19,119,0.9998885772967968,5.029451469890773
1933,algoQD,19,119,0.9998885772967968,5.38844570890069
1934,algoQD,19,119,0.9998885772967968,4.95262147160247
1935,algoQD,19,119,0.9998885772967968,5.654905683360994
1936,algoQD,19,119,0.9998885772967968,5.0430137612856925
1937,algoQD,19,119,0.9998885772967968,4.894895607139915
1938,algoQD,19,119,0.9998885772967968,5.361008835956454
1939,algoQD,19,119,0.9998885772967968,5.276686935219914
1940,algoQD,19,119,0.9998885772967968,5.566471534781158
1941,algoQD,19,119,0.9998885772967968,6.237743828445673
1942,algoQD,19,119,0.9998885772967968,5.51835220772773
1943,algoQD,19,119,0.9998885772967968,5.53567082574591
1944,algoQD,19,119,0.9998885772967968,4.9929117280989885
1945,algoQD,19,119,0.9998885772967968,5.973704697098583
1946,algoQD,19,119,0.9998885772967968,6.0540465377271175
1947,algoQD,19,119,0.9998885772967968,4.9518762761726975
1948,algoQD,19,119,0.9998885772967968,5.813444063067436
1949,algoQD,19,119,0.9998885772967968,5.0695426487363875
1950,algoQD,19,119,0.9998885772967968,5.353536951821297
1951,algoQD,19,119,0.9998885772967968,5.531044866889715
1952,algoQD,19,119,0.9998885772967968,5.544018085580319
1953,algoQD,19,119,0.9998885772967968,6.290788999758661
1954,algoQD,19,119,0.9998885772967968,5.594017603900284
1955,algoQD,19,119,0.9998885772967968,5.200899057090282
1956,algoQD,19,119,0.9998885772967968,5.068923217710108
1957,algoQD,19,119,0.9998885772967968,5.721385287120938
1958,algoQD,19,119,0.9998885772967968,6.608153804205358
1959,algoQD,19,119,0.9998885772967968,5.54197236103937
1960,algoQD,19,119,0.9998885772967968,5.476857976987958
1961,algoQD,19,119,0.9998885772967968,4.933573487214744
1962,algoQD,19,119,0.9998885772967968,5.102072984911501
1963,algoQD,19,119,0.9998885772967968,5.165131283923984
1964,algoQD,19,119,0.9998885772967968,5.949177841190249
1965,algoQD,19,119,0.9998885772967968,6.476915047969669
1966,algoQD,19,119,0.9998885772967968,6.225814050994813
1967,algoQD,19,119,0.9998885772967968,5.827270003035665
1968,algoQD,19,119,0.9998885772967968,5.967047981917858
1969,algoQD,19,119,0.9998885772967968,6.072457799687982
1970,algoQD,19,120,0.9998885772967968,6.722171857021749
1971,algoQD,19,120,0.9998885772967968,6.142855164129287
1972,algoQD,19,120,0.9998885772967968,6.01713507482782
1973,algoQD,19,120,0.9998885772967968,6.012588696088642
1974,algoQD,19,120,0.9998885772967968,5.746889497619122
1975,algoQD,19,120,0.9998885772967968,6.111346491146833
1976,algoQD,19,120,0.9998885772967968,6.383660824038088
1977,algoQD,19,120,0.9998885772967968,6.65329934284091
1978,algoQD,19,120,0.9998885772967968,5.84007660811767
1979,algoQD,19,120,0.9998885772967968,5.978316369000822
1980,algoQD,19,120,0.9998885772967968,5.93257921282202
1981,algoQD,19,120,0.9998885772967968,5.496605223976076
1982,algoQD,19,120,0.9998885772967968,5.823978275060654
1983,algoQD,19,120,0.9998885772967968,6.722166325896978
1984,algoQD,19,120,0.9998885772967968,5.859623194672167
1985,algoQD,19,120,0.9998885772967968,5.831847299821675
1986,algoQD,19,120,0.9998885772967968,5.252437001559883
1987,algoQD,19,121,0.9998885772967968,5.726042365189642
1988,algoQD,19,121,0.9998885772967968,5.352247374597937
1989,algoQD,19,121,0.9998885772967968,6.039878602139652
1990,algoQD,19,121,0.9998885772967968,6.35280138393864
1991,algoQD,19,121,0.9998885772967968,6.144146926235408
1992,algoQD,19,121,0.9998885772967968,6.907372125890106
1993,algoQD,19,121,0.9998885772967968,5.908731259405613
1994,algoQD,19,121,0.9998885772967968,5.699567177798599
1995,algoQD,19,121,0.9998885772967968,5.40871206484735
1996,algoQD,19,121,0.9998885772967968,5.676007839851081
1997,algoQD,19,121,0.9998885772967968,5.745411778334528
1998,algoQD,19,121,0.9998885772967968,5.910345599986613
1999,algoQD,19,121,0.9998885772967968,5.382774295285344
2000,algoQD,20,121,0.9998885772967968,5.17380731459707
2001,algoQD,20,121,0.9998885772967968,5.671403372194618
2002,algoQD,20,121,0.9998885772967968,6.520305602811277
2003,algoQD,20,121,0.9998885772967968,5.490268881898373
2004,algoQD,20,121,0.9998885772967968,5.714312263764441
2005,algoQD,20,121,0.9998885772967968,6.122380915097892
2006,algoQD,20,121,0.9998885772967968,5.77243361575529
2007,algoQD,20,121,0.9998885772967968,5.568471052218229
2008,algoQD,20,121,0.9998885772967968,6.351778071373701
2009,algoQD,20,121,0.9998885772967968,5.554050427861512
2010,algoQD,20,121,0.9998885772967968,5.192064636852592
2011,algoQD,20,121,0.9998885772967968,6.058773377910256
2012,algoQD,20,121,0.9998885772967968,5.661088543944061
2013,algoQD,20,121,0.9998885772967968,5.231576132122427
2014,algoQD,20,121,0.9998885772967968,5.320079200901091
2015,algoQD,20,121,0.9998885772967968,5.393295730929822
2016,algoQD,20,121,0.9998885772967968,6.353795312345028
2017,algoQD,20,121,0.9998885772967968,5.7918666689656675
2018,algoQD,20,121,0.9998885772967968,6.356404892168939
2019,algoQD,20,121,0.9998885772967968,6.253717015031725
2020,algoQD,20,121,0.9998885772967968,5.933077224064618
2021,algoQD,20,121,0.9998885772967968,6.135422453749925
2022,algoQD,20,121,0.9998885772967968,5.970011957921088
2023,algoQD,20,121,0.9998885772967968,5.934338222723454
2024,algoQD,20,121,0.9998885772967968,6.606861250009388
2025,algoQD,20,121,0.9998885772967968,6.0401232521981
2026,algoQD,20,121,0.9998885772967968,5.900712025817484
2027,algoQD,20,121,0.9998885772967968,6.181170296855271
2028,algoQD,20,121,0.9998885772967968,6.395269631873816
2029,algoQD,20,121,0.9998885772967968,6.620591410435736
2030,algoQD,20,121,0.9998885772967968,5.483686875086278
2031,algoQD,20,121,0.9998885772967968,5.72600860754028
2032,algoQD,20,121,0.9998885772967968,5.346986000891775
2033,algoQD,20,121,0.9998885772967968,5.912579465657473
2034,algoQD,20,121,0.9998885772967968,6.344011546112597
2035,algoQD,20,121,0.9998885772967968,5.534767305012792
2036,algoQD,20,121,0.9998885772967968,5.845727369189262
2037,algoQD,20,121,0.9998885772967968,5.5225157998502254
2038,algoQD,20,121,0.9998885772967968,6.00288315769285
2039,algoQD,20,121,0.9998885772967968,6.065716632641852
2040,algoQD,20,121,0.9998885772967968,6.190576868131757
2041,algoQD,20,121,0.9998885772967968,5.703981784172356
2042,algoQD,20,121,0.9998885772967968,4.927104412112385
2043,algoQD,20,121,0.9998885772967968,5.017306391149759
2044,algoQD,20,121,0.9998885772967968,5.335578299127519
2045,algoQD,20,121,0.9998885772967968,5.186073405202478
2046,algoQD,20,121,0.9998885772967968,5.45873141894117
2047,algoQD,20,121,0.9998885772967968,5.446821980178356
2048,algoQD,20,121,0.9998885772967968,5.130075976252556
2049,algoQD,20,121,0.9998885772967968,6.165484583005309
2050,algoQD,20,121,0.9998885772967968,5.02993124211207
2051,algoQD,20,121,0.9998885772967968,5.742508839815855
2052,algoQD,20,121,0.9998885772967968,5.124225981999189
2053,algoQD,20,121,0.9998885772967968,5.314248732756823
2054,algoQD,20,121,0.9998885772967968,5.801533930003643
2055,algoQD,20,121,0.9998885772967968,5.728545532096177
2056,algoQD,20,121,0.9998885772967968,5.85580593906343
2057,algoQD,20,121,0.9998885772967968,5.666465538088232
2058,algoQD,20,121,0.9998885772967968,6.052099687978625
2059,algoQD,20,121,0.9998885772967968,5.187237625010312
2060,algoQD,20,121,0.9998885772967968,5.698003429919481
2061,algoQD,20,121,0.9998885772967968,4.987360006198287
2062,algoQD,20,121,0.9998885772967968,5.142636213917285
2063,algoQD,20,121,0.9998885772967968,5.802603040356189
2064,algoQD,20,121,0.9998885772967968,5.328828806988895
2065,algoQD,20,121,0.9998885772967968,5.97167583135888
2066,algoQD,20,121,0.9998885772967968,5.43903196323663
2067,algoQD,20,121,0.9998885772967968,5.209708977025002
2068,algoQD,20,121,0.9998885772967968,5.872202576138079
2069,algoQD,20,121,0.9998885772967968,5.944539977237582
2070,algoQD,20,121,0.9998885772967968,5.514914370141923
2071,algoQD,20,121,0.9998885772967968,6.11614113394171
2072,algoQD,20,121,0.9998885772967968,5.686408003792167
2073,algoQD,20,121,0.9998885772967968,5.308347454760224
2074,algoQD,20,121,0.9998885772967968,5.766653144266456
2075,algoQD,20,121,0.9998885772967968,4.944556331727654
2076,algoQD,20,121,0.9998885772967968,5.9772199359722435
2077,algoQD,20,121,0.9998885772967968,5.737275353167206
2078,algoQD,20,121,0.9998885772967968,5.969538853969425
2079,algoQD,20,121,0.9998885772967968,6.183090866077691
2080,algoQD,20,121,0.9998885772967968,5.9868342080153525
2081,algoQD,20,121,0.9998885772967968,5.485653471201658
2082,algoQD,20,121,0.9998885772967968,5.637473546899855
2083,algoQD,20,121,0.9998885772967968,5.683020684868097
2084,algoQD,20,121,0.9998885772967968,5.325768755748868
2085,algoQD,20,121,0.9998885772967968,5.319817763753235
2086,algoQD,20,121,0.9998885772967968,6.1097256927751005
2087,algoQD,20,121,0.9998885772967968,5.026830724906176
2088,algoQD,20,121,0.9998885772967968,5.176743979100138
2089,algoQD,20,121,0.9998885772967968,5.686925202142447
2090,algoQD,20,121,0.9998885772967968,6.331048906780779
2091,algoQD,20,121,0.9998885772967968,5.86648640781641
2092,algoQD,20,121,0.9998885772967968,5.885998649057001
2093,algoQD,20,121,0.9998885772967968,5.232606514822692
2094,algoQD,20,121,0.9998885772967968,6.057026925962418
2095,algoQD,20,121,0.9998885772967968,5.468795802909881
2096,algoQD,20,121,0.9998885772967968,5.010697104968131
2097,algoQD,20,121,0.9998885772967968,5.3687614179216325
2098,algoQD,20,121,0.9998885772967968,5.784893231000751
2099,algoQD,20,121,0.9998885772967968,6.2757943999022245
2100,algoQD,21,121,0.9998885772967968,6.01547885267064
2101,algoQD,21,121,0.9998885772967968,5.15289207873866
2102,algoQD,21,121,0.9998885772967968,5.213514345232397
2103,algoQD,21,121,0.9998885772967968,6.096281717065722
2104,algoQD,21,121,0.9998885772967968,5.71063203830272
2105,algoQD,21,121,0.9998885772967968,5.651142442133278
2106,algoQD,21,121,0.9998885772967968,5.501987519208342
2107,algoQD,21,121,0.9998885772967968,5.193171444814652
2108,algoQD,21,121,0.9998885772967968,5.465609364211559
2109,algoQD,21,121,0.9998885772967968,6.036341626662761
2110,algoQD,21,121,0.9998885772967968,6.275446804240346
2111,algoQD,21,121,0.9998885772967968,5.705481599085033
2112,algoQD,21,121,0.9998885772967968,4.95357635198161
2113,algoQD,21,121,0.9998885772967968,6.4143119477666914
2114,algoQD,21,121,0.9998885772967968,5.33439048519358
2115,algoQD,21,121,0.9998885772967968,6.297360994853079
2116,algoQD,21,121,0.9998885772967968,6.169787602964789
2117,algoQD,21,121,0.9998885772967968,6.222884352784604
2118,algoQD,21,121,0.9998885772967968,5.960452507715672
2119,algoQD,21,121,0.9998885772967968,5.717057536821812
2120,algoQD,21,121,0.9998885772967968,6.16777707496658
2121,algoQD,21,121,0.9998885772967968,5.28160311980173
2122,algoQD,21,121,0.9998885772967968,5.216884131543338
2123,algoQD,21,121,0.9998885772967968,5.764647073112428
2124,algoQD,21,121,0.9998885772967968,6.531189430970699
2125,algoQD,21,121,0.9998885772967968,5.368157977703959
2126,algoQD,21,121,0.9998885772967968,5.881616521626711
2127,algoQD,21,121,0.9998885772967968,5.998059955891222
2128,algoQD,21,121,0.9998885772967968,6.242845003027469
2129,algoQD,21,121,0.9998885772967968,5.448148585855961
2130,algoQD,21,121,0.9998885772967968,5.683680350892246
2131,algoQD,21,121,0.9998885772967968,6.062408632598817
2132,algoQD,21,121,0.9998885772967968,5.542248067911714
2133,algoQD,21,121,0.9998885772967968,5.9919484299607575
2134,algoQD,21,121,0.9998885772967968,5.1896199360489845
2135,algoQD,21,121,0.9998885772967968,6.033129480201751
2136,algoQD,21,121,0.9998885772967968,5.29172043222934
2137,algoQD,21,121,0.9998885772967968,5.418298834003508
2138,algoQD,21,121,0.9998885772967968,5.824639620259404
2139,algoQD,21,121,0.9998885772967968,6.169403397012502
2140,algoQD,21,121,0.9998885772967968,6.06610121903941
2141,algoQD,21,121,0.9998885772967968,5.380392881575972
2142,algoQD,21,121,0.9998885772967968,5.56633086502552
2143,algoQD,21,121,0.9998885772967968,5.449276086874306
2144,algoQD,21,121,0.9998885772967968,5.1556554599665105
2145,algoQD,21,121,0.9998885772967968,6.145954377017915
2146,algoQD,21,121,0.9998885772967968,5.104094529990107
2147,algoQD,21,121,0.9998885772967968,5.4815828101709485
2148,algoQD,21,121,0.9998885772967968,6.2027565273456275
2149,algoQD,21,121,0.9998885772967968,6.166533885989338
2150,algoQD,21,121,0.9998885772967968,5.5644524660892785
2151,algoQD,21,121,0.9998885772967968,5.655494943726808
2152,algoQD,21,121,0.9998885772967968,4.987673989962786
2153,algoQD,21,121,0.9998885772967968,5.575896747875959
2154,algoQD,21,121,0.9998885772967968,5.379147510044277
2155,algoQD,21,121,0.9998885772967968,5.259513887111098
2156,algoQD,21,121,0.9998885772967968,5.753341474570334
2157,algoQD,21,121,0.9998885772967968,4.988729955162853
2158,algoQD,21,121,0.9998885772967968,5.59229515818879
2159,algoQD,21,121,0.9998885772967968,5.652044085320085
2160,algoQD,21,121,0.9998885772967968,5.538937885314226
2161,algoQD,21,121,0.9998885772967968,5.298144679050893
2162,algoQD,21,121,0.9998885772967968,5.750058030709624
2163,algoQD,21,121,0.9998885772967968,5.312255979049951
2164,algoQD,21,121,0.9998885772967968,5.022176901809871
2165,algoQD,21,121,0.9998885772967968,5.5313775120303035
2166,algoQD,21,121,0.9998885772967968,5.046631793025881
2167,algoQD,21,121,0.9998885772967968,4.857862059958279
2168,algoQD,21,121,0.9998885772967968,4.9153815964236856
2169,algoQD,21,121,0.9998885772967968,4.933266343083233
2170,algoQD,21,121,0.9998885772967968,5.750091064255685
2171,algoQD,21,121,0.9998885772967968,4.87567502213642
2172,algoQD,21,121,0.9998885772967968,5.934809733182192
2173,algoQD,21,121,0.9998885772967968,4.9198584030382335
2174,algoQD,21,121,0.9998885772967968,4.7394820670597255
2175,algoQD,21,121,0.9998885772967968,5.400626687798649
2176,algoQD,21,121,0.9998885772967968,4.894224716350436
2177,algoQD,21,121,0.9998885772967968,5.623727738857269
2178,algoQD,21,121,0.9998885772967968,4.795552765019238
2179,algoQD,21,121,0.9998885772967968,4.850286596920341
2180,algoQD,21,121,0.9998885772967968,5.794997971970588
2181,algoQD,21,121,0.9998885772967968,5.363519125152379
2182,algoQD,21,121,0.9998885772967968,6.047296122182161
2183,algoQD,21,121,0.9998885772967968,6.301839213818312
2184,algoQD,21,121,0.9998885772967968,5.400164745748043
2185,algoQD,21,121,0.9998885772967968,5.620465666987002
2186,algoQD,21,121,0.9998885772967968,5.049726159777492
2187,algoQD,21,121,0.9998885772967968,6.076922133099288
2188,algoQD,21,121,0.9998885772967968,5.400145799852908
2189,algoQD,21,121,0.9998885772967968,5.088795708026737
2190,algoQD,21,121,0.9998885772967968,5.6964170932769775
2191,algoQD,21,121,0.9998885772967968,5.414647114928812
2192,algoQD,21,121,0.9998885772967968,6.058316363021731
2193,algoQD,21,121,0.9998885772967968,5.194997462909669
2194,algoQD,21,121,0.9998885772967968,5.5643304460681975
2195,algoQD,21,121,0.9998885772967968,6.291775972116739
2196,algoQD,21,121,0.9998885772967968,5.542675676289946
2197,algoQD,21,121,0.9998885772967968,5.852740347851068
2198,algoQD,21,121,0.9998885772967968,5.477426857687533
2199,algoQD,21,121,0.9998885772967968,5.851322991307825
2200,algoQD,22,121,0.9998885772967968,6.539717783220112
2201,algoQD,22,121,0.9998885772967968,5.44118312606588
2202,algoQD,22,121,0.9998885772967968,5.636016694828868
2203,algoQD,22,121,0.9998885772967968,6.043790169991553
2204,algoQD,22,121,0.9998885772967968,5.5399530017748475
2205,algoQD,22,121,0.9998885772967968,6.5425714631564915
2206,algoQD,22,121,0.9998885772967968,5.474863509647548
2207,algoQD,22,121,0.9998885772967968,5.87438791198656
2208,algoQD,22,121,0.9998885772967968,5.447842409834266
2209,algoQD,22,121,0.9998885772967968,5.682390087749809
2210,algoQD,22,121,0.9998885772967968,5.606974091846496
2211,algoQD,22,121,0.9998885772967968,5.658368938136846
2212,algoQD,22,121,0.9998885772967968,6.037549025844783
2213,algoQD,22,121,0.9998885772967968,5.248842479661107
2214,algoQD,22,121,0.9998885772967968,6.370413564145565
2215,algoQD,22,121,0.9998885772967968,5.4143887385725975
2216,algoQD,22,121,0.9998885772967968,5.578777271788567
2217,algoQD,22,121,0.9998885772967968,5.150905255693942
2218,algoQD,22,121,0.9998885772967968,5.463695770129561
2219,algoQD,22,121,0.9998885772967968,5.056848173961043
2220,algoQD,22,121,0.9998885772967968,5.682022333145142
2221,algoQD,22,121,0.9998885772967968,6.3948893449269235
2222,algoQD,22,121,0.9998885772967968,6.805985018145293
2223,algoQD,22,121,0.9998885772967968,6.535225396975875
2224,algoQD,22,121,0.9998885772967968,5.746731752995402
2225,algoQD,22,121,0.9998885772967968,5.210137917660177
2226,algoQD,22,121,0.9998885772967968,6.465523055288941
2227,algoQD,22,121,0.9998885772967968,6.17031437670812
2228,algoQD,22,121,0.9998885772967968,5.448908314108849
2229,algoQD,22,121,0.9998885772967968,5.1918307221494615
2230,algoQD,22,121,0.9998885772967968,5.799096900969744
2231,algoQD,22,121,0.9998885772967968,6.220442068297416
2232,algoQD,22,121,0.9998885772967968,6.3423951817676425
2233,algoQD,22,121,0.9998885772967968,5.167111894115806
2234,algoQD,22,121,0.9998885772967968,5.374645394738764
2235,algoQD,22,121,0.9998885772967968,5.775412476155907
2236,algoQD,22,121,0.9998885772967968,5.654972651973367
2237,algoQD,22,121,0.9998885772967968,5.73123028781265
2238,algoQD,22,121,0.9998885772967968,5.975838051177561
2239,algoQD,22,121,0.9998885772967968,5.798143940977752
2240,algoQD,22,121,0.9998885772967968,5.9070101119577885
2241,algoQD,22,121,0.9998885772967968,5.7117537232115865
2242,algoQD,22,121,0.9998885772967968,6.015508817974478
2243,algoQD,22,121,0.9998885772967968,6.159466261975467
2244,algoQD,22,121,0.9998885772967968,5.518169683869928
2245,algoQD,22,121,0.9998885772967968,5.976441139820963
2246,algoQD,22,121,0.9998885772967968,5.500383209902793
2247,algoQD,22,121,0.9998885772967968,5.777864358853549
2248,algoQD,22,121,0.9998885772967968,5.6727346372790635
2249,algoQD,22,121,0.9998885772967968,5.980795966926962
2250,algoQD,22,121,0.9998885772967968,5.5929564498364925
2251,algoQD,22,121,0.9998885772967968,5.876201257109642
2252,algoQD,22,121,0.9998885772967968,5.542065877001733
2253,algoQD,22,121,0.9998885772967968,6.015214681159705
2254,algoQD,22,121,0.9998885772967968,4.999662808142602
2255,algoQD,22,121,0.9998885772967968,6.107496961019933
2256,algoQD,22,121,0.9998885772967968,5.627576463855803
2257,algoQD,22,122,0.9998885772967968,6.506513095926493
2258,algoQD,22,122,0.9998885772967968,6.339815497864038
2259,algoQD,22,122,0.9998885772967968,5.2307455306872725
2260,algoQD,22,122,0.9998885772967968,6.4170686160214245
2261,algoQD,22,122,0.9998885772967968,5.330008728895336
2262,algoQD,22,122,0.9998885772967968,6.092248843982816
2263,algoQD,22,122,0.9998885772967968,5.98030899791047
2264,algoQD,22,122,0.9998885772967968,5.225773768033832
2265,algoQD,22,122,0.9998885772967968,6.461239334195852
2266,algoQD,22,122,0.9998885772967968,5.937545417807996
2267,algoQD,22,122,0.9998885772967968,6.022065283730626
2268,algoQD,22,122,0.9998885772967968,5.592690467834473
2269,algoQD,22,122,0.9998885772967968,4.827669317834079
2270,algoQD,22,123,0.9998885772967968,5.7769460547715425
2271,algoQD,22,123,0.9998885772967968,5.696866767946631
2272,algoQD,22,123,0.9998885772967968,5.934172687120736
2273,algoQD,22,123,0.9998885772967968,5.4645110298879445
2274,algoQD,22,123,0.9998885772967968,5.414830944035202
2275,algoQD,22,123,0.9998885772967968,5.039135481230915
2276,algoQD,22,123,0.9998885772967968,4.81902147969231
2277,algoQD,22,123,0.9998885772967968,5.374340570997447
2278,algoQD,22,123,0.9998885772967968,4.9148617121391
2279,algoQD,22,123,0.9998885772967968,6.183282816782594
2280,algoQD,22,123,0.9998885772967968,5.65006281575188
2281,algoQD,22,123,0.9998885772967968,4.8687521810643375
2282,algoQD,22,123,0.9998885772967968,5.855158581864089
2283,algoQD,22,123,0.9998885772967968,5.442867040634155
2284,algoQD,22,123,0.9998885772967968,5.2212811303325
2285,algoQD,22,123,0.9998885772967968,5.2803316079080105
2286,algoQD,22,123,0.9998885772967968,5.226783356163651
2287,algoQD,22,123,0.9998885772967968,5.8523268941789865
2288,algoQD,22,123,0.9998885772967968,5.235017692204565
2289,algoQD,22,123,0.9998885772967968,5.479946312028915
2290,algoQD,22,123,0.9998885772967968,5.320682109333575
2291,algoQD,22,123,0.9998885772967968,5.480634822044522
2292,algoQD,22,123,0.9998885772967968,5.512368944007903
2293,algoQD,22,123,0.9998885772967968,4.94879760267213
2294,algoQD,22,124,0.9998885772967968,5.851033879909664
2295,algoQD,22,124,0.9998885772967968,5.422562863212079
2296,algoQD,22,125,0.9998885772967968,6.029584780335426
2297,algoQD,22,125,0.9998885772967968,5.032520964276046
2298,algoQD,22,125,0.9998885772967968,5.0435506911017
2299,algoQD,22,125,0.9998885772967968,5.516642666887492
2300,algoQD,23,125,0.9998885772967968,5.222386066801846
2301,algoQD,23,125,0.9998885772967968,5.545095569919795
2302,algoQD,23,125,0.9998885772967968,6.659286966081709
2303,algoQD,23,125,0.9998885772967968,5.081118664704263
2304,algoQD,23,125,0.9998885772967968,4.927490089088678
2305,algoQD,23,126,0.9998885772967968,4.83081493107602
2306,algoQD,23,126,0.9998885772967968,5.320702848024666
2307,algoQD,23,126,0.9998885772967968,5.293483796063811
2308,algoQD,23,126,0.9998885772967968,6.086529049091041
2309,algoQD,23,126,0.9998885772967968,5.7449396681040525
2310,algoQD,23,126,0.9998885772967968,4.682924886234105
2311,algoQD,23,126,0.9998885772967968,5.291691159363836
2312,algoQD,23,126,0.9998885772967968,5.4109405148774385
2313,algoQD,23,126,0.9998885772967968,4.9126750295981765
2314,algoQD,23,126,0.9998885772967968,5.7808187999762595
2315,algoQD,23,126,0.9998885772967968,5.153452017810196
2316,algoQD,23,126,0.9998885772967968,5.425805618055165
2317,algoQD,23,126,0.9998885772967968,5.743335305713117
2318,algoQD,23,126,0.9998885772967968,5.688550978899002
2319,algoQD,23,126,0.9998885772967968,5.175705316942185
2320,algoQD,23,126,0.9998885772967968,5.414595829788595
2321,algoQD,23,126,0.9998885772967968,5.976340038701892
2322,algoQD,23,126,0.9998885772967968,5.432775076013058
2323,algoQD,23,126,0.9998885772967968,5.323113172780722
2324,algoQD,23,126,0.9998885772967968,5.739283220842481
2325,algoQD,23,126,0.9998885772967968,5.130456282757223
2326,algoQD,23,126,0.9998885772967968,5.231353049166501
2327,algoQD,23,126,0.9998885772967968,5.601699427701533
2328,algoQD,23,126,0.9998885772967968,5.721659666392952
2329,algoQD,23,126,0.9998885772967968,5.54213862400502
2330,algoQD,23,126,0.9998885772967968,6.312806642148644
2331,algoQD,23,126,0.9998885772967968,5.447700212243944
2332,algoQD,23,126,0.9998885772967968,5.28168034600094
2333,algoQD,23,126,0.9998885772967968,5.30355949094519
2334,algoQD,23,126,0.9998885772967968,5.046181531623006
2335,algoQD,23,126,0.9998885772967968,5.687053509056568
2336,algoQD,23,126,0.9998885772967968,5.165077392011881
2337,algoQD,23,126,0.9998885772967968,5.37972282897681
2338,algoQD,23,126,0.9998885772967968,6.52107916213572
2339,algoQD,23,126,0.9998885772967968,6.037135084159672
2340,algoQD,23,126,0.9998885772967968,5.402515619061887
2341,algoQD,23,126,0.9998885772967968,5.7983517539687455
2342,algoQD,23,126,0.9998885772967968,5.295246755704284
2343,algoQD,23,126,0.9998885772967968,5.580766119994223
2344,algoQD,23,126,0.9998885772967968,5.404496922157705
2345,algoQD,23,126,0.9998885772967968,6.065512956120074
2346,algoQD,23,126,0.9998885772967968,6.4334796089679
2347,algoQD,23,126,0.9998885772967968,5.4358708541840315
2348,algoQD,23,126,0.9998885772967968,6.16384395211935
2349,algoQD,23,126,0.9998885772967968,5.816198734100908
2350,algoQD,23,126,0.9998885772967968,6.220910762902349
2351,algoQD,23,126,0.9998885772967968,5.376143716741353
2352,algoQD,23,126,0.9998885772967968,6.3404461201280355
2353,algoQD,23,126,0.9998885772967968,5.496071014087647
2354,algoQD,23,126,0.9998885772967968,5.118598121218383
2355,algoQD,23,126,0.9998885772967968,5.332848132122308
2356,algoQD,23,126,0.9998885772967968,5.451274946331978
2357,algoQD,23,126,0.9998885772967968,5.324386446271092
2358,algoQD,23,126,0.9998885772967968,5.749098594300449
2359,algoQD,23,126,0.9998885772967968,5.889819013420492
2360,algoQD,23,126,0.9998885772967968,5.565561606083065
2361,algoQD,23,126,0.9998885772967968,5.675105046015233
2362,algoQD,23,126,0.9998885772967968,5.586030246689916
2363,algoQD,23,126,0.9998885772967968,6.349745468236506
2364,algoQD,23,126,0.9998885772967968,5.454083981923759
2365,algoQD,23,126,0.9998885772967968,6.067007808946073
2366,algoQD,23,126,0.9998885772967968,6.3903436861000955
2367,algoQD,23,126,0.9998885772967968,5.6224628342315555
2368,algoQD,23,126,0.9998885772967968,6.0883545079268515
2369,algoQD,23,126,0.9998885772967968,6.683092058170587
2370,algoQD,23,126,0.9998885772967968,6.274515363853425
2371,algoQD,23,126,0.9998885772967968,5.889519719872624
2372,algoQD,23,126,0.9998885772967968,6.022294397000223
2373,algoQD,23,126,0.9998885772967968,5.793593554291874
2374,algoQD,23,126,0.9998885772967968,6.30281160119921
2375,algoQD,23,126,0.9998885772967968,6.114708266220987
2376,algoQD,23,126,0.9998885772967968,5.436215253081173
2377,algoQD,23,126,0.9998885772967968,5.665340257342905
2378,algoQD,23,126,0.9998885772967968,6.0760983428917825
2379,algoQD,23,126,0.9998885772967968,6.218584127724171
2380,algoQD,23,126,0.9998885772967968,6.607225860003382
2381,algoQD,23,126,0.9998885772967968,5.354750161059201
2382,algoQD,23,126,0.9998885772967968,5.344056836795062
2383,algoQD,23,126,0.9998885772967968,6.387883378658444
2384,algoQD,23,126,0.9998885772967968,6.603994715958834
2385,algoQD,23,126,0.9998885772967968,6.289057024754584
2386,algoQD,23,126,0.9998885772967968,6.847877210006118
2387,algoQD,23,126,0.9998885772967968,6.11891001323238
2388,algoQD,23,126,0.9998885772967968,5.25338052213192
2389,algoQD,23,126,0.9998885772967968,5.922453157138079
2390,algoQD,23,126,0.9998885772967968,5.606052960269153
2391,algoQD,23,126,0.9998885772967968,6.613029035273939
2392,algoQD,23,126,0.9998885772967968,6.080753530841321
2393,algoQD,23,126,0.9998885772967968,5.499601488001645
2394,algoQD,23,126,0.9998885772967968,6.478859055321664
2395,algoQD,23,126,0.9998885772967968,5.509378740098327
2396,algoQD,23,126,0.9998885772967968,6.3516318229958415
2397,algoQD,23,126,0.9998885772967968,5.636029682122171
2398,algoQD,23,126,0.9998885772967968,6.749265969265252
2399,algoQD,23,126,0.9998885772967968,6.832040037959814
2400,algoQD,24,126,0.9998885772967968,6.673498826101422
2401,algoQD,24,126,0.9998885772967968,5.199077327270061
2402,algoQD,24,126,0.9998885772967968,6.79126675799489
2403,algoQD,24,126,0.9998885772967968,5.587347932625562
2404,algoQD,24,126,0.9998885772967968,6.3271669442765415
2405,algoQD,24,126,0.9998885772967968,5.391012426931411
2406,algoQD,24,126,0.9998885772967968,5.036357732955366
2407,algoQD,24,126,0.9998885772967968,5.695254302117974
2408,algoQD,24,126,0.9998885772967968,5.3929811478592455
2409,algoQD,24,126,0.9998885772967968,5.078517361544073
2410,algoQD,24,126,0.9998885772967968,5.180048456881195
2411,algoQD,24,126,0.9998885772967968,5.685209525283426
2412,algoQD,24,126,0.9998885772967968,4.953963200096041
2413,algoQD,24,126,0.9998885772967968,5.307587698567659
2414,algoQD,24,126,0.9998885772967968,4.8724979823455215
2415,algoQD,24,126,0.9998885772967968,5.769101297017187
2416,algoQD,24,126,0.9998885772967968,5.257516403216869
2417,algoQD,24,126,0.9998885772967968,5.347507375758141
2418,algoQD,24,126,0.9998885772967968,6.175288058351725
2419,algoQD,24,126,0.9998885772967968,5.286476414185017
2420,algoQD,24,126,0.9998885772967968,6.075376763008535
2421,algoQD,24,126,0.9998885772967968,5.972267915960401
2422,algoQD,24,126,0.9998885772967968,5.328316379804164
2423,algoQD,24,126,0.9998885772967968,5.460428109858185
2424,algoQD,24,126,0.9998885772967968,6.036304635927081
2425,algoQD,24,126,0.9998885772967968,5.608318702317774
2426,algoQD,24,126,0.9998885772967968,5.35642126807943
2427,algoQD,24,126,0.9998885772967968,5.355426318012178
2428,algoQD,24,126,0.9998885772967968,5.4415418189018965
2429,algoQD,24,126,0.9998885772967968,5.342029126826674
2430,algoQD,24,126,0.9998885772967968,5.48026313399896
2431,algoQD,24,126,0.9998885772967968,5.264278146903962
2432,algoQD,24,126,0.9998885772967968,5.431580220349133
2433,algoQD,24,126,0.9998885772967968,5.889242221135646
2434,algoQD,24,126,0.9998885772967968,6.099711276125163
2435,algoQD,24,126,0.9998885772967968,6.040454295929521
2436,algoQD,24,126,0.9998885772967968,5.102469163015485
2437,algoQD,24,126,0.9998885772967968,5.43486314220354
2438,algoQD,24,126,0.9998885772967968,5.532370876986533
2439,algoQD,24,126,0.9998885772967968,6.07898167334497
2440,algoQD,24,126,0.9998885772967968,5.528035036753863
2441,algoQD,24,126,0.9998885772967968,5.8498798459768295
2442,algoQD,24,126,0.9998885772967968,4.9719323283061385
2443,algoQD,24,126,0.9998885772967968,5.28330284031108
2444,algoQD,24,126,0.9998885772967968,5.132494336925447
2445,algoQD,24,126,0.9998885772967968,4.930964850820601
2446,algoQD,24,126,0.9998885772967968,5.1528776860795915
2447,algoQD,24,126,0.9998885772967968,5.6519256345927715
2448,algoQD,24,126,0.9998885772967968,5.4092947179451585
2449,algoQD,24,126,0.9998885772967968,6.171055233106017
2450,algoQD,24,126,0.9998885772967968,5.356725071091205
2451,algoQD,24,126,0.9998885772967968,5.749848684761673
2452,algoQD,24,126,0.9998885772967968,5.388231735210866
2453,algoQD,24,126,0.9998885772967968,5.190959139727056
2454,algoQD,24,126,0.9998885772967968,6.001667689997703
2455,algoQD,24,126,0.9998885772967968,6.096677345223725
2456,algoQD,24,126,0.9998885772967968,6.016781072132289
2457,algoQD,24,126,0.9998885772967968,5.476066084112972
2458,algoQD,24,126,0.9998885772967968,5.625983622856438
2459,algoQD,24,126,0.9998885772967968,6.770006682258099
2460,algoQD,24,126,0.9998885772967968,6.189982220064849
2461,algoQD,24,126,0.9998885772967968,5.415455067064613
2462,algoQD,24,126,0.9998885772967968,5.711815409827977
2463,algoQD,24,126,0.9998885772967968,5.487471001688391
2464,algoQD,24,126,0.9998885772967968,5.495042956899852
2465,algoQD,24,126,0.9998885772967968,5.785288338083774
2466,algoQD,24,126,0.9998885772967968,5.15735728899017
2467,algoQD,24,126,0.9998885772967968,5.770257622003555
2468,algoQD,24,126,0.9998885772967968,5.8756183022633195
2469,algoQD,24,126,0.9998885772967968,5.898376388009638
2470,algoQD,24,126,0.9998885772967968,5.620206099003553
2471,algoQD,24,126,0.9998885772967968,5.549046530853957
2472,algoQD,24,126,0.9998885772967968,5.740163315087557
2473,algoQD,24,126,0.9998885772967968,5.562772564124316
2474,algoQD,24,126,0.9998885772967968,5.648053499404341
2475,algoQD,24,126,0.9998885772967968,5.379006805829704
2476,algoQD,24,126,0.9998885772967968,5.593024977948517
2477,algoQD,24,126,0.9998885772967968,5.55318325618282
2478,algoQD,24,126,0.9998885772967968,6.7825164860114455
2479,algoQD,24,126,0.9998885772967968,5.603238391689956
2480,algoQD,24,126,0.9998885772967968,6.3234520656988025
2481,algoQD,24,126,0.9998885772967968,5.555475488305092
2482,algoQD,24,126,0.9998885772967968,5.711360029876232
2483,algoQD,24,126,0.9998885772967968,6.1544759892858565
2484,algoQD,24,126,0.9998885772967968,5.486007787287235
2485,algoQD,24,126,0.9998885772967968,6.010965744964778
2486,algoQD,24,126,0.9998885772967968,6.171988494694233
2487,algoQD,24,126,0.9998885772967968,6.181221638806164
2488,algoQD,24,126,0.9998885772967968,5.341775638051331
2489,algoQD,24,126,0.9998885772967968,5.4987901649437845
2490,algoQD,24,126,0.9998885772967968,6.525387980043888
2491,algoQD,24,126,0.9998885772967968,6.542899432126433
2492,algoQD,24,126,0.9998885772967968,5.413398219738156
2493,algoQD,24,126,0.9998885772967968,5.992650424130261
2494,algoQD,24,126,0.9998885772967968,6.097111785784364
2495,algoQD,24,126,0.9998885772967968,5.96895870519802
2496,algoQD,24,126,0.9998885772967968,5.37159259011969
2497,algoQD,24,126,0.9998885772967968,5.69225201010704
2498,algoQD,24,126,0.9998885772967968,6.145072543993592
2499,algoQD,24,126,0.9998885772967968,5.937197050079703
2500,algoQD,25,126,0.9998885772967968,5.644897466991097
2501,algoQD,25,126,0.9998885772967968,5.721006545238197
2502,algoQD,25,126,0.9998885772967968,6.087196704000235
2503,algoQD,25,126,0.9998885772967968,5.610603667795658
2504,algoQD,25,126,0.9998885772967968,6.6771225719712675
2505,algoQD,25,126,0.9998885772967968,5.5608135922811925
2506,algoQD,25,126,0.9998885772967968,6.0923607288859785
2507,algoQD,25,126,0.9998885772967968,6.2401002631522715
2508,algoQD,25,126,0.9998885772967968,5.493527394253761
2509,algoQD,25,126,0.9998885772967968,5.269865101668984
2510,algoQD,25,126,0.9998885772967968,6.320770879741758
2511,algoQD,25,126,0.9998885772967968,5.422202714253217
2512,algoQD,25,126,0.9998885772967968,5.589030771981925
2513,algoQD,25,126,0.9998885772967968,5.277950067073107
2514,algoQD,25,126,0.9998885772967968,6.116324703209102
2515,algoQD,25,126,0.9998885772967968,5.636084096040577
2516,algoQD,25,126,0.9998885772967968,6.2049850332550704
2517,algoQD,25,126,0.9998885772967968,5.720996975898743
2518,algoQD,25,126,0.9998885772967968,5.2821714309975505
2519,algoQD,25,126,0.9998885772967968,5.196221663150936
2520,algoQD,25,126,0.9998885772967968,6.3115775915794075
2521,algoQD,25,126,0.9998885772967968,6.520965424831957
2522,algoQD,25,126,0.9998885772967968,5.625426851212978
2523,algoQD,25,126,0.9998885772967968,5.818585615139455
2524,algoQD,25,126,0.9998885772967968,5.679304489400238
2525,algoQD,25,126,0.9998885772967968,5.783865030389279
2526,algoQD,25,126,0.9998885772967968,5.950914905872196
2527,algoQD,25,126,0.9998885772967968,5.6365342969074845
2528,algoQD,25,126,0.9998885772967968,5.096624039579183
2529,algoQD,25,126,0.9998885772967968,5.542793336790055
2530,algoQD,25,126,0.9998885772967968,5.815427549183369
2531,algoQD,25,126,0.9998885772967968,6.253670261241496
2532,algoQD,25,126,0.9998885772967968,5.4177783648483455
2533,algoQD,25,126,0.9998885772967968,5.545927109196782
2534,algoQD,25,126,0.9998885772967968,5.238246978726238
2535,algoQD,25,126,0.9998885772967968,5.093564108014107
2536,algoQD,25,126,0.9998885772967968,5.2635394730605185
2537,algoQD,25,126,0.9998885772967968,6.351414112839848
2538,algoQD,25,126,0.9998885772967968,5.458217577077448
2539,algoQD,25,126,0.9998885772967968,5.01528090192005
2540,algoQD,25,126,0.9998885772967968,6.181554407812655
2541,algoQD,25,126,0.9998885772967968,6.168561219703406
2542,algoQD,25,126,0.9998885772967968,5.2523974110372365
2543,algoQD,25,126,0.9998885772967968,5.193782474845648
2544,algoQD,25,126,0.9998885772967968,5.8150830077938735
2545,algoQD,25,126,0.9998885772967968,5.519523484632373
2546,algoQD,25,126,0.9998885772967968,5.2088234312832355
2547,algoQD,25,126,0.9998885772967968,5.201664565131068
2548,algoQD,25,126,0.9998885772967968,5.579500277061015
2549,algoQD,25,126,0.9998885772967968,5.254458686802536
2550,algoQD,25,126,0.9998885772967968,5.011094373650849
2551,algoQD,25,126,0.9998885772967968,5.431185848079622
2552,algoQD,25,126,0.9998885772967968,4.813357461243868
2553,algoQD,25,126,0.9998885772967968,5.6155905979685485
2554,algoQD,25,126,0.9998885772967968,5.322069398127496
2555,algoQD,25,126,0.9998885772967968,5.268018833827227
2556,algoQD,25,126,0.9998885772967968,5.091604245360941
2557,algoQD,25,126,0.9998885772967968,4.848998396191746
2558,algoQD,25,126,0.9998885772967968,5.262117214035243
2559,algoQD,25,126,0.9998885772967968,5.3640820709988475
2560,algoQD,25,126,0.9998885772967968,5.772839789278805
2561,algoQD,25,126,0.9998885772967968,5.6759082530625165
2562,algoQD,25,126,0.9998885772967968,5.30854789307341
2563,algoQD,25,126,0.9998885772967968,5.042224957142025
2564,algoQD,25,126,0.9998885772967968,5.585845434106886
2565,algoQD,25,126,0.9998885772967968,4.869052224326879
2566,algoQD,25,126,0.9998885772967968,4.928706975188106
2567,algoQD,25,126,0.9998885772967968,4.839967033825815
2568,algoQD,25,126,0.9998885772967968,5.863988029770553
2569,algoQD,25,126,0.9998885772967968,5.152073176112026
2570,algoQD,25,126,0.9998885772967968,5.056571249850094
2571,algoQD,25,126,0.9998885772967968,4.946957854088396
2572,algoQD,25,126,0.9998885772967968,5.52413509786129
2573,algoQD,25,126,0.9998885772967968,5.234527105931193
2574,algoQD,25,126,0.9998885772967968,5.872284744400531
2575,algoQD,25,126,0.9998885772967968,5.350330036133528
2576,algoQD,25,126,0.9998885772967968,5.022352071013302
2577,algoQD,25,126,0.9998885772967968,5.437895225826651
2578,algoQD,25,126,0.9998885772967968,5.440819730050862
2579,algoQD,25,126,0.9998885772967968,5.35510788531974
2580,algoQD,25,126,0.9998885772967968,6.51351755997166
2581,algoQD,25,126,0.9998885772967968,5.266378506086767
2582,algoQD,25,126,0.9998885772967968,5.068626913707703
2583,algoQD,25,126,0.9998885772967968,4.945399562828243
2584,algoQD,25,126,0.9998885772967968,5.946049178950489
2585,algoQD,25,126,0.9998885772967968,4.987823160365224
2586,algoQD,25,126,0.9998885772967968,5.579633205663413
2587,algoQD,25,126,0.9998885772967968,5.525178860872984
2588,algoQD,25,126,0.9998885772967968,5.3688427419401705
2589,algoQD,25,126,0.9998885772967968,5.201496881898493
2590,algoQD,25,126,0.9998885772967968,4.994458643719554
2591,algoQD,25,126,0.9998885772967968,5.713142422027886
2592,algoQD,25,126,0.9998885772967968,5.189026303589344
2593,algoQD,25,126,0.9998885772967968,5.1109234699979424
2594,algoQD,25,126,0.9998885772967968,5.213667754549533
2595,algoQD,25,126,0.9998885772967968,5.340359983034432
2596,algoQD,25,126,0.9998885772967968,5.407900428399444
2597,algoQD,25,126,0.9998885772967968,5.665739158168435
2598,algoQD,25,127,0.9998885772967968,5.121542350854725
2599,algoQD,25,127,0.9998885772967968,5.254224414937198
2600,algoQD,26,127,0.9998885772967968,5.734998321160674
2601,algoQD,26,127,0.9998885772967968,4.812745864037424
2602,algoQD,26,127,0.9998885772967968,4.642330606002361
2603,algoQD,26,127,0.9998885772967968,5.633791442029178
2604,algoQD,26,127,0.9998885772967968,5.21002990193665
2605,algoQD,26,127,0.9998885772967968,4.912376394961029
2606,algoQD,26,127,0.9998885772967968,5.5715685919858515
2607,algoQD,26,127,0.9998885772967968,5.407959681004286
2608,algoQD,26,127,0.9998885772967968,5.331765404902399
2609,algoQD,26,127,0.9998885772967968,5.3535360442474484
2610,algoQD,26,127,0.9998885772967968,6.064383936114609
2611,algoQD,26,127,0.9998885772967968,6.118868730030954
2612,algoQD,26,127,0.9998885772967968,5.472527542151511
2613,algoQD,26,127,0.9998885772967968,5.697246300056577
2614,algoQD,26,127,0.9998885772967968,6.231254249345511
2615,algoQD,26,127,0.9998885772967968,5.276328794658184
2616,algoQD,26,127,0.9998885772967968,5.276517030317336
2617,algoQD,26,127,0.9998885772967968,5.781691045034677
2618,algoQD,26,127,0.9998885772967968,5.8286126693710685
2619,algoQD,26,127,0.9998885772967968,5.2742496891878545
2620,algoQD,26,127,0.9998885772967968,6.330743452999741
2621,algoQD,26,127,0.9998885772967968,5.089582532178611
2622,algoQD,26,127,0.9998885772967968,5.154105329886079
2623,algoQD,26,127,0.9998885772967968,6.2415161351673305
2624,algoQD,26,127,0.9998885772967968,5.4777147229760885
2625,algoQD,26,127,0.9998885772967968,5.590407059993595
2626,algoQD,26,127,0.9998885772967968,5.511216012760997
2627,algoQD,26,127,0.9998885772967968,5.562509695999324
2628,algoQD,26,127,0.9998885772967968,6.050839138682932
2629,algoQD,26,127,0.9998885772967968,5.350396653171629
2630,algoQD,26,127,0.9998885772967968,5.262443672865629
2631,algoQD,26,127,0.9998885772967968,5.4783807708881795
2632,algoQD,26,127,0.9998885772967968,6.472141861915588
2633,algoQD,26,127,0.9998885772967968,5.270570385735482
2634,algoQD,26,127,0.9998885772967968,5.419295095838606
2635,algoQD,26,127,0.9998885772967968,6.123471857048571
2636,algoQD,26,127,0.9998885772967968,5.657242825720459
2637,algoQD,26,127,0.9998885772967968,5.121757287997752
2638,algoQD,26,127,0.9998885772967968,5.91112977033481
2639,algoQD,26,127,0.9998885772967968,5.8180597722530365
2640,algoQD,26,127,0.9998885772967968,5.54752608994022
2641,algoQD,26,127,0.9998885772967968,5.043256014119834
2642,algoQD,26,127,0.9998885772967968,5.588766040746123
2643,algoQD,26,127,0.9998885772967968,5.534907901659608
2644,algoQD,26,127,0.9998885772967968,4.871119603980333
2645,algoQD,26,127,0.9998885772967968,5.239543962292373
2646,algoQD,26,127,0.9998885772967968,4.750115713104606
2647,algoQD,26,127,0.9998885772967968,4.820768220815808
2648,algoQD,26,127,0.9998885772967968,6.285044989548624
2649,algoQD,26,127,0.9998885772967968,6.115867609158158
2650,algoQD,26,127,0.9998885772967968,6.023305390961468
2651,algoQD,26,127,0.9998885772967968,6.058986809570342
2652,algoQD,26,127,0.9998885772967968,5.271728743799031
2653,algoQD,26,127,0.9998885772967968,6.020931798033416
2654,algoQD,26,127,0.9998885772967968,6.442089598625898
2655,algoQD,26,127,0.9998885772967968,5.745104405097663
2656,algoQD,26,127,0.9998885772967968,5.7684055948629975
2657,algoQD,26,127,0.9998885772967968,5.782149080187082
2658,algoQD,26,127,0.9998885772967968,5.493631693068892
2659,algoQD,26,127,0.9998885772967968,6.164906384889036
2660,algoQD,26,127,0.9998885772967968,5.663434104062617
2661,algoQD,26,127,0.9998885772967968,5.494268404785544
2662,algoQD,26,127,0.9998885772967968,5.6041659829206765
2663,algoQD,26,127,0.9998885772967968,5.77927862573415
2664,algoQD,26,127,0.9998885772967968,5.418282542843372
2665,algoQD,26,127,0.9998885772967968,6.217120747547597
2666,algoQD,26,127,0.9998885772967968,6.037908178754151
2667,algoQD,26,127,0.9998885772967968,6.5164044932462275
2668,algoQD,26,127,0.9998885772967968,6.4110987996682525
2669,algoQD,26,127,0.9998885772967968,5.483880429994315
2670,algoQD,26,127,0.9998885772967968,6.160817169118673
2671,algoQD,26,127,0.9998885772967968,6.6756423860788345
2672,algoQD,26,127,0.9998885772967968,5.301845521200448
2673,algoQD,26,127,0.9998885772967968,5.7872971650213
2674,algoQD,26,127,0.9998885772967968,6.011021234095097
2675,algoQD,26,127,0.9998885772967968,5.715813047252595
2676,algoQD,26,127,0.9998885772967968,5.388030820060521
2677,algoQD,26,127,0.9998885772967968,5.318722183816135
2678,algoQD,26,127,0.9998885772967968,5.705798298120499
2679,algoQD,26,127,0.9998885772967968,5.769158056937158
2680,algoQD,26,127,0.9998885772967968,5.382797124329954
2681,algoQD,26,127,0.9998885772967968,5.725915221963078
2682,algoQD,26,127,0.9998885772967968,5.394970191176981
2683,algoQD,26,127,0.9998885772967968,5.281012393068522
2684,algoQD,26,127,0.9998885772967968,5.8730521821416914
2685,algoQD,26,127,0.9998885772967968,5.9956415090709925
2686,algoQD,26,127,0.9998885772967968,5.893297129776329
2687,algoQD,26,127,0.9998885772967968,5.73876189161092
2688,algoQD,26,127,0.9998885772967968,5.660495220217854
2689,algoQD,26,127,0.9998885772967968,5.158688888885081
2690,algoQD,26,127,0.9998885772967968,5.2569809928536415
2691,algoQD,26,128,0.9998885772967968,5.021955080796033
2692,algoQD,26,128,0.9998885772967968,5.5908226650208235
2693,algoQD,26,128,0.9998885772967968,6.114565800875425
2694,algoQD,26,128,0.9998885772967968,5.398845391813666
2695,algoQD,26,128,0.9998885772967968,6.324413795024157
2696,algoQD,26,128,0.9998885772967968,5.856932942289859
2697,algoQD,26,128,0.9998885772967968,5.61507320124656
2698,algoQD,26,128,0.9998885772967968,5.595156924333423
2699,algoQD,26,128,0.9998885772967968,5.380881605204195
2700,algoQD,27,128,0.9998885772967968,6.00332992291078
2701,algoQD,27,128,0.9998885772967968,5.791534640360624
2702,algoQD,27,128,0.9998885772967968,5.210744983982295
2703,algoQD,27,128,0.9998885772967968,5.398480943404138
2704,algoQD,27,128,0.9998885772967968,5.606628595851362
2705,algoQD,27,128,0.9998885772967968,4.927352698985487
2706,algoQD,27,128,0.9998885772967968,5.097956735175103
2707,algoQD,27,128,0.9998885772967968,5.081687647849321
2708,algoQD,27,128,0.9998885772967968,5.7995982938446105
2709,algoQD,27,128,0.9998885772967968,5.53921338589862
2710,algoQD,27,128,0.9998885772967968,6.193496817257255
2711,algoQD,27,128,0.9998885772967968,5.282516222912818
2712,algoQD,27,128,0.9998885772967968,6.470418917015195
2713,algoQD,27,128,0.9998885772967968,6.395275397226214
2714,algoQD,27,128,0.9998885772967968,5.165252048987895
2715,algoQD,27,128,0.9998885772967968,5.872693927027285
2716,algoQD,27,128,0.9998885772967968,5.777041119057685
2717,algoQD,27,128,0.9998885772967968,6.009904423728585
2718,algoQD,27,128,0.9998885772967968,6.149308224674314
2719,algoQD,27,128,0.9998885772967968,6.062653888948262
2720,algoQD,27,128,0.9998885772967968,5.892041228245944
2721,algoQD,27,128,0.9998885772967968,5.713128115050495
2722,algoQD,27,128,0.9998885772967968,5.464518633671105
2723,algoQD,27,128,0.9998885772967968,5.344332295935601
2724,algoQD,27,128,0.9998885772967968,5.611473008990288
2725,algoQD,27,128,0.9998885772967968,6.045594991184771
2726,algoQD,27,128,0.9998885772967968,5.420713596045971
2727,algoQD,27,128,0.9998885772967968,5.34190122410655
2728,algoQD,27,128,0.9998885772967968,5.376085525378585
2729,algoQD,27,128,0.9998885772967968,5.943046847824007
2730,algoQD,27,128,0.9998885772967968,5.395242826081812
2731,algoQD,27,128,0.9998885772967968,5.273435948882252
2732,algoQD,27,128,0.9998885772967968,5.481473812833428
2733,algoQD,27,128,0.9998885772967968,6.030451402068138
2734,algoQD,27,128,0.9998885772967968,6.019407859072089
2735,algoQD,27,128,0.9998885772967968,5.108990238048136
2736,algoQD,27,128,0.9998885772967968,6.528827494010329
2737,algoQD,27,128,0.9998885772967968,6.639430854935199
2738,algoQD,27,128,0.9998885772967968,6.253227890003473
2739,algoQD,27,128,0.9998885772967968,5.305877878796309
2740,algoQD,27,128,0.9998885772967968,5.410109622403979
2741,algoQD,27,128,0.9998885772967968,6.624995493795723
2742,algoQD,27,128,0.9998885772967968,5.762507101986557
2743,algoQD,27,128,0.9998885772967968,6.111292896792293
2744,algoQD,27,128,0.9998885772967968,6.267079799901694
2745,algoQD,27,128,0.9998885772967968,6.778021049220115
2746,algoQD,27,128,0.9998885772967968,6.2622212008573115
2747,algoQD,27,128,0.9998885772967968,6.232987933792174
2748,algoQD,27,128,0.9998885772967968,5.654331035912037
2749,algoQD,27,128,0.9998885772967968,5.968569945078343
2750,algoQD,27,128,0.9998885772967968,5.877372364979237
2751,algoQD,27,128,0.9998885772967968,6.368443586863577
2752,algoQD,27,128,0.9998885772967968,5.414384989999235
2753,algoQD,27,128,0.9998885772967968,5.288603151682764
2754,algoQD,27,128,0.9998885772967968,5.875074474141002
2755,algoQD,27,128,0.9998885772967968,6.2613450163044035
2756,algoQD,27,128,0.9998885772967968,5.658612092956901
2757,algoQD,27,128,0.9998885772967968,5.468540661036968
2758,algoQD,27,128,0.9998885772967968,5.91287018917501
2759,algoQD,27,128,0.9998885772967968,5.784046388696879
2760,algoQD,27,128,0.9998885772967968,5.797611486166716
2761,algoQD,27,128,0.9998885772967968,6.429550835862756
2762,algoQD,27,128,0.9998885772967968,5.586185528896749
2763,algoQD,27,128,0.9998885772967968,6.338818114250898
2764,algoQD,27,128,0.9998885772967968,6.9119187272153795
2765,algoQD,27,128,0.9998885772967968,6.348592380061746
2766,algoQD,27,128,0.9998885772967968,6.030118939001113
2767,algoQD,27,128,0.9998885772967968,6.2346200230531394
2768,algoQD,27,128,0.9998885772967968,5.9097512499429286
2769,algoQD,27,128,0.9998885772967968,5.51425626128912
2770,algoQD,27,128,0.9998885772967968,6.018237242940813
2771,algoQD,27,128,0.9998885772967968,5.559142749756575
2772,algoQD,27,128,0.9998885772967968,6.427638965193182
2773,algoQD,27,128,0.9998885772967968,5.984328501392156
2774,algoQD,27,128,0.9998885772967968,5.762139441911131
2775,algoQD,27,128,0.9998885772967968,6.873814369086176
2776,algoQD,27,128,0.9998885772967968,6.303270698990673
2777,algoQD,27,128,0.9998885772967968,5.795838705729693
2778,algoQD,27,128,0.9998885772967968,6.776399913709611
2779,algoQD,27,128,0.9998885772967968,6.067722939886153
2780,algoQD,27,128,0.9998885772967968,5.48355600098148
2781,algoQD,27,128,0.9998885772967968,6.204588386695832
2782,algoQD,27,128,0.9998885772967968,5.812955914996564
2783,algoQD,27,128,0.9998885772967968,5.908316621091217
2784,algoQD,27,128,0.9998885772967968,5.577648840844631
2785,algoQD,27,128,0.9998885772967968,6.420895976014435
2786,algoQD,27,128,0.9998885772967968,6.32688654307276
2787,algoQD,27,128,0.9998885772967968,6.044305920600891
2788,algoQD,27,128,0.9998885772967968,5.411236686166376
2789,algoQD,27,128,0.9998885772967968,6.682737838011235
2790,algoQD,27,128,0.9998885772967968,5.395028424914926
2791,algoQD,27,128,0.9998885772967968,5.90158902015537
2792,algoQD,27,128,0.9998885772967968,5.846012195106596
2793,algoQD,27,128,0.9998885772967968,6.608195441775024
2794,algoQD,27,128,0.9998885772967968,6.229414278175682
2795,algoQD,27,128,0.9998885772967968,6.3382321279495955
2796,algoQD,27,128,0.9998885772967968,6.019325488246977
2797,algoQD,27,128,0.9998885772967968,5.383752934169024
2798,algoQD,27,128,0.9998885772967968,5.842085084877908
2799,algoQD,27,128,0.9998885772967968,6.657287145964801
2800,algoQD,28,128,0.9998885772967968,5.595427008811384
2801,algoQD,28,128,0.9998885772967968,5.4631128301844
2802,algoQD,28,128,0.9998885772967968,5.91505565168336
2803,algoQD,28,128,0.9998885772967968,6.074129772838205
2804,algoQD,28,128,0.9998885772967968,5.740096396766603
2805,algoQD,28,128,0.9998885772967968,5.762702817097306
2806,algoQD,28,128,0.9998885772967968,6.603846445214003
2807,algoQD,28,128,0.9998885772967968,5.214044961612672
2808,algoQD,28,128,0.9998885772967968,5.562127768993378
2809,algoQD,28,128,0.9998885772967968,6.200449116062373
2810,algoQD,28,128,0.9998885772967968,5.722204816993326
2811,algoQD,28,128,0.9998885772967968,5.630813470110297
2812,algoQD,28,128,0.9998885772967968,5.005633508786559
2813,algoQD,28,128,0.9998885772967968,5.172111430205405
2814,algoQD,28,128,0.9998885772967968,5.746009359136224
2815,algoQD,28,128,0.9998885772967968,6.155216173268855
2816,algoQD,28,128,0.9998885772967968,5.628031134139746
2817,algoQD,28,128,0.9998885772967968,5.932503792922944
2818,algoQD,28,128,0.9998885772967968,5.397671748884022
2819,algoQD,28,128,0.9998885772967968,4.924776344094425
2820,algoQD,28,128,0.9998885772967968,5.016510548070073
2821,algoQD,28,128,0.9998885772967968,5.7000123942270875
2822,algoQD,28,128,0.9998885772967968,4.931212072726339
2823,algoQD,28,128,0.9998885772967968,5.053285592701286
2824,algoQD,28,128,0.9998885772967968,5.875083385966718
2825,algoQD,28,128,0.9998885772967968,4.822469125967473
2826,algoQD,28,128,0.9998885772967968,5.746998748276383
2827,algoQD,28,128,0.9998885772967968,5.677977353334427
2828,algoQD,28,128,0.9998885772967968,5.461245561949909
2829,algoQD,28,128,0.9998885772967968,5.161586154717952
2830,algoQD,28,128,0.9998885772967968,4.574347414076328
2831,algoQD,28,128,0.9998885772967968,5.126106285955757
2832,algoQD,28,128,0.9998885772967968,4.344348399434239
2833,algoQD,28,128,0.9998885772967968,4.674855221994221
2834,algoQD,28,128,0.9998885772967968,5.016306892968714
2835,algoQD,28,128,0.9998885772967968,5.462042127735913
2836,algoQD,28,128,0.9998885772967968,4.524467731360346
2837,algoQD,28,128,0.9998885772967968,4.372259879019111
2838,algoQD,28,128,0.9998885772967968,5.059827844146639
2839,algoQD,28,128,0.9998885772967968,4.741411181166768
2840,algoQD,28,128,0.9998885772967968,4.769101002719253
2841,algoQD,28,128,0.9998885772967968,4.550849972292781
2842,algoQD,28,128,0.9998885772967968,4.6785529288463295
2843,algoQD,28,128,0.9998885772967968,4.66562243970111
2844,algoQD,28,128,0.9998885772967968,4.67266399320215
2845,algoQD,28,128,0.9998885772967968,5.565382498316467
2846,algoQD,28,128,0.9998885772967968,5.597663201857358
2847,algoQD,28,128,0.9998885772967968,5.200835345312953
2848,algoQD,28,128,0.9998885772967968,5.296042139176279
2849,algoQD,28,128,0.9998885772967968,5.521749658044428
2850,algoQD,28,128,0.9998885772967968,5.1351371090859175
2851,algoQD,28,128,0.9998885772967968,5.002864620182663
2852,algoQD,28,128,0.9998885772967968,5.521285529714078
2853,algoQD,28,128,0.9998885772967968,5.053590800613165
2854,algoQD,28,128,0.9998885772967968,5.3017552136443555
2855,algoQD,28,128,0.9998885772967968,5.3992151147685945
2856,algoQD,28,128,0.9998885772967968,4.941304348874837
2857,algoQD,28,128,0.9998885772967968,5.095169811043888
2858,algoQD,28,128,0.9998885772967968,5.033578304108232
2859,algoQD,28,128,0.9998885772967968,4.996290770359337
2860,algoQD,28,128,0.9998885772967968,4.922897754702717
2861,algoQD,28,128,0.9998885772967968,5.032070123124868
2862,algoQD,28,128,0.9998885772967968,6.1163044408895075
2863,algoQD,28,128,0.9998885772967968,5.256538731046021
2864,algoQD,28,128,0.9998885772967968,5.218240024987608
2865,algoQD,28,128,0.9998885772967968,5.424989707767963
2866,algoQD,28,128,0.9998885772967968,5.389163054060191
2867,algoQD,28,128,0.9998885772967968,4.928761101793498
2868,algoQD,28,128,0.9998885772967968,5.4689145209267735
2869,algoQD,28,128,0.9998885772967968,4.971435102168471
2870,algoQD,28,128,0.9998885772967968,4.735068527981639
2871,algoQD,28,128,0.9998885772967968,5.861886793747544
2872,algoQD,28,128,0.9998885772967968,5.190098260063678
2873,algoQD,28,128,0.9998885772967968,5.750362311955541
2874,algoQD,28,128,0.9998885772967968,5.9859033967368305
2875,algoQD,28,128,0.9998885772967968,5.564054760150611
2876,algoQD,28,128,0.9998885772967968,5.296534721273929
2877,algoQD,28,128,0.9998885772967968,5.389478052034974
2878,algoQD,28,128,0.9998885772967968,5.489334828685969
2879,algoQD,28,128,0.9998885772967968,5.340153556317091
2880,algoQD,28,128,0.9998885772967968,5.054454061202705
2881,algoQD,28,128,0.9998885772967968,5.203111975919455
2882,algoQD,28,128,0.9998885772967968,5.266237864270806
2883,algoQD,28,128,0.9998885772967968,5.830443372018635
2884,algoQD,28,128,0.9998885772967968,5.572460270021111
2885,algoQD,28,128,0.9998885772967968,5.5184259680099785
2886,algoQD,28,128,0.9998885772967968,5.300332495942712
2887,algoQD,28,128,0.9998885772967968,5.808451283257455
2888,algoQD,28,128,0.9998885772967968,5.8622003071941435
2889,algoQD,28,128,0.9998885772967968,5.234419021289796
2890,algoQD,28,128,0.9998885772967968,5.703236393164843
2891,algoQD,28,128,0.9998885772967968,5.39613173995167
2892,algoQD,28,128,0.9998885772967968,5.355094691738486
2893,algoQD,28,128,0.9998885772967968,5.9742362652905285
2894,algoQD,28,128,0.9998885772967968,5.22666250821203
2895,algoQD,28,128,0.9998885772967968,5.132701897993684
2896,algoQD,28,128,0.9998885772967968,5.760667129419744
2897,algoQD,28,128,0.9998885772967968,6.149676016997546
2898,algoQD,28,128,0.9998885772967968,5.276661206036806
2899,algoQD,28,128,0.9998885772967968,5.099907240830362
2900,algoQD,29,128,0.9998885772967968,6.108502651099116
2901,algoQD,29,128,0.9998885772967968,5.147998506203294
2902,algoQD,29,128,0.9998885772967968,5.769536236766726
2903,algoQD,29,128,0.9998885772967968,6.13989929901436
2904,algoQD,29,128,0.9998885772967968,5.958551643881947
2905,algoQD,29,128,0.9998885772967968,5.451584951020777
2906,algoQD,29,128,0.9998885772967968,6.311582681257278
2907,algoQD,29,128,0.9998885772967968,5.191850672010332
2908,algoQD,29,128,0.9998885772967968,6.005258362740278
2909,algoQD,29,128,0.9998885772967968,5.770265162922442
2910,algoQD,29,129,0.9998885772967968,5.808218434918672
2911,algoQD,29,129,0.9998885772967968,5.7787287617102265
2912,algoQD,29,129,0.9998885772967968,5.559792138170451
2913,algoQD,29,129,0.9998885772967968,5.272132681217045
2914,algoQD,29,129,0.9998885772967968,5.204823138657957
2915,algoQD,29,129,0.9998885772967968,5.935118704102933
2916,algoQD,29,129,0.9998885772967968,6.010771458037198
2917,algoQD,29,129,0.9998885772967968,5.9600625382736325
2918,algoQD,29,129,0.9998885772967968,6.033143562730402
2919,algoQD,29,129,0.9998885772967968,5.996024979278445
2920,algoQD,29,129,0.9998885772967968,5.185096452012658
2921,algoQD,29,129,0.9998885772967968,5.632367325015366
2922,algoQD,29,129,0.9998885772967968,4.929303215816617
2923,algoQD,29,129,0.9998885772967968,5.673797966912389
2924,algoQD,29,129,0.9998885772967968,4.926694768946618
2925,algoQD,29,129,0.9998885772967968,6.125598350074142
2926,algoQD,29,129,0.9998885772967968,5.549840616993606
2927,algoQD,29,129,0.9998885772967968,4.653815975878388
2928,algoQD,29,129,0.9998885772967968,5.604107657913119
2929,algoQD,29,129,0.9998885772967968,5.696353347972035
2930,algoQD,29,129,0.9998885772967968,5.644660640042275
2931,algoQD,29,129,0.9998885772967968,4.965775609947741
2932,algoQD,29,129,0.9998885772967968,5.015333764720708
2933,algoQD,29,129,0.9998885772967968,5.934206380974501
2934,algoQD,29,129,0.9998885772967968,6.010203734971583
2935,algoQD,29,129,0.9998885772967968,5.1343491189181805
2936,algoQD,29,129,0.9998885772967968,5.7401151531375945
2937,algoQD,29,129,0.9998885772967968,5.824185910169035
2938,algoQD,29,129,0.9998885772967968,5.72488012118265
2939,algoQD,29,129,0.9998885772967968,5.903730134945363
2940,algoQD,29,129,0.9998885772967968,5.461258216761053
2941,algoQD,29,129,0.9998885772967968,6.263030415866524
2942,algoQD,29,129,0.9998885772967968,5.143229899927974
2943,algoQD,29,129,0.9998885772967968,5.491438822820783
2944,algoQD,29,129,0.9998885772967968,5.522336462978274
2945,algoQD,29,129,0.9998885772967968,6.376715631224215
2946,algoQD,29,129,0.9998885772967968,5.434857165906578
2947,algoQD,29,129,0.9998885772967968,5.38156131003052
2948,algoQD,29,129,0.9998885772967968,6.069006695877761
2949,algoQD,29,129,0.9998885772967968,5.626963305287063
2950,algoQD,29,129,0.9998885772967968,6.172424772754312
2951,algoQD,29,129,0.9998885772967968,5.465915672946721
2952,algoQD,29,129,0.9998885772967968,5.687841645907611
2953,algoQD,29,129,0.9998885772967968,6.113218440208584
2954,algoQD,29,129,0.9998885772967968,5.333792515099049
2955,algoQD,29,129,0.9998885772967968,5.329446357209235
2956,algoQD,29,129,0.9998885772967968,6.511603862047195
2957,algoQD,29,129,0.9998885772967968,5.48118093283847
2958,algoQD,29,129,0.9998885772967968,5.843450353015214
2959,algoQD,29,129,0.9998885772967968,6.004293218720704
2960,algoQD,29,129,0.9998885772967968,5.304852030239999
2961,algoQD,29,129,0.9998885772967968,5.362887122202665
2962,algoQD,29,129,0.9998885772967968,5.458053299225867
2963,algoQD,29,129,0.9998885772967968,5.535250450018793
2964,algoQD,29,129,0.9998885772967968,5.953933088108897
2965,algoQD,29,129,0.9998885772967968,4.750294026918709
2966,algoQD,29,129,0.9998885772967968,5.678300962317735
2967,algoQD,29,129,0.9998885772967968,5.69900458632037
2968,algoQD,29,129,0.9998885772967968,5.898545280098915
2969,algoQD,29,129,0.9998885772967968,6.416716611012816
2970,algoQD,29,129,0.9998885772967968,6.057940187864006
2971,algoQD,29,129,0.9998885772967968,5.679854685906321
2972,algoQD,29,129,0.9998885772967968,5.952600197866559
2973,algoQD,29,129,0.9998885772967968,5.144408920779824
2974,algoQD,29,129,0.9998885772967968,5.546686014160514
2975,algoQD,29,129,0.9998885772967968,6.33635234599933
2976,algoQD,29,129,0.9998885772967968,5.646123723126948
2977,algoQD,29,129,0.9998885772967968,5.275464180856943
2978,algoQD,29,129,0.9998885772967968,5.693041578866541
2979,algoQD,29,129,0.9998885772967968,5.414086406119168
2980,algoQD,29,129,0.9998885772967968,6.18357060989365
2981,algoQD,29,129,0.9998885772967968,6.339934785850346
2982,algoQD,29,129,0.9998885772967968,6.000547711737454
2983,algoQD,29,129,0.9998885772967968,5.5843700668774545
2984,algoQD,29,129,0.9998885772967968,5.155053130351007
2985,algoQD,29,129,0.9998885772967968,5.360093844123185
2986,algoQD,29,129,0.9998885772967968,5.577991446945816
2987,algoQD,29,129,0.9998885772967968,5.847558023873717
2988,algoQD,29,129,0.9998885772967968,5.521682086866349
2989,algoQD,29,129,0.9998885772967968,5.7355762561783195
2990,algoQD,29,130,0.9998885772967968,5.858309576287866
2991,algoQD,29,130,0.9998885772967968,5.27574314782396
2992,algoQD,29,130,0.9998885772967968,5.594180931802839
2993,algoQD,29,130,0.9998885772967968,5.911402008961886
2994,algoQD,29,130,0.9998885772967968,6.08524768659845
2995,algoQD,29,130,0.9998885772967968,6.7556429211981595
2996,algoQD,29,130,0.9998885772967968,5.267880734056234
2997,algoQD,29,130,0.9998885772967968,5.295649215113372
2998,algoQD,29,130,0.9998885772967968,5.260910616256297
2999,algoQD,29,130,0.9998885772967968,6.126822961028665
3000,algoQD,30,130,0.9998885772967968,5.909585767425597
3001,algoQD,30,130,0.9998885772967968,5.330920089036226
3002,algoQD,30,130,0.9998885772967968,5.677984282840043
3003,algoQD,30,130,0.9998885772967968,5.390581169631332
3004,algoQD,30,130,0.9998885772967968,5.3246354958973825
3005,algoQD,30,130,0.9998885772967968,5.291885143145919
3006,algoQD,30,130,0.9998885772967968,6.154113898985088
3007,algoQD,30,130,0.9998885772967968,5.703904151916504
3008,algoQD,30,130,0.9998885772967968,5.42607853282243
3009,algoQD,30,130,0.9998885772967968,5.3905871217139065
3010,algoQD,30,130,0.9998885772967968,5.232412097975612
3011,algoQD,30,130,0.9998885772967968,5.533092684112489
3012,algoQD,30,130,0.9998885772967968,5.852043197024614
3013,algoQD,30,130,0.9998885772967968,6.526263296138495
3014,algoQD,30,130,0.9998885772967968,5.891099841799587
3015,algoQD,30,130,0.9998885772967968,5.7617612248286605
3016,algoQD,30,130,0.9998885772967968,6.381779637187719
3017,algoQD,30,130,0.9998885772967968,5.7650426351465285
3018,algoQD,30,130,0.9998885772967968,6.055626166053116
3019,algoQD,30,130,0.9998885772967968,5.948065020609647
3020,algoQD,30,130,0.9998885772967968,5.760600773151964
3021,algoQD,30,130,0.9998885772967968,6.073870594147593
3022,algoQD,30,130,0.9998885772967968,5.426667654886842
3023,algoQD,30,130,0.9998885772967968,5.586477058008313
3024,algoQD,30,130,0.9998885772967968,5.816405029036105
3025,algoQD,30,130,0.9998885772967968,6.274645088240504
3026,algoQD,30,130,0.9998885772967968,5.170042078010738
3027,algoQD,30,130,0.9998885772967968,5.291880765929818
3028,algoQD,30,130,0.9998885772967968,5.630719379987568
3029,algoQD,30,130,0.9998885772967968,5.70244906283915
3030,algoQD,30,130,0.9998885772967968,5.685500814113766
3031,algoQD,30,130,0.9998885772967968,5.357886514160782
3032,algoQD,30,130,0.9998885772967968,6.0852130320854485
3033,algoQD,30,130,0.9998885772967968,5.7639126111753285
3034,algoQD,30,130,0.9998885772967968,6.697225397918373
3035,algoQD,30,130,0.9998885772967968,6.224993467330933
3036,algoQD,30,130,0.9998885772967968,6.183023234829307
3037,algoQD,30,130,0.9998885772967968,5.743069221731275
3038,algoQD,30,130,0.9998885772967968,5.579324174206704
3039,algoQD,30,130,0.9998885772967968,5.349230590742081
3040,algoQD,30,130,0.9998885772967968,6.707893513143063
3041,algoQD,30,130,0.9998885772967968,5.62200147099793
3042,algoQD,30,130,0.9998885772967968,6.259411399252713
3043,algoQD,30,130,0.9998885772967968,5.49826914537698
3044,algoQD,30,130,0.9998885772967968,5.845752164255828
3045,algoQD,30,130,0.9998885772967968,5.719502860214561
3046,algoQD,30,130,0.9998885772967968,5.433980179019272
3047,algoQD,30,130,0.9998885772967968,6.508957952726632
3048,algoQD,30,130,0.9998885772967968,5.424491914920509
3049,algoQD,30,130,0.9998885772967968,5.510357942897826
3050,algoQD,30,130,0.9998885772967968,5.2111908961087465
3051,algoQD,30,130,0.9998885772967968,6.031717167235911
3052,algoQD,30,131,0.9998885772967968,5.140200350433588
3053,algoQD,30,131,0.9998885772967968,5.120284415781498
3054,algoQD,30,131,0.9998885772967968,6.065599678084254
3055,algoQD,30,131,0.9998885772967968,6.571924428921193
3056,algoQD,30,131,0.9998885772967968,5.715667164884508
3057,algoQD,30,131,0.9998885772967968,5.099658578634262
3058,algoQD,30,131,0.9998885772967968,4.99608599813655
3059,algoQD,30,131,0.9998885772967968,5.236491413787007
3060,algoQD,30,131,0.9998885772967968,5.150933918077499
3061,algoQD,30,131,0.9998885772967968,6.263972154352814
3062,algoQD,30,132,0.9998885772967968,6.341447641141713
3063,algoQD,30,132,0.9998885772967968,5.472150492016226
3064,algoQD,30,132,0.9998885772967968,5.757553695701063
3065,algoQD,30,132,0.9998885772967968,5.913062763866037
3066,algoQD,30,132,0.9998885772967968,5.706326046958566
3067,algoQD,30,132,0.9998885772967968,5.253453447949141
3068,algoQD,30,132,0.9998885772967968,4.972704014740884
3069,algoQD,30,132,0.9998885772967968,5.2975972248241305
3070,algoQD,30,132,0.9998885772967968,5.863944030832499
3071,algoQD,30,132,0.9998885772967968,5.254736503120512
3072,algoQD,30,132,0.9998885772967968,4.990545472130179
3073,algoQD,30,132,0.9998885772967968,5.155402939766645
3074,algoQD,30,132,0.9998885772967968,5.112422272097319
3075,algoQD,30,132,0.9998885772967968,5.207638784777373
3076,algoQD,30,132,0.9998885772967968,5.2742113140411675
3077,algoQD,30,132,0.9998885772967968,4.937525877263397
3078,algoQD,30,132,0.9998885772967968,5.0933340401388705
3079,algoQD,30,132,0.9998885772967968,5.328194519970566
3080,algoQD,30,132,0.9998885772967968,5.744336607400328
3081,algoQD,30,132,0.9998885772967968,5.338094522245228
3082,algoQD,30,133,0.9998885772967968,5.800033109262586
3083,algoQD,30,133,0.9998885772967968,4.954093737062067
3084,algoQD,30,133,0.9998885772967968,5.777324106544256
3085,algoQD,30,133,0.9998885772967968,4.6422102260403335
3086,algoQD,30,133,0.9998885772967968,5.351821545977145
3087,algoQD,30,133,0.9998885772967968,5.668349081184715
3088,algoQD,30,133,0.9998885772967968,4.965900462120771
3089,algoQD,30,133,0.9998885772967968,4.729685052298009
3090,algoQD,30,133,0.9998885772967968,5.264501882251352
3091,algoQD,30,133,0.9998885772967968,4.768327525816858
3092,algoQD,30,133,0.9998885772967968,5.887909756973386
3093,algoQD,30,133,0.9998885772967968,5.698495855089277
3094,algoQD,30,133,0.9998885772967968,6.090598755981773
3095,algoQD,30,133,0.9998885772967968,5.268526024185121
3096,algoQD,30,133,0.9998885772967968,5.398009994998574
3097,algoQD,30,133,0.9998885772967968,6.43035662965849
3098,algoQD,30,133,0.9998885772967968,5.935070511884987
3099,algoQD,30,133,0.9998885772967968,6.262129905167967
3100,algoQD,31,133,0.9998885772967968,5.34592602821067
3101,algoQD,31,133,0.9998885772967968,5.799613666255027
3102,algoQD,31,133,0.9998885772967968,5.461052655708045
3103,algoQD,31,133,0.9998885772967968,5.737666856031865
3104,algoQD,31,133,0.9998885772967968,5.705728097353131
3105,algoQD,31,133,0.9998885772967968,6.069038333836943
3106,algoQD,31,133,0.9998885772967968,5.51458471827209
3107,algoQD,31,133,0.9998885772967968,5.292210367973894
3108,algoQD,31,133,0.9998885772967968,5.646669654175639
3109,algoQD,31,133,0.9998885772967968,6.038376267999411
3110,algoQD,31,133,0.9998885772967968,5.190123585984111
3111,algoQD,31,133,0.9998885772967968,5.196482136845589
3112,algoQD,31,133,0.9998885772967968,5.13578981673345
3113,algoQD,31,133,0.9998885772967968,5.338643298950046
3114,algoQD,31,133,0.9998885772967968,5.106486988719553
3115,algoQD,31,133,0.9998885772967968,5.670490388292819
3116,algoQD,31,133,0.9998885772967968,5.188714272808284
3117,algoQD,31,133,0.9998885772967968,5.309004505164921
3118,algoQD,31,133,0.9998885772967968,4.9637417029589415
3119,algoQD,31,133,0.9998885772967968,4.966478663962334
3120,algoQD,31,133,0.9998885772967968,5.387486573774368
3121,algoQD,31,133,0.9998885772967968,5.14911991218105
3122,algoQD,31,133,0.9998885772967968,5.442893370054662
3123,algoQD,31,133,0.9998885772967968,5.143448708113283
3124,algoQD,31,133,0.9998885772967968,5.808009137399495
3125,algoQD,31,133,0.9998885772967968,6.138930905610323
3126,algoQD,31,133,0.9998885772967968,5.541641493793577
3127,algoQD,31,133,0.9998885772967968,5.614618827123195
3128,algoQD,31,133,0.9998885772967968,5.040847379248589
3129,algoQD,31,133,0.9998885772967968,5.195565993897617
3130,algoQD,31,133,0.9998885772967968,5.503867587074637
3131,algoQD,31,133,0.9998885772967968,5.2181548196822405
3132,algoQD,31,133,0.9998885772967968,4.835014364216477
3133,algoQD,31,133,0.9998885772967968,5.210642635822296
3134,algoQD,31,133,0.9998885772967968,5.271772507112473
3135,algoQD,31,133,0.9998885772967968,5.716241447720677
3136,algoQD,31,133,0.9998885772967968,5.425529825966805
3137,algoQD,31,133,0.9998885772967968,5.70020102430135
3138,algoQD,31,133,0.9998885772967968,5.506130111403763
3139,algoQD,31,133,0.9998885772967968,6.0964240757748485
3140,algoQD,31,133,0.9998885772967968,5.641841689124703
3141,algoQD,31,133,0.9998885772967968,5.338349809870124
3142,algoQD,31,133,0.9998885772967968,5.567471581976861
3143,algoQD,31,133,0.9998885772967968,5.356526400893927
3144,algoQD,31,133,0.9998885772967968,5.39986508898437
3145,algoQD,31,133,0.9998885772967968,6.101873010862619
3146,algoQD,31,133,0.9998885772967968,5.753096538130194
3147,algoQD,31,133,0.9998885772967968,6.195721908006817
3148,algoQD,31,133,0.9998885772967968,6.307270872872323
3149,algoQD,31,133,0.9998885772967968,5.434132209047675
3150,algoQD,31,133,0.9998885772967968,5.241758751217276
3151,algoQD,31,133,0.9998885772967968,6.350083708297461
3152,algoQD,31,133,0.9998885772967968,5.453429937362671
3153,algoQD,31,133,0.9998885772967968,6.311956795863807
3154,algoQD,31,133,0.9998885772967968,6.4581470880657434
3155,algoQD,31,133,0.9998885772967968,5.593977840151638
3156,algoQD,31,133,0.9998885772967968,6.639768801163882
3157,algoQD,31,133,0.9998885772967968,5.673313215840608
3158,algoQD,31,133,0.9998885772967968,5.810215882025659
3159,algoQD,31,133,0.9998885772967968,5.2140513570047915
3160,algoQD,31,133,0.9998885772967968,6.1455426146276295
3161,algoQD,31,133,0.9998885772967968,6.236105661839247
3162,algoQD,31,133,0.9998885772967968,5.231808741111308
3163,algoQD,31,133,0.9998885772967968,5.23869602708146
3164,algoQD,31,133,0.9998885772967968,5.289558679796755
3165,algoQD,31,133,0.9998885772967968,5.7989711770787835
3166,algoQD,31,133,0.9998885772967968,5.65886028110981
3167,algoQD,31,133,0.9998885772967968,5.8085912321694195
3168,algoQD,31,133,0.9998885772967968,5.602817821782082
3169,algoQD,31,133,0.9998885772967968,5.811465742997825
3170,algoQD,31,133,0.9998885772967968,6.1718456679955125
3171,algoQD,31,133,0.9998885772967968,5.645863726735115
3172,algoQD,31,133,0.9998885772967968,5.688090555835515
3173,algoQD,31,133,0.9998885772967968,5.487747172359377
3174,algoQD,31,133,0.9998885772967968,5.889610528945923
3175,algoQD,31,133,0.9998885772967968,5.5823685228824615
3176,algoQD,31,133,0.9998885772967968,6.165120192337781
3177,algoQD,31,133,0.9998885772967968,6.219205513130873
3178,algoQD,31,134,0.9998885772967968,6.349117743782699
3179,algoQD,31,134,0.9998885772967968,5.883244773838669
3180,algoQD,31,134,0.9998885772967968,6.353154068812728
3181,algoQD,31,134,0.9998885772967968,5.703749478794634
3182,algoQD,31,134,0.9998885772967968,5.579518332146108
3183,algoQD,31,134,0.9998885772967968,6.484831042122096
3184,algoQD,31,134,0.9998885772967968,6.422132717911154
3185,algoQD,31,134,0.9998885772967968,5.662947492208332
3186,algoQD,31,134,0.9998885772967968,5.903613904956728
3187,algoQD,31,134,0.9998885772967968,5.148965898901224
3188,algoQD,31,134,0.9998885772967968,6.223123596049845
3189,algoQD,31,134,0.9998885772967968,5.75536402175203
3190,algoQD,31,134,0.9998885772967968,5.566916102077812
3191,algoQD,31,134,0.9998885772967968,5.8392149093560874
3192,algoQD,31,134,0.9998885772967968,6.573084396775812
3193,algoQD,31,134,0.9998885772967968,5.367707916069776
3194,algoQD,31,134,0.9998885772967968,6.057462808676064
3195,algoQD,31,134,0.9998885772967968,5.657367169857025
3196,algoQD,31,134,0.9998885772967968,5.264070276170969
3197,algoQD,31,134,0.9998885772967968,6.056967081967741
3198,algoQD,31,134,0.9998885772967968,5.75521590327844
3199,algoQD,31,134,0.9998885772967968,6.261893188115209
3200,algoQD,32,134,0.9998885772967968,5.874810807872564
3201,algoQD,32,134,0.9998885772967968,6.1892023789696395
3202,algoQD,32,134,0.9998885772967968,6.171827543992549
3203,algoQD,32,134,0.9998885772967968,5.088516197167337
3204,algoQD,32,134,0.9998885772967968,6.362729769200087
3205,algoQD,32,134,0.9998885772967968,5.2678729998879135
3206,algoQD,32,134,0.9998885772967968,6.015747628174722
3207,algoQD,32,134,0.9998885772967968,5.394382270053029
3208,algoQD,32,134,0.9998885772967968,5.984644233714789
3209,algoQD,32,134,0.9998885772967968,5.767660984303802
3210,algoQD,32,134,0.9998885772967968,6.637533857952803
3211,algoQD,32,134,0.9998885772967968,6.12545348983258
3212,algoQD,32,134,0.9998885772967968,5.122505918610841
3213,algoQD,32,134,0.9998885772967968,5.772591379005462
3214,algoQD,32,134,0.9998885772967968,5.535784748848528
3215,algoQD,32,134,0.9998885772967968,6.143966688308865
3216,algoQD,32,134,0.9998885772967968,5.89675416611135
3217,algoQD,32,134,0.9998885772967968,5.687974856235087
3218,algoQD,32,134,0.9998885772967968,5.666040936950594
3219,algoQD,32,134,0.9998885772967968,6.208011855836958
3220,algoQD,32,134,0.9998885772967968,5.618387416005135
3221,algoQD,32,134,0.9998885772967968,6.463980829808861
3222,algoQD,32,134,0.9998885772967968,5.513679775875062
3223,algoQD,32,134,0.9998885772967968,6.0772190522402525
3224,algoQD,32,134,0.9998885772967968,6.717034293338656
3225,algoQD,32,134,0.9998885772967968,6.377673672046512
3226,algoQD,32,134,0.9998885772967968,6.404105420224369
3227,algoQD,32,134,0.9998885772967968,5.852470211684704
3228,algoQD,32,134,0.9998885772967968,5.408477730117738
3229,algoQD,32,134,0.9998885772967968,5.556828533764929
3230,algoQD,32,134,0.9998885772967968,6.352748031262308
3231,algoQD,32,134,0.9998885772967968,5.81780705275014
3232,algoQD,32,134,0.9998885772967968,6.510042432695627
3233,algoQD,32,134,0.9998885772967968,5.522537390701473
3234,algoQD,32,134,0.9998885772967968,6.496858244761825
3235,algoQD,32,134,0.9998885772967968,6.694615350104868
3236,algoQD,32,134,0.9998885772967968,6.273094131145626
3237,algoQD,32,134,0.9998885772967968,6.950977448374033
3238,algoQD,32,134,0.9998885772967968,6.336426505818963
3239,algoQD,32,134,0.9998885772967968,6.080617994070053
3240,algoQD,32,134,0.9998885772967968,7.01435454422608
3241,algoQD,32,134,0.9998885772967968,6.4340046481229365
3242,algoQD,32,134,0.9998885772967968,5.636073708999902
3243,algoQD,32,134,0.9998885772967968,6.060465661808848
3244,algoQD,32,134,0.9998885772967968,6.620721204672009
3245,algoQD,32,134,0.9998885772967968,6.61717346124351
3246,algoQD,32,134,0.9998885772967968,6.591448430903256
3247,algoQD,32,134,0.9998885772967968,6.5497789438813925
3248,algoQD,32,134,0.9998885772967968,6.521567415911704
3249,algoQD,32,134,0.9998885772967968,5.751750254072249
3250,algoQD,32,134,0.9998885772967968,6.737009334843606
3251,algoQD,32,134,0.9998885772967968,6.336371129844338
3252,algoQD,32,134,0.9998885772967968,6.654362971894443
3253,algoQD,32,134,0.9998885772967968,5.6124490881338716
3254,algoQD,32,134,0.9998885772967968,6.270225944928825
3255,algoQD,32,134,0.9998885772967968,5.3311573611572385
3256,algoQD,32,134,0.9998885772967968,5.834527603816241
3257,algoQD,32,134,0.9998885772967968,5.507435427978635
3258,algoQD,32,134,0.9998885772967968,5.900007953867316
3259,algoQD,32,134,0.9998885772967968,5.971830805297941
3260,algoQD,32,134,0.9998885772967968,5.965869313105941
3261,algoQD,32,134,0.9998885772967968,5.767274144105613
3262,algoQD,32,134,0.9998885772967968,7.1483563198708
3263,algoQD,32,134,0.9998885772967968,6.018140959087759
3264,algoQD,32,134,0.9998885772967968,6.21806165156886
3265,algoQD,32,134,0.9998885772967968,7.0596136609092355
3266,algoQD,32,134,0.9998885772967968,6.011081451084465
3267,algoQD,32,134,0.9998885772967968,6.277885145973414
3268,algoQD,32,134,0.9998885772967968,6.372960959095508
3269,algoQD,32,134,0.9998885772967968,7.0478880777955055
3270,algoQD,32,134,0.9998885772967968,5.558629848062992
3271,algoQD,32,134,0.9998885772967968,5.767978432588279
3272,algoQD,32,134,0.9998885772967968,6.54814064130187
3273,algoQD,32,134,0.9998885772967968,5.5575615600682795
3274,algoQD,32,134,0.9998885772967968,5.732661992777139
3275,algoQD,32,134,0.9998885772967968,5.997304311953485
3276,algoQD,32,134,0.9998885772967968,5.997504991013557
3277,algoQD,32,134,0.9998885772967968,5.547269657254219
3278,algoQD,32,134,0.9998885772967968,5.755818089004606
3279,algoQD,32,134,0.9998885772967968,5.460650966037065
3280,algoQD,32,134,0.9998885772967968,5.844180281739682
3281,algoQD,32,134,0.9998885772967968,6.685224325861782
3282,algoQD,32,134,0.9998885772967968,6.092028659302741
3283,algoQD,32,134,0.9998885772967968,6.535381544847041
3284,algoQD,32,134,0.9998885772967968,6.140380966011435
3285,algoQD,32,135,0.9998885772967968,6.202888075262308
3286,algoQD,32,135,0.9998885772967968,5.706512259319425
3287,algoQD,32,135,0.9998885772967968,5.325804142747074
3288,algoQD,32,135,0.9998885772967968,5.5570641797967255
3289,algoQD,32,135,0.9998885772967968,5.922385436948389
3290,algoQD,32,135,0.9998885772967968,5.365802759770304
3291,algoQD,32,135,0.9998885772967968,5.0274601499550045
3292,algoQD,32,135,0.9998885772967968,5.634272892959416
3293,algoQD,32,135,0.9998885772967968,6.459125558845699
3294,algoQD,32,135,0.9998885772967968,5.483227347955108
3295,algoQD,32,135,0.9998885772967968,5.7657440598122776
3296,algoQD,32,135,0.9998885772967968,5.057589843869209
3297,algoQD,32,135,0.9998885772967968,5.712534565944225
3298,algoQD,32,135,0.9998885772967968,5.49419388640672
3299,algoQD,32,135,0.9998885772967968,5.622366240248084
3300,algoQD,33,135,0.9998885772967968,5.384138007648289
3301,algoQD,33,135,0.9998885772967968,5.553231971804053
3302,algoQD,33,135,0.9998885772967968,5.549497912172228
3303,algoQD,33,135,0.9998885772967968,5.447080843150616
3304,algoQD,33,135,0.9998885772967968,5.771546537056565
3305,algoQD,33,135,0.9998885772967968,5.553608877118677
3306,algoQD,33,135,0.9998885772967968,6.47698617214337
3307,algoQD,33,135,0.9998885772967968,5.393935501109809
3308,algoQD,33,135,0.9998885772967968,6.090167771093547
3309,algoQD,33,135,0.9998885772967968,6.066789486911148
3310,algoQD,33,135,0.9998885772967968,6.4595686863176525
3311,algoQD,33,135,0.9998885772967968,5.872925153002143
3312,algoQD,33,135,0.9998885772967968,6.368304137606174
3313,algoQD,33,135,0.9998885772967968,6.054355353116989
3314,algoQD,33,135,0.9998885772967968,5.277403115760535
3315,algoQD,33,135,0.9998885772967968,5.56682987511158
3316,algoQD,33,135,0.9998885772967968,5.351517634000629
3317,algoQD,33,135,0.9998885772967968,5.980850907042623
3318,algoQD,33,135,0.9998885772967968,6.390554213896394
3319,algoQD,33,135,0.9998885772967968,5.658624242991209
3320,algoQD,33,135,0.9998885772967968,5.133922982029617
3321,algoQD,33,135,0.9998885772967968,5.472535202745348
3322,algoQD,33,135,0.9998885772967968,6.151492714881897
3323,algoQD,33,135,0.9998885772967968,5.991835860069841
3324,algoQD,33,135,0.9998885772967968,6.403651566710323
3325,algoQD,33,135,0.9998885772967968,6.36421388015151
3326,algoQD,33,135,0.9998885772967968,6.048076109029353
3327,algoQD,33,135,0.9998885772967968,5.804875453002751
3328,algoQD,33,135,0.9998885772967968,6.297411838080734
3329,algoQD,33,135,0.9998885772967968,6.4335244926624
3330,algoQD,33,135,0.9998885772967968,6.73153735185042
3331,algoQD,33,135,0.9998885772967968,5.7141926838085055
3332,algoQD,33,135,0.9998885772967968,6.068664764985442
3333,algoQD,33,135,0.9998885772967968,6.284560640808195
3334,algoQD,33,135,0.9998885772967968,5.602667008060962
3335,algoQD,33,135,0.9998885772967968,5.845678097102791
3336,algoQD,33,135,0.9998885772967968,6.139728140085936
3337,algoQD,33,135,0.9998885772967968,5.337559875100851
3338,algoQD,33,135,0.9998885772967968,5.502641930244863
3339,algoQD,33,135,0.9998885772967968,5.19753505801782
3340,algoQD,33,135,0.9998885772967968,5.452855261974037
3341,algoQD,33,135,0.9998885772967968,5.831222418230027
3342,algoQD,33,135,0.9998885772967968,5.853955605067313
3343,algoQD,33,135,0.9998885772967968,5.363425890915096
3344,algoQD,33,135,0.9998885772967968,5.6242799502797425
3345,algoQD,33,135,0.9998885772967968,5.794486936181784
3346,algoQD,33,135,0.9998885772967968,6.298977619037032
3347,algoQD,33,135,0.9998885772967968,5.287854821886867
3348,algoQD,33,135,0.9998885772967968,6.221570626832545
3349,algoQD,33,135,0.9998885772967968,5.540317025966942
3350,algoQD,33,135,0.9998885772967968,5.654854993335903
3351,algoQD,33,135,0.9998885772967968,5.6767557775601745
3352,algoQD,33,135,0.9998885772967968,6.5253828330896795
3353,algoQD,33,136,0.9998885772967968,6.312217930331826
3354,algoQD,33,136,0.9998885772967968,5.810918909031898
3355,algoQD,33,136,0.9998885772967968,5.417439884971827
3356,algoQD,33,136,0.9998885772967968,5.384695433080196
3357,algoQD,33,136,0.9998885772967968,5.7993780970573425
3358,algoQD,33,136,0.9998885772967968,5.693743132986128
3359,algoQD,33,136,0.9998885772967968,5.138071198016405
3360,algoQD,33,136,0.9998885772967968,5.13884455896914
3361,algoQD,33,136,0.9998885772967968,6.469829719979316
3362,algoQD,33,136,0.9998885772967968,5.393068342003971
3363,algoQD,33,136,0.9998885772967968,5.541274434886873
3364,algoQD,33,136,0.9998885772967968,5.2834806172177196
3365,algoQD,33,136,0.9998885772967968,4.964831362944096
3366,algoQD,33,136,0.9998885772967968,5.593151420820504
3367,algoQD,33,136,0.9998885772967968,6.720887212082744
3368,algoQD,33,136,0.9998885772967968,5.523778241127729
3369,algoQD,33,136,0.9998885772967968,6.547628277912736
3370,algoQD,33,136,0.9998885772967968,5.945049070753157
3371,algoQD,33,136,0.9998885772967968,5.470867833122611
3372,algoQD,33,136,0.9998885772967968,6.016720220912248
3373,algoQD,33,136,0.9998885772967968,5.803239081054926
3374,algoQD,33,136,0.9998885772967968,6.116894050966948
3375,algoQD,33,136,0.9998885772967968,5.414810928050429
3376,algoQD,33,136,0.9998885772967968,5.113019350916147
3377,algoQD,33,136,0.9998885772967968,6.39986666617915
3378,algoQD,33,136,0.9998885772967968,5.782431590836495
3379,algoQD,33,136,0.9998885772967968,5.272829836700112
3380,algoQD,33,136,0.9998885772967968,4.988937984220684
3381,algoQD,33,136,0.9998885772967968,6.1181815629825
3382,algoQD,33,136,0.9998885772967968,6.025119099300355
3383,algoQD,33,136,0.9998885772967968,5.303640524391085
3384,algoQD,33,136,0.9998885772967968,5.384868383873254
3385,algoQD,33,136,0.9998885772967968,5.327598757110536
3386,algoQD,33,136,0.9998885772967968,5.249808073043823
3387,algoQD,33,136,0.9998885772967968,5.6556304367259145
3388,algoQD,33,136,0.9998885772967968,5.5271802372299135
3389,algoQD,33,136,0.9998885772967968,5.74059424130246
3390,algoQD,33,136,0.9998885772967968,5.20913703693077
3391,algoQD,33,136,0.9998885772967968,5.4228749931789935
3392,algoQD,33,136,0.9998885772967968,5.6374888443388045
3393,algoQD,33,136,0.9998885772967968,5.525105908047408
3394,algoQD,33,136,0.9998885772967968,6.203414816875011
3395,algoQD,33,136,0.9998885772967968,5.969256883952767
3396,algoQD,33,136,0.9998885772967968,6.311341043096036
3397,algoQD,33,136,0.9998885772967968,5.712899325881153
3398,algoQD,33,136,0.9998885772967968,5.754593139979988
3399,algoQD,33,136,0.9998885772967968,5.34833160508424
3400,algoQD,34,136,0.9998885772967968,5.730973556172103
3401,algoQD,34,136,0.9998885772967968,5.157673662062734
3402,algoQD,34,136,0.9998885772967968,5.695469120983034
3403,algoQD,34,136,0.9998885772967968,5.375332975760102
3404,algoQD,34,136,0.9998885772967968,6.265238353982568
3405,algoQD,34,136,0.9998885772967968,5.742816709913313
3406,algoQD,34,136,0.9998885772967968,5.486751558724791
3407,algoQD,34,136,0.9998885772967968,5.279386623296887
3408,algoQD,34,136,0.9998885772967968,5.339345177169889
3409,algoQD,34,136,0.9998885772967968,5.433580216951668
3410,algoQD,34,136,0.9998885772967968,5.6181518360972404
3411,algoQD,34,136,0.9998885772967968,5.47152212774381
3412,algoQD,34,136,0.9998885772967968,5.171507847961038
3413,algoQD,34,136,0.9998885772967968,5.949966260232031
3414,algoQD,34,136,0.9998885772967968,6.147362613119185
3415,algoQD,34,136,0.9998885772967968,5.819638905115426
3416,algoQD,34,136,0.9998885772967968,5.414254708215594
3417,algoQD,34,136,0.9998885772967968,5.292437769006938
3418,algoQD,34,136,0.9998885772967968,5.454522090964019
3419,algoQD,34,136,0.9998885772967968,5.837241520173848
3420,algoQD,34,136,0.9998885772967968,5.975829690694809
3421,algoQD,34,136,0.9998885772967968,5.803150514140725
3422,algoQD,34,136,0.9998885772967968,5.66746992431581
3423,algoQD,34,136,0.9998885772967968,6.079347643069923
3424,algoQD,34,136,0.9998885772967968,5.49308565678075
3425,algoQD,34,136,0.9998885772967968,5.583371464628726
3426,algoQD,34,136,0.9998885772967968,5.854445080272853
3427,algoQD,34,136,0.9998885772967968,5.577087853569537
3428,algoQD,34,136,0.9998885772967968,5.478295794222504
3429,algoQD,34,136,0.9998885772967968,6.004331566859037
3430,algoQD,34,136,0.9998885772967968,5.418062893208116
3431,algoQD,34,136,0.9998885772967968,5.8217933950945735
3432,algoQD,34,136,0.9998885772967968,5.65421247901395
3433,algoQD,34,136,0.9998885772967968,5.6352521777153015
3434,algoQD,34,136,0.9998885772967968,6.297418419737369
3435,algoQD,34,136,0.9998885772967968,5.449838638305664
3436,algoQD,34,136,0.9998885772967968,6.087962133809924
3437,algoQD,34,136,0.9998885772967968,6.197635047603399
3438,algoQD,34,136,0.9998885772967968,5.814953851979226
3439,algoQD,34,136,0.9998885772967968,6.444558599032462
3440,algoQD,34,136,0.9998885772967968,6.346905179787427
3441,algoQD,34,136,0.9998885772967968,6.284218803979456
3442,algoQD,34,136,0.9998885772967968,6.015195290092379
3443,algoQD,34,136,0.9998885772967968,6.140848617069423
3444,algoQD,34,136,0.9998885772967968,6.2207865552045405
3445,algoQD,34,136,0.9998885772967968,5.634129468817264
3446,algoQD,34,136,0.9998885772967968,4.909103701356798
3447,algoQD,34,136,0.9998885772967968,6.0191959398798645
3448,algoQD,34,136,0.9998885772967968,5.445558438077569
3449,algoQD,34,136,0.9998885772967968,5.190603062976152
3450,algoQD,34,136,0.9998885772967968,5.3677457622252405
3451,algoQD,34,136,0.9998885772967968,5.122511532623321
3452,algoQD,34,136,0.9998885772967968,5.4292882098816335
3453,algoQD,34,136,0.9998885772967968,4.9340653689578176
3454,algoQD,34,136,0.9998885772967968,4.951537876855582
3455,algoQD,34,136,0.9998885772967968,5.405454202089459
3456,algoQD,34,136,0.9998885772967968,5.579889476764947
3457,algoQD,34,136,0.9998885772967968,5.885858948342502
3458,algoQD,34,136,0.9998885772967968,6.074803302995861
3459,algoQD,34,136,0.9998885772967968,6.003580538090318
3460,algoQD,34,136,0.9998885772967968,5.18663974525407
3461,algoQD,34,136,0.9998885772967968,5.791429582051933
3462,algoQD,34,136,0.9998885772967968,5.587797456886619
3463,algoQD,34,136,0.9998885772967968,5.315755711868405
3464,algoQD,34,136,0.9998885772967968,6.77045467402786
3465,algoQD,34,136,0.9998885772967968,5.296008806210011
3466,algoQD,34,136,0.9998885772967968,6.00589555175975
3467,algoQD,34,136,0.9998885772967968,6.057020777836442
3468,algoQD,34,136,0.9998885772967968,5.8615206172689795
3469,algoQD,34,136,0.9998885772967968,6.544853387866169
3470,algoQD,34,136,0.9998885772967968,6.453307688236237
3471,algoQD,34,136,0.9998885772967968,6.220907003618777
3472,algoQD,34,136,0.9998885772967968,6.2480977033264935
3473,algoQD,34,136,0.9998885772967968,5.2971694599837065
3474,algoQD,34,136,0.9998885772967968,5.17368398886174
3475,algoQD,34,136,0.9998885772967968,6.4798688888549805
3476,algoQD,34,136,0.9998885772967968,5.226253444328904
3477,algoQD,34,137,0.9998885772967968,5.4003971577622
3478,algoQD,34,137,0.9998885772967968,5.638528367970139
3479,algoQD,34,137,0.9998885772967968,6.352025203872472
3480,algoQD,34,137,0.9998885772967968,5.2241799659095705
3481,algoQD,34,137,0.9998885772967968,5.675719105172902
3482,algoQD,34,137,0.9998885772967968,5.479432908818126
3483,algoQD,34,137,0.9998885772967968,6.1257905550301075
3484,algoQD,34,137,0.9998885772967968,6.042215196881443
3485,algoQD,34,137,0.9998885772967968,5.4474131250754
3486,algoQD,34,137,0.9998885772967968,5.321404017042369
3487,algoQD,34,137,0.9998885772967968,5.123413580004126
3488,algoQD,34,137,0.9998885772967968,5.033815104980022
3489,algoQD,34,137,0.9998885772967968,5.317449255846441
3490,algoQD,34,137,0.9998885772967968,5.647180228959769
3491,algoQD,34,137,0.9998885772967968,5.60036952001974
3492,algoQD,34,137,0.9998885772967968,6.379531590733677
3493,algoQD,34,137,0.9998885772967968,5.781078959815204
3494,algoQD,34,137,0.9998885772967968,5.300742903724313
3495,algoQD,34,137,0.9998885772967968,5.9499243148602545
3496,algoQD,34,137,0.9998885772967968,5.258495757356286
3497,algoQD,34,137,0.9998885772967968,6.542594762053341
3498,algoQD,34,137,0.9998885772967968,5.606539276894182
3499,algoQD,34,137,0.9998885772967968,5.893960113171488
3500,algoQD,35,137,0.9998885772967968,4.4677549819462
3501,algoQD,35,137,0.9998885772967968,5.057677918113768
3502,algoQD,35,137,0.9998885772967968,5.497340841218829
3503,algoQD,35,137,0.9998885772967968,5.938328558113426
3504,algoQD,35,137,0.9998885772967968,5.674521723762155
3505,algoQD,35,137,0.9998885772967968,5.507932884152979
3506,algoQD,35,137,0.9998885772967968,5.539621669799089
3507,algoQD,35,137,0.9998885772967968,5.245627526193857
3508,algoQD,35,137,0.9998885772967968,5.35512753110379
3509,algoQD,35,137,0.9998885772967968,5.653594037052244
3510,algoQD,35,137,0.9998885772967968,5.29848532890901
3511,algoQD,35,137,0.9998885772967968,5.28929286217317
3512,algoQD,35,137,0.9998885772967968,4.9707210678607225
3513,algoQD,35,137,0.9998885772967968,4.646655413787812
3514,algoQD,35,137,0.9998885772967968,5.08094598678872
3515,algoQD,35,137,0.9998885772967968,5.145312203094363
3516,algoQD,35,137,0.9998885772967968,5.635613135993481
3517,algoQD,35,137,0.9998885772967968,5.05426669260487
3518,algoQD,35,137,0.9998885772967968,5.430318518076092
3519,algoQD,35,137,0.9998885772967968,4.864839703775942
3520,algoQD,35,137,0.9998885772967968,5.39722296083346
3521,algoQD,35,137,0.9998885772967968,4.844057940877974
3522,algoQD,35,137,0.9998885772967968,4.7966181938536465
3523,algoQD,35,137,0.9998885772967968,4.998028293717653
3524,algoQD,35,137,0.9998885772967968,5.558811216149479
3525,algoQD,35,137,0.9998885772967968,5.914659809786826
3526,algoQD,35,137,0.9998885772967968,4.879111844114959
3527,algoQD,35,137,0.9998885772967968,4.697947097942233
3528,algoQD,35,137,0.9998885772967968,5.111290365923196
3529,algoQD,35,137,0.9998885772967968,4.8801578539423645
3530,algoQD,35,137,0.9998885772967968,5.8734398554079235
3531,algoQD,35,137,0.9998885772967968,5.389463511295617
3532,algoQD,35,137,0.9998885772967968,4.767402198165655
3533,algoQD,35,137,0.9998885772967968,5.535411537624896
3534,algoQD,35,137,0.9998885772967968,4.959716871846467
3535,algoQD,35,137,0.9998885772967968,5.605520472396165
3536,algoQD,35,137,0.9998885772967968,5.619763100985438
3537,algoQD,35,137,0.9998885772967968,6.324192309286445
3538,algoQD,35,137,0.9998885772967968,5.67759104212746
3539,algoQD,35,137,0.9998885772967968,5.526077301707119
3540,algoQD,35,137,0.9998885772967968,5.918326466809958
3541,algoQD,35,137,0.9998885772967968,5.532300779595971
3542,algoQD,35,137,0.9998885772967968,5.790781470946968
3543,algoQD,35,137,0.9998885772967968,5.082456440664828
3544,algoQD,35,137,0.9998885772967968,5.553436611313373
3545,algoQD,35,137,0.9998885772967968,5.572410307824612
3546,algoQD,35,137,0.9998885772967968,5.252150679007173
3547,algoQD,35,137,0.9998885772967968,5.264371918980032
3548,algoQD,35,137,0.9998885772967968,5.5690359133295715
3549,algoQD,35,137,0.9998885772967968,5.2210472780279815
3550,algoQD,35,137,0.9998885772967968,6.506889674346894
3551,algoQD,35,137,0.9998885772967968,5.442501095123589
3552,algoQD,35,137,0.9998885772967968,6.893200412858278
3553,algoQD,35,137,0.9998885772967968,6.047166000120342
3554,algoQD,35,137,0.9998885772967968,6.166971215978265
3555,algoQD,35,137,0.9998885772967968,5.31879727402702
3556,algoQD,35,137,0.9998885772967968,6.049561397638172
3557,algoQD,35,137,0.9998885772967968,5.7878283420577645
3558,algoQD,35,137,0.9998885772967968,5.590167386457324
3559,algoQD,35,137,0.9998885772967968,6.548602771945298
3560,algoQD,35,137,0.9998885772967968,5.958787900861353
3561,algoQD,35,137,0.9998885772967968,6.068226390052587
3562,algoQD,35,137,0.9998885772967968,6.33119638171047
3563,algoQD,35,137,0.9998885772967968,5.506465008947998
3564,algoQD,35,137,0.9998885772967968,5.968064947985113
3565,algoQD,35,137,0.9998885772967968,6.139889550860971
3566,algoQD,35,137,0.9998885772967968,5.470950552262366
3567,algoQD,35,137,0.9998885772967968,6.531633281614631
3568,algoQD,35,137,0.9998885772967968,5.963478452991694
3569,algoQD,35,137,0.9998885772967968,5.752278339117765
3570,algoQD,35,137,0.9998885772967968,6.1301413448527455
3571,algoQD,35,137,0.9998885772967968,5.496337916702032
3572,algoQD,35,137,0.9998885772967968,5.460434094071388
3573,algoQD,35,137,0.9998885772967968,6.296255378983915
3574,algoQD,35,137,0.9998885772967968,5.339993599336594
3575,algoQD,35,137,0.9998885772967968,6.5378578919917345
3576,algoQD,35,137,0.9998885772967968,5.894103534054011
3577,algoQD,35,137,0.9998885772967968,6.515031196177006
3578,algoQD,35,137,0.9998885772967968,5.262661889195442
3579,algoQD,35,137,0.9998885772967968,5.971225459128618
3580,algoQD,35,137,0.9998885772967968,6.032289355993271
3581,algoQD,35,137,0.9998885772967968,6.229685829952359
3582,algoQD,35,137,0.9998885772967968,5.789143345784396
3583,algoQD,35,137,0.9998885772967968,6.015306769870222
3584,algoQD,35,137,0.9998885772967968,5.913875578902662
3585,algoQD,35,137,0.9998885772967968,6.1493819751776755
3586,algoQD,35,137,0.9998885772967968,6.61226183315739
3587,algoQD,35,137,0.9998885772967968,5.4060809961520135
3588,algoQD,35,137,0.9998885772967968,5.844861802645028
3589,algoQD,35,137,0.9998885772967968,6.685149725992233
3590,algoQD,35,137,0.9998885772967968,5.250394953880459
3591,algoQD,35,137,0.9998885772967968,5.347684158012271
3592,algoQD,35,137,0.9998885772967968,6.62747530406341
3593,algoQD,35,137,0.9998885772967968,6.219788582995534
3594,algoQD,35,137,0.9998885772967968,6.287313224282116
3595,algoQD,35,137,0.9998885772967968,5.505119165871292
3596,algoQD,35,137,0.9998885772967968,6.064712461084127
3597,algoQD,35,137,0.9998885772967968,6.980311218649149
3598,algoQD,35,137,0.9998885772967968,5.6819730321876705
3599,algoQD,35,137,0.9998885772967968,5.679863777011633
3600,algoQD,36,137,0.9998885772967968,5.197866823989898
3601,algoQD,36,137,0.9998885772967968,5.184578586835414
3602,algoQD,36,137,0.9998885772967968,5.043322285171598
3603,algoQD,36,137,0.9998885772967968,4.905726499855518
3604,algoQD,36,137,0.9998885772967968,6.031216018367559
3605,algoQD,36,137,0.9998885772967968,5.540877613704652
3606,algoQD,36,137,0.9998885772967968,4.899829137139022
3607,algoQD,36,137,0.9998885772967968,4.958530250936747
3608,algoQD,36,137,0.9998885772967968,5.776048927102238
3609,algoQD,36,137,0.9998885772967968,5.076663487125188
3610,algoQD,36,137,0.9998885772967968,4.715525136794895
3611,algoQD,36,137,0.9998885772967968,6.224149662069976
3612,algoQD,36,137,0.9998885772967968,5.871005055028945
3613,algoQD,36,137,0.9998885772967968,6.409343542996794
3614,algoQD,36,137,0.9998885772967968,5.9825495523400605
3615,algoQD,36,137,0.9998885772967968,6.357053533196449
3616,algoQD,36,137,0.9998885772967968,6.892610508017242
3617,algoQD,36,137,0.9998885772967968,6.213517304044217
3618,algoQD,36,137,0.9998885772967968,5.780054345261306
3619,algoQD,36,137,0.9998885772967968,6.1787037323229015
3620,algoQD,36,137,0.9998885772967968,5.843483009375632
3621,algoQD,36,137,0.9998885772967968,6.044198524206877
3622,algoQD,36,137,0.9998885772967968,5.757663152180612
3623,algoQD,36,137,0.9998885772967968,6.21002851286903
3624,algoQD,36,137,0.9998885772967968,5.743048309348524
3625,algoQD,36,137,0.9998885772967968,5.5682068769820035
3626,algoQD,36,137,0.9998885772967968,6.222299134358764
3627,algoQD,36,137,0.9998885772967968,5.9426460061222315
3628,algoQD,36,137,0.9998885772967968,5.9525578510947526
3629,algoQD,36,137,0.9998885772967968,5.925925394054502
3630,algoQD,36,137,0.9998885772967968,5.431098992004991
3631,algoQD,36,137,0.9998885772967968,6.226522414013743
3632,algoQD,36,137,0.9998885772967968,5.706696210894734
3633,algoQD,36,137,0.9998885772967968,5.3272450137883425
3634,algoQD,36,137,0.9998885772967968,5.616414614021778
3635,algoQD,36,137,0.9998885772967968,5.841917590238154
3636,algoQD,36,137,0.9998885772967968,6.363812243100256
3637,algoQD,36,137,0.9998885772967968,5.721634102985263
3638,algoQD,36,137,0.9998885772967968,5.5111215258948505
3639,algoQD,36,137,0.9998885772967968,5.0662468653172255
3640,algoQD,36,137,0.9998885772967968,6.252288383897394
3641,algoQD,36,137,0.9998885772967968,5.498796592000872
3642,algoQD,36,137,0.9998885772967968,5.858325129840523
3643,algoQD,36,137,0.9998885772967968,5.384920748881996
3644,algoQD,36,137,0.9998885772967968,5.543037985917181
3645,algoQD,36,137,0.9998885772967968,6.039790857117623
3646,algoQD,36,137,0.9998885772967968,5.647712343838066
3647,algoQD,36,137,0.9998885772967968,6.688947742804885
3648,algoQD,36,137,0.9998885772967968,5.847470773383975
3649,algoQD,36,137,0.9998885772967968,5.976006451062858
3650,algoQD,36,137,0.9998885772967968,6.130046495702118
3651,algoQD,36,137,0.9998885772967968,5.356221307069063
3652,algoQD,36,137,0.9998885772967968,6.200954167172313
3653,algoQD,36,137,0.9998885772967968,6.101346172392368
3654,algoQD,36,137,0.9998885772967968,5.2761385990306735
3655,algoQD,36,137,0.9998885772967968,5.8806499359197915
3656,algoQD,36,137,0.9998885772967968,5.2422631890513
3657,algoQD,36,137,0.9998885772967968,5.971577485091984
3658,algoQD,36,137,0.9998885772967968,5.376716888975352
3659,algoQD,36,137,0.9998885772967968,5.233022682834417
3660,algoQD,36,137,0.9998885772967968,5.094703820068389
3661,algoQD,36,137,0.9998885772967968,5.103247168008238
3662,algoQD,36,137,0.9998885772967968,5.808247525244951
3663,algoQD,36,137,0.9998885772967968,5.883836607914418
3664,algoQD,36,137,0.9998885772967968,5.165983179118484
3665,algoQD,36,137,0.9998885772967968,5.130239994265139
3666,algoQD,36,137,0.9998885772967968,5.03430180484429
3667,algoQD,36,137,0.9998885772967968,6.045564976055175
3668,algoQD,36,137,0.9998885772967968,5.108891780022532
3669,algoQD,36,137,0.9998885772967968,6.127387454267591
3670,algoQD,36,137,0.9998885772967968,5.330912122037262
3671,algoQD,36,137,0.9998885772967968,5.279495446011424
3672,algoQD,36,137,0.9998885772967968,5.559098462108523
3673,algoQD,36,137,0.9998885772967968,5.134422863833606
3674,algoQD,36,137,0.9998885772967968,5.249288428109139
3675,algoQD,36,137,0.9998885772967968,5.614489155821502
3676,algoQD,36,137,0.9998885772967968,5.586470162030309
3677,algoQD,36,137,0.9998885772967968,5.262680108193308
3678,algoQD,36,137,0.9998885772967968,5.573305584024638
3679,algoQD,36,137,0.9998885772967968,5.945767588913441
3680,algoQD,36,137,0.9998885772967968,5.381271691061556
3681,algoQD,36,137,0.9998885772967968,5.539714200887829
3682,algoQD,36,137,0.9998885772967968,5.618121397681534
3683,algoQD,36,137,0.9998885772967968,5.135657274629921
3684,algoQD,36,137,0.9998885772967968,5.172704976052046
3685,algoQD,36,137,0.9998885772967968,5.253799610771239
3686,algoQD,36,137,0.9998885772967968,5.71660114498809
3687,algoQD,36,137,0.9998885772967968,5.252061326988041
3688,algoQD,36,137,0.9998885772967968,5.3064729711040854
3689,algoQD,36,137,0.9998885772967968,4.793745295144618
3690,algoQD,36,137,0.9998885772967968,5.869777698069811
3691,algoQD,36,137,0.9998885772967968,5.204859773162752
3692,algoQD,36,137,0.9998885772967968,5.4897932931780815
3693,algoQD,36,137,0.9998885772967968,5.975146961864084
3694,algoQD,36,137,0.9998885772967968,6.255460619926453
3695,algoQD,36,137,0.9998885772967968,5.172083843033761
3696,algoQD,36,137,0.9998885772967968,4.8902489598840475
3697,algoQD,36,137,0.9998885772967968,6.365471904166043
3698,algoQD,36,137,0.9998885772967968,5.657369075343013
3699,algoQD,36,137,0.9998885772967968,4.906299822963774
3700,algoQD,37,137,0.9998885772967968,6.268341795075685
3701,algoQD,37,137,0.9998885772967968,6.057869360782206
3702,algoQD,37,137,0.9998885772967968,5.874917779117823
3703,algoQD,37,137,0.9998885772967968,6.063740812707692
3704,algoQD,37,137,0.9998885772967968,6.3179395771585405
3705,algoQD,37,137,0.9998885772967968,6.189878812991083
3706,algoQD,37,137,0.9998885772967968,5.98393239825964
3707,algoQD,37,137,0.9998885772967968,5.776580959092826
3708,algoQD,37,137,0.9998885772967968,5.752240937203169
3709,algoQD,37,137,0.9998885772967968,5.591511675622314
3710,algoQD,37,137,0.9998885772967968,6.162720764987171
3711,algoQD,37,137,0.9998885772967968,6.058701793663204
3712,algoQD,37,137,0.9998885772967968,5.859930533915758
3713,algoQD,37,137,0.9998885772967968,6.53974759625271
3714,algoQD,37,137,0.9998885772967968,5.387523913290352
3715,algoQD,37,137,0.9998885772967968,5.743474534712732
3716,algoQD,37,137,0.9998885772967968,5.376927134115249
3717,algoQD,37,137,0.9998885772967968,6.646353526040912
3718,algoQD,37,137,0.9998885772967968,6.334678720217198
3719,algoQD,37,137,0.9998885772967968,5.569451070856303
3720,algoQD,37,137,0.9998885772967968,6.095099486410618
3721,algoQD,37,137,0.9998885772967968,5.4863844900392
3722,algoQD,37,137,0.9998885772967968,5.384390021674335
3723,algoQD,37,137,0.9998885772967968,6.346690782811493
3724,algoQD,37,137,0.9998885772967968,6.376977070234716
3725,algoQD,37,137,0.9998885772967968,6.167143982835114
3726,algoQD,37,137,0.9998885772967968,5.463092136196792
3727,algoQD,37,137,0.9998885772967968,5.424574648961425
3728,algoQD,37,137,0.9998885772967968,5.771745714824647
3729,algoQD,37,137,0.9998885772967968,6.162115552928299
3730,algoQD,37,137,0.9998885772967968,5.001555970869958
3731,algoQD,37,137,0.9998885772967968,5.323206304106861
3732,algoQD,37,137,0.9998885772967968,5.983359578065574
3733,algoQD,37,137,0.9998885772967968,5.48998297797516
3734,algoQD,37,137,0.9998885772967968,5.590429100673646
3735,algoQD,37,137,0.9998885772967968,5.530733674764633
3736,algoQD,37,137,0.9998885772967968,5.403603229206055
3737,algoQD,37,137,0.9998885772967968,5.287223845720291
3738,algoQD,37,137,0.9998885772967968,5.899466576054692
3739,algoQD,37,137,0.9998885772967968,6.202337340917438
3740,algoQD,37,137,0.9998885772967968,5.552055595908314
3741,algoQD,37,137,0.9998885772967968,5.14673737809062
3742,algoQD,37,137,0.9998885772967968,5.535296114161611
3743,algoQD,37,137,0.9998885772967968,5.792614451143891
3744,algoQD,37,137,0.9998885772967968,5.164381160866469
3745,algoQD,37,137,0.9998885772967968,5.482673690188676
3746,algoQD,37,137,0.9998885772967968,5.694134201854467
3747,algoQD,37,137,0.9998885772967968,5.193015746772289
3748,algoQD,37,137,0.9998885772967968,5.1648337645456195
3749,algoQD,37,137,0.9998885772967968,5.735694868955761
3750,algoQD,37,137,0.9998885772967968,5.286364322062582
3751,algoQD,37,137,0.9998885772967968,5.706204202957451
3752,algoQD,37,137,0.9998885772967968,5.322911717463285
3753,algoQD,37,137,0.9998885772967968,5.314804641064256
3754,algoQD,37,137,0.9998885772967968,5.978177607059479
3755,algoQD,37,137,0.9998885772967968,6.505292946938425
3756,algoQD,37,137,0.9998885772967968,6.178415506146848
3757,algoQD,37,137,0.9998885772967968,6.338006075937301
3758,algoQD,37,137,0.9998885772967968,5.691116489935666
3759,algoQD,37,137,0.9998885772967968,5.1593717858195305
3760,algoQD,37,137,0.9998885772967968,4.8235239228233695
3761,algoQD,37,137,0.9998885772967968,5.570645577274263
3762,algoQD,37,137,0.9998885772967968,5.897876792121679
3763,algoQD,37,137,0.9998885772967968,5.3878324860706925
3764,algoQD,37,137,0.9998885772967968,5.835778114851564
3765,algoQD,37,137,0.9998885772967968,5.411992128007114
3766,algoQD,37,137,0.9998885772967968,5.428817875217646
3767,algoQD,37,137,0.9998885772967968,5.958050242159516
3768,algoQD,37,137,0.9998885772967968,6.134579746052623
3769,algoQD,37,137,0.9998885772967968,5.784318698104471
3770,algoQD,37,137,0.9998885772967968,5.640631154179573
3771,algoQD,37,137,0.9998885772967968,6.052407833747566
3772,algoQD,37,137,0.9998885772967968,5.7562699993140996
3773,algoQD,37,137,0.9998885772967968,6.1017454019747674
3774,algoQD,37,137,0.9998885772967968,5.946071182377636
3775,algoQD,37,137,0.9998885772967968,6.23072604322806
3776,algoQD,37,137,0.9998885772967968,5.491954783909023
3777,algoQD,37,137,0.9998885772967968,5.347134257666767
3778,algoQD,37,137,0.9998885772967968,6.100830072071403
3779,algoQD,37,137,0.9998885772967968,5.561310370918363
3780,algoQD,37,137,0.9998885772967968,6.088124990928918
3781,algoQD,37,137,0.9998885772967968,5.916588442865759
3782,algoQD,37,137,0.9998885772967968,5.1874350742436945
3783,algoQD,37,137,0.9998885772967968,5.146827457938343
3784,algoQD,37,137,0.9998885772967968,5.201591439079493
3785,algoQD,37,137,0.9998885772967968,5.303367345128208
3786,algoQD,37,137,0.9998885772967968,6.158985498826951
3787,algoQD,37,137,0.9998885772967968,5.325242992024869
3788,algoQD,37,137,0.9998885772967968,5.37003462202847
3789,algoQD,37,137,0.9998885772967968,5.4888638239353895
3790,algoQD,37,137,0.9998885772967968,5.138495346065611
3791,algoQD,37,137,0.9998885772967968,5.348307083826512
3792,algoQD,37,137,0.9998885772967968,5.850147052202374
3793,algoQD,37,137,0.9998885772967968,5.366066555958241
3794,algoQD,37,138,0.9998885772967968,5.028675266075879
3795,algoQD,37,138,0.9998885772967968,5.0279253092594445
3796,algoQD,37,138,0.9998885772967968,6.075976849067956
3797,algoQD,37,138,0.9998885772967968,6.081382611766458
3798,algoQD,37,138,0.9998885772967968,5.190138982608914
3799,algoQD,37,138,0.9998885772967968,5.01708297431469
3800,algoQD,38,138,0.9998885772967968,5.708154108375311
3801,algoQD,38,138,0.9998885772967968,5.417389204259962
3802,algoQD,38,138,0.9998885772967968,5.685575962997973
3803,algoQD,38,138,0.9998885772967968,5.178872398100793
3804,algoQD,38,138,0.9998885772967968,5.498894955031574
3805,algoQD,38,138,0.9998885772967968,5.579099107068032
3806,algoQD,38,138,0.9998885772967968,6.042857449967414
3807,algoQD,38,138,0.9998885772967968,6.030090423766524
3808,algoQD,38,138,0.9998885772967968,5.4399474719539285
3809,algoQD,38,138,0.9998885772967968,5.184973774012178
3810,algoQD,38,138,0.9998885772967968,5.423674528952688
3811,algoQD,38,138,0.9998885772967968,5.791474206838757
3812,algoQD,38,138,0.9998885772967968,5.784964207094163
3813,algoQD,38,138,0.9998885772967968,5.932331745047122
3814,algoQD,38,138,0.9998885772967968,5.184345968998969
3815,algoQD,38,138,0.9998885772967968,5.199540694244206
3816,algoQD,38,138,0.9998885772967968,5.400669226888567
3817,algoQD,38,138,0.9998885772967968,5.811471996828914
3818,algoQD,38,138,0.9998885772967968,5.180516894906759
3819,algoQD,38,138,0.9998885772967968,5.388058351818472
3820,algoQD,38,138,0.9998885772967968,5.534234619233757
3821,algoQD,38,138,0.9998885772967968,6.279276323970407
3822,algoQD,38,138,0.9998885772967968,5.317612916231155
3823,algoQD,38,138,0.9998885772967968,5.172915755305439
3824,algoQD,38,138,0.9998885772967968,4.989265992771834
3825,algoQD,38,138,0.9998885772967968,5.123301594052464
3826,algoQD,38,138,0.9998885772967968,6.0143813630566
3827,algoQD,38,138,0.9998885772967968,6.25356631167233
3828,algoQD,38,138,0.9998885772967968,5.327034876216203
3829,algoQD,38,138,0.9998885772967968,5.201744666788727
3830,algoQD,38,138,0.9998885772967968,5.087728138081729
3831,algoQD,38,138,0.9998885772967968,5.786363320890814
3832,algoQD,38,139,0.9998885772967968,4.8873441009782255
3833,algoQD,38,139,0.9998885772967968,6.064175424631685
3834,algoQD,38,139,0.9998885772967968,6.014308566227555
3835,algoQD,38,139,0.9998885772967968,4.971759799867868
3836,algoQD,38,139,0.9998885772967968,4.972628981806338
3837,algoQD,38,139,0.9998885772967968,5.6339466739445925
3838,algoQD,38,139,0.9998885772967968,5.927288167178631
3839,algoQD,38,139,0.9998885772967968,5.700222134124488
3840,algoQD,38,139,0.9998885772967968,6.133200688287616
3841,algoQD,38,139,0.9998885772967968,5.640840790234506
3842,algoQD,38,139,0.9998885772967968,5.870942528359592
3843,algoQD,38,139,0.9998885772967968,5.4751503160223365
3844,algoQD,38,139,0.9998885772967968,5.813221340999007
3845,algoQD,38,139,0.9998885772967968,5.82358401780948
3846,algoQD,38,139,0.9998885772967968,5.375445727258921
3847,algoQD,38,139,0.9998885772967968,6.175439243670553
3848,algoQD,38,139,0.9998885772967968,6.411510540172458
3849,algoQD,38,139,0.9998885772967968,5.46331891277805
3850,algoQD,38,139,0.9998885772967968,5.188542285002768
3851,algoQD,38,139,0.9998885772967968,5.339245168026537
3852,algoQD,38,139,0.9998885772967968,5.332218792755157
3853,algoQD,38,139,0.9998885772967968,6.0948528638109565
3854,algoQD,38,139,0.9998885772967968,5.5440092496573925
3855,algoQD,38,139,0.9998885772967968,6.042769597843289
3856,algoQD,38,139,0.9998885772967968,5.518703364301473
3857,algoQD,38,139,0.9998885772967968,6.087901281192899
3858,algoQD,38,139,0.9998885772967968,5.59027444338426
3859,algoQD,38,139,0.9998885772967968,5.286274497862905
3860,algoQD,38,139,0.9998885772967968,6.415405749808997
3861,algoQD,38,139,0.9998885772967968,5.5224365261383355
3862,algoQD,38,139,0.9998885772967968,6.2187619768083096
3863,algoQD,38,139,0.9998885772967968,5.470700738020241
3864,algoQD,38,139,0.9998885772967968,6.213179531041533
3865,algoQD,38,139,0.9998885772967968,6.317301233764738
3866,algoQD,38,139,0.9998885772967968,6.384323409758508
3867,algoQD,38,139,0.9998885772967968,6.004397899843752
3868,algoQD,38,139,0.9998885772967968,5.219507113099098
3869,algoQD,38,139,0.9998885772967968,6.03226161794737
3870,algoQD,38,139,0.9998885772967968,5.220837586093694
3871,algoQD,38,139,0.9998885772967968,6.494080448988825
3872,algoQD,38,139,0.9998885772967968,5.584090852178633
3873,algoQD,38,139,0.9998885772967968,5.061099566053599
3874,algoQD,38,139,0.9998885772967968,6.177450083196163
3875,algoQD,38,139,0.9998885772967968,6.058261968195438
3876,algoQD,38,139,0.9998885772967968,6.416270472109318
3877,algoQD,38,139,0.9998885772967968,5.970548432320356
3878,algoQD,38,139,0.9998885772967968,5.490441894158721
3879,algoQD,38,139,0.9998885772967968,6.039123280905187
3880,algoQD,38,139,0.9998885772967968,5.2535074152983725
3881,algoQD,38,139,0.9998885772967968,5.846296458970755
3882,algoQD,38,139,0.9998885772967968,5.26253496017307
3883,algoQD,38,139,0.9998885772967968,5.940988127607852
3884,algoQD,38,139,0.9998885772967968,5.950167428236455
3885,algoQD,38,139,0.9998885772967968,5.505571044050157
3886,algoQD,38,139,0.9998885772967968,5.208190282806754
3887,algoQD,38,139,0.9998885772967968,5.07831746339798
3888,algoQD,38,139,0.9998885772967968,6.782599758822471
3889,algoQD,38,139,0.9998885772967968,6.355640503112227
3890,algoQD,38,139,0.9998885772967968,5.448135049082339
3891,algoQD,38,139,0.9998885772967968,5.509012515190989
3892,algoQD,38,139,0.9998885772967968,5.200741151813418
3893,algoQD,38,139,0.9998885772967968,6.029632641933858
3894,algoQD,38,139,0.9998885772967968,6.083114067092538
3895,algoQD,38,139,0.9998885772967968,6.163843126967549
3896,algoQD,38,139,0.9998885772967968,6.142204547300935
3897,algoQD,38,139,0.9998885772967968,5.3531006230041385
3898,algoQD,38,139,0.9998885772967968,5.338330070022494
3899,algoQD,38,139,0.9998885772967968,5.438700914848596
3900,algoQD,39,139,0.9998885772967968,5.399313908070326
3901,algoQD,39,139,0.9998885772967968,5.346959812100977
3902,algoQD,39,139,0.9998885772967968,5.644595051649958
3903,algoQD,39,139,0.9998885772967968,5.110770542174578
3904,algoQD,39,139,0.9998885772967968,5.070295429322869
3905,algoQD,39,139,0.9998885772967968,5.256992388982326
3906,algoQD,39,139,0.9998885772967968,4.841918205842376
3907,algoQD,39,139,0.9998885772967968,5.942053371109068
3908,algoQD,39,139,0.9998885772967968,5.4556837091222405
3909,algoQD,39,139,0.9998885772967968,5.372917009983212
3910,algoQD,39,139,0.9998885772967968,5.2223914810456336
3911,algoQD,39,139,0.9998885772967968,4.903728445991874
3912,algoQD,39,139,0.9998885772967968,4.858138417825103
3913,algoQD,39,139,0.9998885772967968,5.814154468011111
3914,algoQD,39,139,0.9998885772967968,4.975730800069869
3915,algoQD,39,139,0.9998885772967968,6.265547081828117
3916,algoQD,39,139,0.9998885772967968,6.100175738800317
3917,algoQD,39,139,0.9998885772967968,5.071782486978918
3918,algoQD,39,139,0.9998885772967968,5.474868591874838
3919,algoQD,39,139,0.9998885772967968,5.342530203983188
3920,algoQD,39,139,0.9998885772967968,5.22937249019742
3921,algoQD,39,139,0.9998885772967968,5.939076886046678
3922,algoQD,39,139,0.9998885772967968,5.604999370872974
3923,algoQD,39,139,0.9998885772967968,5.396751977968961
3924,algoQD,39,139,0.9998885772967968,4.998269668780267
3925,algoQD,39,139,0.9998885772967968,5.604088489897549
3926,algoQD,39,139,0.9998885772967968,5.529108581133187
3927,algoQD,39,139,0.9998885772967968,5.022333730943501
3928,algoQD,39,139,0.9998885772967968,5.644082545302808
3929,algoQD,39,139,0.9998885772967968,5.73831981420517
3930,algoQD,39,139,0.9998885772967968,5.470948244910687
3931,algoQD,39,139,0.9998885772967968,4.9657776788808405
3932,algoQD,39,139,0.9998885772967968,5.453237538225949
3933,algoQD,39,139,0.9998885772967968,5.341859096195549
3934,algoQD,39,139,0.9998885772967968,5.785208474379033
3935,algoQD,39,139,0.9998885772967968,4.86577308177948
3936,algoQD,39,139,0.9998885772967968,5.143413088750094
3937,algoQD,39,139,0.9998885772967968,4.682129580061883
3938,algoQD,39,139,0.9998885772967968,5.429717564024031
3939,algoQD,39,139,0.9998885772967968,5.118541061878204
3940,algoQD,39,139,0.9998885772967968,5.12223576195538
3941,algoQD,39,139,0.9998885772967968,4.607869730796665
3942,algoQD,39,139,0.9998885772967968,5.870507268235087
3943,algoQD,39,139,0.9998885772967968,5.22123014787212
3944,algoQD,39,139,0.9998885772967968,4.796142760198563
3945,algoQD,39,139,0.9998885772967968,5.2409557132050395
3946,algoQD,39,139,0.9998885772967968,4.685273841023445
3947,algoQD,39,139,0.9998885772967968,5.58663660986349
3948,algoQD,39,140,0.9998885772967968,5.570287624839693
3949,algoQD,39,140,0.9998885772967968,4.979909325018525
3950,algoQD,39,140,0.9998885772967968,5.075869868975133
3951,algoQD,39,140,0.9998885772967968,5.159864699933678
3952,algoQD,39,140,0.9998885772967968,5.33355956710875
3953,algoQD,39,140,0.9998885772967968,5.312658681999892
3954,algoQD,39,140,0.9998885772967968,5.60961863771081
3955,algoQD,39,140,0.9998885772967968,5.333644967991859
3956,algoQD,39,140,0.9998885772967968,5.144021297805011
3957,algoQD,39,140,0.9998885772967968,4.4576611132360995
3958,algoQD,39,140,0.9998885772967968,5.269066578708589
3959,algoQD,39,140,0.9998885772967968,5.581030388828367
3960,algoQD,39,140,0.9998885772967968,4.852736635133624
3961,algoQD,39,140,0.9998885772967968,5.449245487339795
3962,algoQD,39,140,0.9998885772967968,5.128317691851407
3963,algoQD,39,140,0.9998885772967968,5.740202790591866
3964,algoQD,39,140,0.9998885772967968,4.9995230082422495
3965,algoQD,39,140,0.9998885772967968,4.861353873740882
3966,algoQD,39,140,0.9998885772967968,4.955537180881947
3967,algoQD,39,140,0.9998885772967968,4.563490891829133
3968,algoQD,39,140,0.9998885772967968,5.118649265728891
3969,algoQD,39,140,0.9998885772967968,5.274896833114326
3970,algoQD,39,140,0.9998885772967968,5.806824761908501
3971,algoQD,39,140,0.9998885772967968,4.951600645203143
3972,algoQD,39,140,0.9998885772967968,5.01261343806982
3973,algoQD,39,140,0.9998885772967968,4.9813756151124835
3974,algoQD,39,140,0.9998885772967968,5.564699357841164
3975,algoQD,39,140,0.9998885772967968,5.371051715221256
3976,algoQD,39,140,0.9998885772967968,6.437102227006108
3977,algoQD,39,140,0.9998885772967968,5.826350167859346
3978,algoQD,39,140,0.9998885772967968,6.3423401969484985
3979,algoQD,39,140,0.9998885772967968,5.314242685213685
3980,algoQD,39,140,0.9998885772967968,6.4160374430939555
3981,algoQD,39,140,0.9998885772967968,6.286524320952594
3982,algoQD,39,140,0.9998885772967968,5.727947971317917
3983,algoQD,39,140,0.9998885772967968,5.487749787978828
3984,algoQD,39,140,0.9998885772967968,5.988785764668137
3985,algoQD,39,140,0.9998885772967968,6.375025334767997
3986,algoQD,39,140,0.9998885772967968,5.3752695438452065
3987,algoQD,39,140,0.9998885772967968,5.468619978055358
3988,algoQD,39,141,0.9998885772967968,5.1533872820436954
3989,algoQD,39,141,0.9998885772967968,5.495801788754761
3990,algoQD,39,141,0.9998885772967968,5.991477019619197
3991,algoQD,39,141,0.9998885772967968,6.312665456905961
3992,algoQD,39,141,0.9998885772967968,5.993135522119701
3993,algoQD,39,141,0.9998885772967968,5.8755035367794335
3994,algoQD,39,141,0.9998885772967968,6.0739448349922895
3995,algoQD,39,141,0.9998885772967968,5.952665598131716
3996,algoQD,39,141,0.9998885772967968,5.123248825315386
3997,algoQD,39,141,0.9998885772967968,5.416668402962387
3998,algoQD,39,141,0.9998885772967968,6.491250631865114
3999,algoQD,39,141,0.9998885772967968,5.9114348771981895
4000,algoQD,40,141,0.9998885772967968,5.7595100360922515
4001,algoQD,40,141,0.9998885772967968,6.013132439926267
4002,algoQD,40,141,0.9998885772967968,6.63439030572772
4003,algoQD,40,141,0.9998885772967968,5.332284178119153
4004,algoQD,40,141,0.9998885772967968,6.034707287792116
4005,algoQD,40,141,0.9998885772967968,5.897539856377989
4006,algoQD,40,141,0.9998885772967968,6.551208282355219
4007,algoQD,40,141,0.9998885772967968,5.782412403263152
4008,algoQD,40,141,0.9998885772967968,6.43333280691877
4009,algoQD,40,141,0.9998885772967968,5.75006369035691
4010,algoQD,40,141,0.9998885772967968,5.908612895291299
4011,algoQD,40,141,0.9998885772967968,6.451542227063328
4012,algoQD,40,141,0.9998885772967968,5.528688727878034
4013,algoQD,40,141,0.9998885772967968,6.380988428834826
4014,algoQD,40,141,0.9998885772967968,5.81270259572193
4015,algoQD,40,141,0.9998885772967968,6.333086363971233
4016,algoQD,40,141,0.9998885772967968,6.890614334959537
4017,algoQD,40,141,0.9998885772967968,6.760039187967777
4018,algoQD,40,141,0.9998885772967968,5.770625335164368
4019,algoQD,40,141,0.9998885772967968,5.890167759731412
4020,algoQD,40,141,0.9998885772967968,6.122168606612831
4021,algoQD,40,141,0.9998885772967968,6.196803565137088
4022,algoQD,40,141,0.9998885772967968,6.070072811096907
4023,algoQD,40,141,0.9998885772967968,6.482251301407814
4024,algoQD,40,141,0.9998885772967968,5.759043594822288
4025,algoQD,40,141,0.9998885772967968,5.971815835684538
4026,algoQD,40,141,0.9998885772967968,6.314461259171367
4027,algoQD,40,141,0.9998885772967968,6.411756246350706
4028,algoQD,40,141,0.9998885772967968,5.940961115062237
4029,algoQD,40,141,0.9998885772967968,5.310118484310806
4030,algoQD,40,141,0.9998885772967968,5.905991563107818
4031,algoQD,40,141,0.9998885772967968,5.828347772825509
4032,algoQD,40,141,0.9998885772967968,5.5598630220629275
4033,algoQD,40,141,0.9998885772967968,5.356125360354781
4034,algoQD,40,141,0.9998885772967968,6.313343596179038
4035,algoQD,40,141,0.9998885772967968,5.5084384409710765
4036,algoQD,40,141,0.9998885772967968,5.993474536109716
4037,algoQD,40,141,0.9998885772967968,5.877486650366336
4038,algoQD,40,141,0.9998885772967968,6.426420011091977
4039,algoQD,40,141,0.9998885772967968,5.476469576358795
4040,algoQD,40,141,0.9998885772967968,4.970260200090706
4041,algoQD,40,141,0.9998885772967968,5.233533268328756
4042,algoQD,40,141,0.9998885772967968,5.68414568901062
4043,algoQD,40,141,0.9998885772967968,6.592211484909058
4044,algoQD,40,142,0.9998885772967968,5.949290382210165
4045,algoQD,40,142,0.9998885772967968,6.210273684002459
4046,algoQD,40,142,0.9998885772967968,6.096858350094408
4047,algoQD,40,142,0.9998885772967968,6.006727461703122
4048,algoQD,40,142,0.9998885772967968,6.231457977090031
4049,algoQD,40,142,0.9998885772967968,5.9085602248087525
4050,algoQD,40,142,0.9998885772967968,5.681680992245674
4051,algoQD,40,142,0.9998885772967968,5.799378798343241
4052,algoQD,40,142,0.9998885772967968,5.442576234228909
4053,algoQD,40,142,0.9998885772967968,6.230694528203458
4054,algoQD,40,142,0.9998885772967968,5.707482606172562
4055,algoQD,40,143,0.9998885772967968,6.441602312959731
4056,algoQD,40,143,0.9998885772967968,5.925068822689354
4057,algoQD,40,143,0.9998885772967968,5.579809344839305
4058,algoQD,40,143,0.9998885772967968,5.84246846428141
4059,algoQD,40,143,0.9998885772967968,5.761514434125274
4060,algoQD,40,143,0.9998885772967968,6.0636932430788875
4061,algoQD,40,143,0.9998885772967968,5.307304497808218
4062,algoQD,40,143,0.9998885772967968,5.333850597962737
4063,algoQD,40,143,0.9998885772967968,5.489225413184613
4064,algoQD,40,143,0.9998885772967968,6.430580559652299
4065,algoQD,40,143,0.9998885772967968,6.396621094085276
4066,algoQD,40,143,0.9998885772967968,6.336406336165965
4067,algoQD,40,143,0.9998885772967968,5.775120871141553
4068,algoQD,40,143,0.9998885772967968,6.007588648702949
4069,algoQD,40,143,0.9998885772967968,6.4556682063266635
4070,algoQD,40,143,0.9998885772967968,5.247134934179485
4071,algoQD,40,143,0.9998885772967968,4.918941038195044
4072,algoQD,40,143,0.9998885772967968,5.457137824036181
4073,algoQD,40,143,0.9998885772967968,5.462032769806683
4074,algoQD,40,143,0.9998885772967968,5.290573638863862
4075,algoQD,40,143,0.9998885772967968,5.209924495778978
4076,algoQD,40,143,0.9998885772967968,5.859987611882389
4077,algoQD,40,143,0.9998885772967968,5.714122581295669
4078,algoQD,40,143,0.9998885772967968,6.294586481992155
4079,algoQD,40,143,0.9998885772967968,5.457707899622619
4080,algoQD,40,143,0.9998885772967968,6.36764484224841
4081,algoQD,40,143,0.9998885772967968,6.247034082189202
4082,algoQD,40,143,0.9998885772967968,5.852418310008943
4083,algoQD,40,143,0.9998885772967968,5.548855137079954
4084,algoQD,40,143,0.9998885772967968,5.512925968971103
4085,algoQD,40,143,0.9998885772967968,6.004059833008796
4086,algoQD,40,143,0.9998885772967968,6.49265371914953
4087,algoQD,40,143,0.9998885772967968,5.660380871966481
4088,algoQD,40,143,0.9998885772967968,6.808043456170708
4089,algoQD,40,143,0.9998885772967968,5.59414374595508
4090,algoQD,40,143,0.9998885772967968,6.004964293912053
4091,algoQD,40,143,0.9998885772967968,6.726987114641815
4092,algoQD,40,143,0.9998885772967968,5.632850140798837
4093,algoQD,40,143,0.9998885772967968,5.817897703964263
4094,algoQD,40,143,0.9998885772967968,5.623090261593461
4095,algoQD,40,143,0.9998885772967968,5.529293239116669
4096,algoQD,40,143,0.9998885772967968,5.528805359266698
4097,algoQD,40,143,0.9998885772967968,5.696210572030395
4098,algoQD,40,143,0.9998885772967968,6.725398842711002
4099,algoQD,40,143,0.9998885772967968,5.417019281070679
4100,algoQD,41,143,0.9998885772967968,5.833316422998905
4101,algoQD,41,143,0.9998885772967968,5.507389129139483
4102,algoQD,41,143,0.9998885772967968,5.333569026086479
4103,algoQD,41,143,0.9998885772967968,6.185983166098595
4104,algoQD,41,143,0.9998885772967968,6.142355984076858
4105,algoQD,41,143,0.9998885772967968,5.6586102857254446
4106,algoQD,41,143,0.9998885772967968,5.68515512580052
4107,algoQD,41,143,0.9998885772967968,5.502071352209896
4108,algoQD,41,143,0.9998885772967968,5.7357785534113646
4109,algoQD,41,143,0.9998885772967968,6.491714745294303
4110,algoQD,41,143,0.9998885772967968,5.7216967712156475
4111,algoQD,41,143,0.9998885772967968,5.769033749122173
4112,algoQD,41,143,0.9998885772967968,5.425538674928248
4113,algoQD,41,143,0.9998885772967968,5.676736912224442
4114,algoQD,41,143,0.9998885772967968,5.444562325719744
4115,algoQD,41,144,0.9998885772967968,6.365274403244257
4116,algoQD,41,144,0.9998885772967968,6.718195804860443
4117,algoQD,41,144,0.9998885772967968,6.592068844940513
4118,algoQD,41,144,0.9998885772967968,5.622922535054386
4119,algoQD,41,144,0.9998885772967968,5.483521398156881
4120,algoQD,41,144,0.9998885772967968,5.95011229487136
4121,algoQD,41,144,0.9998885772967968,5.724838896188885
4122,algoQD,41,144,0.9998885772967968,6.62615208607167
4123,algoQD,41,144,0.9998885772967968,5.974722589831799
4124,algoQD,41,144,0.9998885772967968,5.594397906213999
4125,algoQD,41,144,0.9998885772967968,6.349188113119453
4126,algoQD,41,144,0.9998885772967968,5.727515023201704
4127,algoQD,41,144,0.9998885772967968,5.907911539077759
4128,algoQD,41,144,0.9998885772967968,6.411212441045791
4129,algoQD,41,144,0.9998885772967968,5.7709019389003515
4130,algoQD,41,144,0.9998885772967968,6.39531419519335
4131,algoQD,41,144,0.9998885772967968,6.659278138075024
4132,algoQD,41,144,0.9998885772967968,5.831953089218587
4133,algoQD,41,144,0.9998885772967968,5.559597321320325
4134,algoQD,41,144,0.9998885772967968,5.616013063117862
4135,algoQD,41,144,0.9998885772967968,5.873121563810855
4136,algoQD,41,144,0.9998885772967968,5.38498747581616
4137,algoQD,41,144,0.9998885772967968,5.711696988902986
4138,algoQD,41,144,0.9998885772967968,6.044705871958286
4139,algoQD,41,144,0.9998885772967968,6.018764855340123
4140,algoQD,41,144,0.9998885772967968,5.518194713164121
4141,algoQD,41,144,0.9998885772967968,6.1575423940084875
4142,algoQD,41,144,0.9998885772967968,5.067711024079472
4143,algoQD,41,144,0.9998885772967968,5.441263923887163
4144,algoQD,41,144,0.9998885772967968,5.659814582206309
4145,algoQD,41,144,0.9998885772967968,6.481816056184471
4146,algoQD,41,144,0.9998885772967968,5.72708458872512
4147,algoQD,41,144,0.9998885772967968,6.442320539150387
4148,algoQD,41,144,0.9998885772967968,5.4535754937678576
4149,algoQD,41,144,0.9998885772967968,5.717743942979723
4150,algoQD,41,144,0.9998885772967968,5.479869498871267
4151,algoQD,41,144,0.9998885772967968,6.0197711060754955
4152,algoQD,41,144,0.9998885772967968,5.9223287757486105
4153,algoQD,41,144,0.9998885772967968,5.946658339817077
4154,algoQD,41,144,0.9998885772967968,5.183938393369317
4155,algoQD,41,144,0.9998885772967968,5.583160887937993
4156,algoQD,41,144,0.9998885772967968,6.263349965680391
4157,algoQD,41,144,0.9998885772967968,5.407077197916806
4158,algoQD,41,144,0.9998885772967968,5.464427975937724
4159,algoQD,41,144,0.9998885772967968,6.181337157264352
4160,algoQD,41,144,0.9998885772967968,5.534077948890626
4161,algoQD,41,144,0.9998885772967968,5.691431692801416
4162,algoQD,41,144,0.9998885772967968,5.735436927061528
4163,algoQD,41,144,0.9998885772967968,5.769059439189732
4164,algoQD,41,144,0.9998885772967968,5.663472763262689
4165,algoQD,41,144,0.9998885772967968,5.395097355823964
4166,algoQD,41,144,0.9998885772967968,5.987894675228745
4167,algoQD,41,144,0.9998885772967968,5.793479362968355
4168,algoQD,41,144,0.9998885772967968,5.132332318928093
4169,algoQD,41,144,0.9998885772967968,4.864388445857912
4170,algoQD,41,144,0.9998885772967968,4.962967011146247
4171,algoQD,41,144,0.9998885772967968,4.999779018107802
4172,algoQD,41,144,0.9998885772967968,4.717157436069101
4173,algoQD,41,144,0.9998885772967968,5.284581438172609
4174,algoQD,41,144,0.9998885772967968,5.219098658300936
4175,algoQD,41,144,0.9998885772967968,4.868599602021277
4176,algoQD,41,144,0.9998885772967968,5.016735542099923
4177,algoQD,41,144,0.9998885772967968,4.6683365339413285
4178,algoQD,41,144,0.9998885772967968,4.634737768210471
4179,algoQD,41,144,0.9998885772967968,5.577940545044839
4180,algoQD,41,144,0.9998885772967968,5.640492147766054
4181,algoQD,41,144,0.9998885772967968,5.446014207787812
4182,algoQD,41,144,0.9998885772967968,4.665208363905549
4183,algoQD,41,144,0.9998885772967968,5.3845897051505744
4184,algoQD,41,144,0.9998885772967968,5.753380147740245
4185,algoQD,41,144,0.9998885772967968,4.831119434908032
4186,algoQD,41,144,0.9998885772967968,4.534404367674142
4187,algoQD,41,144,0.9998885772967968,4.69569637067616
4188,algoQD,41,144,0.9998885772967968,5.11734967213124
4189,algoQD,41,144,0.9998885772967968,4.761354834306985
4190,algoQD,41,144,0.9998885772967968,4.764459027908742
4191,algoQD,41,144,0.9998885772967968,4.580034581944346
4192,algoQD,41,145,0.9998885772967968,5.201971529982984
4193,algoQD,41,145,0.9998885772967968,4.581865611951798
4194,algoQD,41,145,0.9998885772967968,5.224262001924217
4195,algoQD,41,145,0.9998885772967968,4.326393571216613
4196,algoQD,41,145,0.9998885772967968,5.014721417333931
4197,algoQD,41,145,0.9998885772967968,4.5951042622327805
4198,algoQD,41,145,0.9998885772967968,4.433640602976084
4199,algoQD,41,145,0.9998885772967968,4.777641613967717
4200,algoQD,42,145,0.9998885772967968,4.264985469169915
4201,algoQD,42,145,0.9998885772967968,4.605733082164079
4202,algoQD,42,145,0.9998885772967968,4.233046959619969
4203,algoQD,42,145,0.9998885772967968,4.662767321337014
4204,algoQD,42,145,0.9998885772967968,4.225988886319101
4205,algoQD,42,145,0.9998885772967968,4.5144077190198
4206,algoQD,42,145,0.9998885772967968,4.51090076379478
4207,algoQD,42,145,0.9998885772967968,4.871563510969281
4208,algoQD,42,145,0.9998885772967968,4.171172877307981
4209,algoQD,42,145,0.9998885772967968,4.650807607918978
4210,algoQD,42,145,0.9998885772967968,5.116540492977947
4211,algoQD,42,145,0.9998885772967968,4.207050949335098
4212,algoQD,42,145,0.9998885772967968,4.809146281797439
4213,algoQD,42,145,0.9998885772967968,4.284150775987655
4214,algoQD,42,145,0.9998885772967968,4.838389008305967
4215,algoQD,42,145,0.9998885772967968,4.539157196413726
4216,algoQD,42,145,0.9998885772967968,4.312043519690633
4217,algoQD,42,145,0.9998885772967968,4.874417193233967
4218,algoQD,42,145,0.9998885772967968,4.293284677900374
4219,algoQD,42,145,0.9998885772967968,4.380383416078985
4220,algoQD,42,145,0.9998885772967968,5.069907432887703
4221,algoQD,42,145,0.9998885772967968,4.675747641827911
4222,algoQD,42,145,0.9998885772967968,4.776849834714085
4223,algoQD,42,145,0.9998885772967968,4.195616232696921
4224,algoQD,42,145,0.9998885772967968,4.224680871237069
4225,algoQD,42,145,0.9998885772967968,4.308513841126114
4226,algoQD,42,145,0.9998885772967968,5.497344772797078
4227,algoQD,42,145,0.9998885772967968,4.857966612093151
4228,algoQD,42,145,0.9998885772967968,4.942160481121391
4229,algoQD,42,145,0.9998885772967968,5.215609003789723
4230,algoQD,42,145,0.9998885772967968,4.539985899347812
4231,algoQD,42,145,0.9998885772967968,4.714146996848285
4232,algoQD,42,145,0.9998885772967968,5.351053796708584
4233,algoQD,42,145,0.9998885772967968,4.697210108861327
4234,algoQD,42,145,0.9998885772967968,4.405893569812179
4235,algoQD,42,145,0.9998885772967968,4.497293964959681
4236,algoQD,42,145,0.9998885772967968,5.054682249203324
4237,algoQD,42,145,0.9998885772967968,5.695377868134528
4238,algoQD,42,145,0.9998885772967968,5.064363309182227
4239,algoQD,42,145,0.9998885772967968,5.085525899194181
4240,algoQD,42,145,0.9998885772967968,4.9328254368156195
4241,algoQD,42,145,0.9998885772967968,5.213102127891034
4242,algoQD,42,145,0.9998885772967968,5.089089290704578
4243,algoQD,42,145,0.9998885772967968,5.747992948628962
4244,algoQD,42,145,0.9998885772967968,5.392017555888742
4245,algoQD,42,145,0.9998885772967968,4.6546802604570985
4246,algoQD,42,145,0.9998885772967968,4.845654130913317
4247,algoQD,42,145,0.9998885772967968,4.820176858920604
4248,algoQD,42,145,0.9998885772967968,5.959173523820937
4249,algoQD,42,145,0.9998885772967968,5.679125722963363
4250,algoQD,42,145,0.9998885772967968,4.838009288068861
4251,algoQD,42,145,0.9998885772967968,5.190657845698297
4252,algoQD,42,145,0.9998885772967968,5.467826003674418
4253,algoQD,42,145,0.9998885772967968,4.76182545023039
4254,algoQD,42,145,0.9998885772967968,5.249665915966034
4255,algoQD,42,145,0.9998885772967968,4.735940248705447
4256,algoQD,42,145,0.9998885772967968,4.88527384120971
4257,algoQD,42,145,0.9998885772967968,4.824521385598928
4258,algoQD,42,145,0.9998885772967968,5.573034266009927
4259,algoQD,42,145,0.9998885772967968,4.692992822267115
4260,algoQD,42,145,0.9998885772967968,5.296141737140715
4261,algoQD,42,145,0.9998885772967968,4.724670407827944
4262,algoQD,42,145,0.9998885772967968,4.892208883073181
4263,algoQD,42,145,0.9998885772967968,5.775724499952048
4264,algoQD,42,145,0.9998885772967968,5.412917611189187
4265,algoQD,42,146,0.9998885772967968,6.005480146966875
4266,algoQD,42,146,0.9998885772967968,6.268238622695208
4267,algoQD,42,146,0.9998885772967968,6.3730555842630565
4268,algoQD,42,146,0.9998885772967968,5.906457271892577
4269,algoQD,42,146,0.9998885772967968,6.281262116972357
4270,algoQD,42,146,0.9998885772967968,6.301285074092448
4271,algoQD,42,146,0.9998885772967968,6.300756334792823
4272,algoQD,42,146,0.9998885772967968,6.860294491052628
4273,algoQD,42,146,0.9998885772967968,5.692298511043191
4274,algoQD,42,146,0.9998885772967968,5.67129577184096
4275,algoQD,42,146,0.9998885772967968,5.979769844096154
4276,algoQD,42,146,0.9998885772967968,5.456391331739724
4277,algoQD,42,146,0.9998885772967968,5.4815218592993915
4278,algoQD,42,146,0.9998885772967968,5.872716277837753
4279,algoQD,42,146,0.9998885772967968,5.519213867839426
4280,algoQD,42,146,0.9998885772967968,6.214955212082714
4281,algoQD,42,146,0.9998885772967968,5.329922765959054
4282,algoQD,42,147,0.9998885772967968,6.066085213329643
4283,algoQD,42,147,0.9998885772967968,5.326544384006411
4284,algoQD,42,147,0.9998885772967968,5.606345077045262
4285,algoQD,42,147,0.9998885772967968,5.667240841779858
4286,algoQD,42,147,0.9998885772967968,5.497517759911716
4287,algoQD,42,147,0.9998885772967968,5.7879817662760615
4288,algoQD,42,147,0.9998885772967968,5.174598405137658
4289,algoQD,42,147,0.9998885772967968,6.357788030989468
4290,algoQD,42,147,0.9998885772967968,5.474815400317311
4291,algoQD,42,147,0.9998885772967968,5.650099277961999
4292,algoQD,42,147,0.9998885772967968,6.287619658280164
4293,algoQD,42,147,0.9998885772967968,6.030887199100107
4294,algoQD,42,147,0.9998885772967968,5.9985649939626455
4295,algoQD,42,147,0.9998885772967968,6.146777517162263
4296,algoQD,42,147,0.9998885772967968,6.010306955780834
4297,algoQD,42,147,0.9998885772967968,6.252920473925769
4298,algoQD,42,147,0.9998885772967968,5.926613490097225
4299,algoQD,42,147,0.9998885772967968,5.430844579823315
4300,algoQD,43,147,0.9998885772967968,6.342431688681245
4301,algoQD,43,147,0.9998885772967968,5.396220137365162
4302,algoQD,43,147,0.9998885772967968,6.010158153716475
4303,algoQD,43,147,0.9998885772967968,5.91747082863003
4304,algoQD,43,147,0.9998885772967968,6.294276273809373
4305,algoQD,43,147,0.9998885772967968,5.1687826798297465
4306,algoQD,43,147,0.9998885772967968,5.736260976176709
4307,algoQD,43,147,0.9998885772967968,5.457554358989
4308,algoQD,43,147,0.9998885772967968,5.8684762781485915
4309,algoQD,43,147,0.9998885772967968,6.122519830241799
4310,algoQD,43,147,0.9998885772967968,5.1977272210642695
4311,algoQD,43,147,0.9998885772967968,5.480933357961476
4312,algoQD,43,147,0.9998885772967968,5.493422891944647
4313,algoQD,43,147,0.9998885772967968,5.429156149271876
4314,algoQD,43,147,0.9998885772967968,5.8017135290429
4315,algoQD,43,147,0.9998885772967968,5.88915408262983
4316,algoQD,43,147,0.9998885772967968,5.726954943034798
4317,algoQD,43,147,0.9998885772967968,5.505539012141526
4318,algoQD,43,147,0.9998885772967968,5.167061088141054
4319,algoQD,43,147,0.9998885772967968,5.843740525655448
4320,algoQD,43,147,0.9998885772967968,5.595182347111404
4321,algoQD,43,147,0.9998885772967968,5.793793946970254
4322,algoQD,43,147,0.9998885772967968,5.71740778721869
4323,algoQD,43,147,0.9998885772967968,5.280696798115969
4324,algoQD,43,147,0.9998885772967968,5.622775606811047
4325,algoQD,43,147,0.9998885772967968,4.890634379349649
4326,algoQD,43,147,0.9998885772967968,5.380535344127566
4327,algoQD,43,147,0.9998885772967968,5.636580377817154
4328,algoQD,43,147,0.9998885772967968,5.3537082420662045
4329,algoQD,43,147,0.9998885772967968,5.5056533282622695
4330,algoQD,43,147,0.9998885772967968,5.272353887092322
4331,algoQD,43,147,0.9998885772967968,5.34680643491447
4332,algoQD,43,147,0.9998885772967968,5.062656796071678
4333,algoQD,43,147,0.9998885772967968,5.527178545016795
4334,algoQD,43,147,0.9998885772967968,5.750704211182892
4335,algoQD,43,147,0.9998885772967968,6.290053364820778
4336,algoQD,43,147,0.9998885772967968,6.156038092914969
4337,algoQD,43,147,0.9998885772967968,6.162648682016879
4338,algoQD,43,147,0.9998885772967968,5.408951428718865
4339,algoQD,43,147,0.9998885772967968,5.422374507412314
4340,algoQD,43,147,0.9998885772967968,6.236121425870806
4341,algoQD,43,147,0.9998885772967968,5.653351361863315
4342,algoQD,43,147,0.9998885772967968,6.144630221184343
4343,algoQD,43,147,0.9998885772967968,5.558823859319091
4344,algoQD,43,147,0.9998885772967968,6.226510190870613
4345,algoQD,43,147,0.9998885772967968,5.917325394228101
4346,algoQD,43,147,0.9998885772967968,5.680131344124675
4347,algoQD,43,147,0.9998885772967968,6.258010139223188
4348,algoQD,43,147,0.9998885772967968,5.402539805043489
4349,algoQD,43,147,0.9998885772967968,5.698292864952236
4350,algoQD,43,147,0.9998885772967968,6.075765752233565
4351,algoQD,43,147,0.9998885772967968,5.162882543168962
4352,algoQD,43,147,0.9998885772967968,5.221514561213553
4353,algoQD,43,147,0.9998885772967968,5.3356668879278
4354,algoQD,43,147,0.9998885772967968,5.961374681908637
4355,algoQD,43,147,0.9998885772967968,5.572672130074352
4356,algoQD,43,147,0.9998885772967968,5.3601398332975805
4357,algoQD,43,147,0.9998885772967968,5.535814905073494
4358,algoQD,43,147,0.9998885772967968,5.928491530008614
4359,algoQD,43,147,0.9998885772967968,6.111127538140863
4360,algoQD,43,147,0.9998885772967968,6.551367172971368
4361,algoQD,43,147,0.9998885772967968,6.6509972140192986
4362,algoQD,43,147,0.9998885772967968,6.041104418225586
4363,algoQD,43,147,0.9998885772967968,6.618875069078058
4364,algoQD,43,147,0.9998885772967968,6.292573937680572
4365,algoQD,43,147,0.9998885772967968,6.1296648578718305
4366,algoQD,43,147,0.9998885772967968,6.273085698951036
4367,algoQD,43,147,0.9998885772967968,5.510526075027883
4368,algoQD,43,147,0.9998885772967968,6.091029288247228
4369,algoQD,43,147,0.9998885772967968,5.538667698856443
4370,algoQD,43,147,0.9998885772967968,6.443944929167628
4371,algoQD,43,147,0.9998885772967968,6.04055923782289
4372,algoQD,43,147,0.9998885772967968,5.75269656535238
4373,algoQD,43,147,0.9998885772967968,5.6564916842617095
4374,algoQD,43,147,0.9998885772967968,5.642640796024352
4375,algoQD,43,148,0.9998885772967968,5.575790792237967
4376,algoQD,43,148,0.9998885772967968,6.555875018704683
4377,algoQD,43,148,0.9998885772967968,6.35294507117942
4378,algoQD,43,148,0.9998885772967968,6.9603405189700425
4379,algoQD,43,148,0.9998885772967968,6.757107488811016
4380,algoQD,43,148,0.9998885772967968,5.992143925279379
4381,algoQD,43,148,0.9998885772967968,6.832398700993508
4382,algoQD,43,148,0.9998885772967968,5.942371521145105
4383,algoQD,43,148,0.9998885772967968,6.0939449947327375
4384,algoQD,43,148,0.9998885772967968,5.3921046308241785
4385,algoQD,43,148,0.9998885772967968,6.283180871978402
4386,algoQD,43,148,0.9998885772967968,6.36348583502695
4387,algoQD,43,148,0.9998885772967968,5.771248183213174
4388,algoQD,43,148,0.9998885772967968,5.92793327383697
4389,algoQD,43,148,0.9998885772967968,6.422484776005149
4390,algoQD,43,148,0.9998885772967968,5.492628992069513
4391,algoQD,43,148,0.9998885772967968,6.111541787628084
4392,algoQD,43,148,0.9998885772967968,6.35118264099583
4393,algoQD,43,148,0.9998885772967968,5.985883775167167
4394,algoQD,43,148,0.9998885772967968,6.15313241397962
4395,algoQD,43,148,0.9998885772967968,5.92493616277352
4396,algoQD,43,148,0.9998885772967968,5.285366591066122
4397,algoQD,43,148,0.9998885772967968,6.268074803054333
4398,algoQD,43,148,0.9998885772967968,5.604523726273328
4399,algoQD,43,148,0.9998885772967968,5.503611691296101
4400,algoQD,44,148,0.9998885772967968,6.654392858967185
4401,algoQD,44,148,0.9998885772967968,6.785279961768538
4402,algoQD,44,148,0.9998885772967968,5.8760488401167095
4403,algoQD,44,148,0.9998885772967968,5.9552516508847475
4404,algoQD,44,148,0.9998885772967968,5.408462783321738
4405,algoQD,44,148,0.9998885772967968,6.4271514769643545
4406,algoQD,44,148,0.9998885772967968,5.6900186710990965
4407,algoQD,44,148,0.9998885772967968,6.542441725265235
4408,algoQD,44,148,0.9998885772967968,5.859310426749289
4409,algoQD,44,148,0.9998885772967968,5.516482133883983
4410,algoQD,44,148,0.9998885772967968,5.730959086213261
4411,algoQD,44,148,0.9998885772967968,5.617867772933096
4412,algoQD,44,148,0.9998885772967968,6.194605680182576
4413,algoQD,44,148,0.9998885772967968,5.8669217568822205
4414,algoQD,44,148,0.9998885772967968,5.3326639528386295
4415,algoQD,44,148,0.9998885772967968,5.136211222037673
4416,algoQD,44,148,0.9998885772967968,5.327575920149684
4417,algoQD,44,148,0.9998885772967968,5.408344479743391
4418,algoQD,44,148,0.9998885772967968,5.5469981650821865
4419,algoQD,44,148,0.9998885772967968,5.8566832658834755
4420,algoQD,44,148,0.9998885772967968,5.144113630987704
4421,algoQD,44,148,0.9998885772967968,5.542672381736338
4422,algoQD,44,148,0.9998885772967968,5.0956848887726665
4423,algoQD,44,148,0.9998885772967968,5.8255701549351215
4424,algoQD,44,148,0.9998885772967968,5.583430683705956
4425,algoQD,44,148,0.9998885772967968,5.624845925252885
4426,algoQD,44,148,0.9998885772967968,5.210784055758268
4427,algoQD,44,148,0.9998885772967968,5.325560593046248
4428,algoQD,44,148,0.9998885772967968,5.336755922995508
4429,algoQD,44,148,0.9998885772967968,5.300997267011553
4430,algoQD,44,148,0.9998885772967968,6.337911488022655
4431,algoQD,44,148,0.9998885772967968,5.596660316921771
4432,algoQD,44,148,0.9998885772967968,6.248145509045571
4433,algoQD,44,148,0.9998885772967968,6.328390037175268
4434,algoQD,44,148,0.9998885772967968,6.690449662972242
4435,algoQD,44,148,0.9998885772967968,5.944241239223629
4436,algoQD,44,148,0.9998885772967968,5.575644074007869
4437,algoQD,44,148,0.9998885772967968,5.648261853028089
4438,algoQD,44,148,0.9998885772967968,6.129204873926938
4439,algoQD,44,148,0.9998885772967968,5.502811517100781
4440,algoQD,44,148,0.9998885772967968,5.121532191056758
4441,algoQD,44,149,0.9998885772967968,5.236870530061424
4442,algoQD,44,149,0.9998885772967968,5.539879898075014
4443,algoQD,44,149,0.9998885772967968,5.899014699738473
4444,algoQD,44,149,0.9998885772967968,5.656073139980435
4445,algoQD,44,149,0.9998885772967968,5.93786897091195
4446,algoQD,44,149,0.9998885772967968,6.020155488047749
4447,algoQD,44,149,0.9998885772967968,6.000603920314461
4448,algoQD,44,149,0.9998885772967968,6.095329988282174
4449,algoQD,44,149,0.9998885772967968,5.222274484112859
4450,algoQD,44,149,0.9998885772967968,5.8339082868769765
4451,algoQD,44,149,0.9998885772967968,4.81102808425203
4452,algoQD,44,149,0.9998885772967968,4.995337503030896
4453,algoQD,44,149,0.9998885772967968,4.83216032711789
4454,algoQD,44,149,0.9998885772967968,5.689982692245394
4455,algoQD,44,149,0.9998885772967968,5.0687838098965585
4456,algoQD,44,149,0.9998885772967968,5.184149708133191
4457,algoQD,44,149,0.9998885772967968,5.998920480720699
4458,algoQD,44,149,0.9998885772967968,5.084708453156054
4459,algoQD,44,150,0.9998885772967968,4.921485200989991
4460,algoQD,44,150,0.9998885772967968,4.887184469029307
4461,algoQD,44,150,0.9998885772967968,5.4212555112317204
4462,algoQD,44,150,0.9998885772967968,4.949389908928424
4463,algoQD,44,150,0.9998885772967968,5.203912114258856
4464,algoQD,44,150,0.9998885772967968,5.061594816856086
4465,algoQD,44,150,0.9998885772967968,4.709435855038464
4466,algoQD,44,150,0.9998885772967968,5.592889952939004
4467,algoQD,44,150,0.9998885772967968,5.057282239198685
4468,algoQD,44,150,0.9998885772967968,4.7901635859161615
4469,algoQD,44,150,0.9998885772967968,5.383162154816091
4470,algoQD,44,150,0.9998885772967968,4.766580172814429
4471,algoQD,44,150,0.9998885772967968,5.194828032981604
4472,algoQD,44,150,0.9998885772967968,5.689446469768882
4473,algoQD,44,150,0.9998885772967968,5.18429319979623
4474,algoQD,44,150,0.9998885772967968,5.904629944823682
4475,algoQD,44,150,0.9998885772967968,5.431008516810834
4476,algoQD,44,150,0.9998885772967968,5.073596118949354
4477,algoQD,44,150,0.9998885772967968,5.3645392819307745
4478,algoQD,44,150,0.9998885772967968,4.748479046393186
4479,algoQD,44,150,0.9998885772967968,5.618924358393997
4480,algoQD,44,150,0.9998885772967968,4.832995664793998
4481,algoQD,44,150,0.9998885772967968,4.547236737329513
4482,algoQD,44,150,0.9998885772967968,5.098242671228945
4483,algoQD,44,150,0.9998885772967968,4.98508873116225
4484,algoQD,44,150,0.9998885772967968,4.720228496007621
4485,algoQD,44,150,0.9998885772967968,4.940857839304954
4486,algoQD,44,150,0.9998885772967968,5.549602064304054
4487,algoQD,44,150,0.9998885772967968,4.6690449276939034
4488,algoQD,44,150,0.9998885772967968,5.291325856931508
4489,algoQD,44,150,0.9998885772967968,5.419850836973637
4490,algoQD,44,150,0.9998885772967968,5.485783477779478
4491,algoQD,44,150,0.9998885772967968,4.737045304849744
4492,algoQD,44,150,0.9998885772967968,5.390126161277294
4493,algoQD,44,150,0.9998885772967968,4.932985906954855
4494,algoQD,44,150,0.9998885772967968,4.931376968044788
4495,algoQD,44,150,0.9998885772967968,5.294863680843264
4496,algoQD,44,150,0.9998885772967968,5.433370319195092
4497,algoQD,44,150,0.9998885772967968,5.971282766200602
4498,algoQD,44,150,0.9998885772967968,5.006918772589415
4499,algoQD,44,150,0.9998885772967968,5.696229894179851
4500,algoQD,45,150,0.9998885772967968,5.637165070045739
4501,algoQD,45,150,0.9998885772967968,5.566482302732766
4502,algoQD,45,150,0.9998885772967968,5.819421058055013
4503,algoQD,45,150,0.9998885772967968,5.620616384316236
4504,algoQD,45,150,0.9998885772967968,5.2033546208404005
4505,algoQD,45,150,0.9998885772967968,5.294359958264977
4506,algoQD,45,150,0.9998885772967968,5.2895737760700285
4507,algoQD,45,150,0.9998885772967968,6.445134401321411
4508,algoQD,45,150,0.9998885772967968,5.560225575231016
4509,algoQD,45,150,0.9998885772967968,5.338262709323317
4510,algoQD,45,150,0.9998885772967968,6.268208132125437
4511,algoQD,45,150,0.9998885772967968,6.132378971204162
4512,algoQD,45,150,0.9998885772967968,6.135396022349596
4513,algoQD,45,150,0.9998885772967968,5.760312710888684
4514,algoQD,45,150,0.9998885772967968,5.573006188962609
4515,algoQD,45,150,0.9998885772967968,6.346539866179228
4516,algoQD,45,150,0.9998885772967968,6.31518689263612
4517,algoQD,45,150,0.9998885772967968,6.0607795640826225
4518,algoQD,45,150,0.9998885772967968,6.455555058084428
4519,algoQD,45,150,0.9998885772967968,6.242105407174677
4520,algoQD,45,150,0.9998885772967968,5.784027042333037
4521,algoQD,45,150,0.9998885772967968,5.459203602746129
4522,algoQD,45,150,0.9998885772967968,5.790681853890419
4523,algoQD,45,150,0.9998885772967968,5.3700888068415225
4524,algoQD,45,150,0.9998885772967968,5.252186374273151
4525,algoQD,45,150,0.9998885772967968,5.286348393652588
4526,algoQD,45,150,0.9998885772967968,5.084735403768718
4527,algoQD,45,150,0.9998885772967968,5.1965585220605135
4528,algoQD,45,150,0.9998885772967968,5.4556998228654265
4529,algoQD,45,150,0.9998885772967968,5.250070197042078
4530,algoQD,45,150,0.9998885772967968,5.623229973018169
4531,algoQD,45,150,0.9998885772967968,5.249285062775016
4532,algoQD,45,150,0.9998885772967968,5.787147586233914
4533,algoQD,45,150,0.9998885772967968,5.734663924202323
4534,algoQD,45,150,0.9998885772967968,5.477223857305944
4535,algoQD,45,150,0.9998885772967968,6.0153708891011775
4536,algoQD,45,150,0.9998885772967968,5.38715970562771
4537,algoQD,45,150,0.9998885772967968,6.10761570930481
4538,algoQD,45,150,0.9998885772967968,5.694410527590662
4539,algoQD,45,150,0.9998885772967968,6.592432148288935
4540,algoQD,45,150,0.9998885772967968,6.2774529359303415
4541,algoQD,45,150,0.9998885772967968,6.428018786944449
4542,algoQD,45,150,0.9998885772967968,5.999741630628705
4543,algoQD,45,150,0.9998885772967968,5.733112032990903
4544,algoQD,45,150,0.9998885772967968,5.359996079932898
4545,algoQD,45,150,0.9998885772967968,5.705125149805099
4546,algoQD,45,150,0.9998885772967968,5.920780688058585
4547,algoQD,45,150,0.9998885772967968,6.410131514072418
4548,algoQD,45,150,0.9998885772967968,5.920846903230995
4549,algoQD,45,150,0.9998885772967968,5.40002121636644
4550,algoQD,45,150,0.9998885772967968,5.981531649362296
4551,algoQD,45,150,0.9998885772967968,6.315773643087596
4552,algoQD,45,150,0.9998885772967968,5.661154109053314
4553,algoQD,45,150,0.9998885772967968,6.682130637113005
4554,algoQD,45,150,0.9998885772967968,5.4431577092036605
4555,algoQD,45,150,0.9998885772967968,5.962841869797558
4556,algoQD,45,150,0.9998885772967968,5.197092188987881
4557,algoQD,45,150,0.9998885772967968,5.657924667932093
4558,algoQD,45,150,0.9998885772967968,5.4657875509001315
4559,algoQD,45,150,0.9998885772967968,5.916076509747654
4560,algoQD,45,150,0.9998885772967968,5.049846452195197
4561,algoQD,45,150,0.9998885772967968,4.955112169031054
4562,algoQD,45,150,0.9998885772967968,5.490010354202241
4563,algoQD,45,150,0.9998885772967968,5.289958753157407
4564,algoQD,45,150,0.9998885772967968,5.059915704187006
4565,algoQD,45,150,0.9998885772967968,5.1515801777131855
4566,algoQD,45,150,0.9998885772967968,5.1106119798496366
4567,algoQD,45,150,0.9998885772967968,4.8597272769548
4568,algoQD,45,150,0.9998885772967968,5.2294484679587185
4569,algoQD,45,150,0.9998885772967968,5.206762237939984
4570,algoQD,45,150,0.9998885772967968,5.380870244000107
4571,algoQD,45,150,0.9998885772967968,5.170818783342838
4572,algoQD,45,150,0.9998885772967968,5.498757929075509
4573,algoQD,45,150,0.9998885772967968,5.122331851162016
4574,algoQD,45,150,0.9998885772967968,5.674128700047731
4575,algoQD,45,150,0.9998885772967968,5.0127228470519185
4576,algoQD,45,150,0.9998885772967968,5.8276874660514295
4577,algoQD,45,150,0.9998885772967968,5.452205973211676
4578,algoQD,45,150,0.9998885772967968,5.601000186055899
4579,algoQD,45,150,0.9998885772967968,5.4137172400951385
4580,algoQD,45,150,0.9998885772967968,5.883106112014502
4581,algoQD,45,150,0.9998885772967968,5.846605204977095
4582,algoQD,45,150,0.9998885772967968,5.442993778269738
4583,algoQD,45,150,0.9998885772967968,5.914598167873919
4584,algoQD,45,150,0.9998885772967968,5.967353153973818
4585,algoQD,45,150,0.9998885772967968,5.404981476254761
4586,algoQD,45,150,0.9998885772967968,5.264240777119994
4587,algoQD,45,150,0.9998885772967968,5.730589857790619
4588,algoQD,45,150,0.9998885772967968,5.2764842179603875
4589,algoQD,45,150,0.9998885772967968,5.395185329020023
4590,algoQD,45,150,0.9998885772967968,5.286365215666592
4591,algoQD,45,150,0.9998885772967968,5.427218999713659
4592,algoQD,45,150,0.9998885772967968,5.918579164892435
4593,algoQD,45,150,0.9998885772967968,6.175830015912652
4594,algoQD,45,150,0.9998885772967968,5.490131877362728
4595,algoQD,45,150,0.9998885772967968,5.257695344276726
4596,algoQD,45,150,0.9998885772967968,6.075894706882536
4597,algoQD,45,150,0.9998885772967968,5.1417601481080055
4598,algoQD,45,150,0.9998885772967968,5.015287273097783
4599,algoQD,45,150,0.9998885772967968,5.461902054026723
4600,algoQD,46,151,0.9998885772967968,6.065595088060945
4601,algoQD,46,151,0.9998885772967968,5.116722785867751
4602,algoQD,46,151,0.9998885772967968,6.041201303713024
4603,algoQD,46,151,0.9998885772967968,5.41968568880111
4604,algoQD,46,151,0.9998885772967968,5.151447838637978
4605,algoQD,46,151,0.9998885772967968,4.934632229153067
4606,algoQD,46,151,0.9998885772967968,5.126945929136127
4607,algoQD,46,151,0.9998885772967968,5.112764767836779
4608,algoQD,46,151,0.9998885772967968,5.550427597947419
4609,algoQD,46,151,0.9998885772967968,5.226937825791538
4610,algoQD,46,151,0.9998885772967968,5.401549533940852
4611,algoQD,46,151,0.9998885772967968,5.376923471223563
4612,algoQD,46,151,0.9998885772967968,5.602977505885065
4613,algoQD,46,151,0.9998885772967968,5.102988047990948
4614,algoQD,46,151,0.9998885772967968,4.760649347212166
4615,algoQD,46,151,0.9998885772967968,4.963907895609736
4616,algoQD,46,151,0.9998885772967968,5.414033360779285
4617,algoQD,46,151,0.9998885772967968,5.064071547240019
4618,algoQD,46,151,0.9998885772967968,6.01570362271741
4619,algoQD,46,151,0.9998885772967968,5.077396951150149
4620,algoQD,46,151,0.9998885772967968,5.053536222781986
4621,algoQD,46,151,0.9998885772967968,5.124822347890586
4622,algoQD,46,151,0.9998885772967968,5.151660722214729
4623,algoQD,46,151,0.9998885772967968,5.701307182200253
4624,algoQD,46,151,0.9998885772967968,5.481509335804731
4625,algoQD,46,151,0.9998885772967968,5.3263533427380025
4626,algoQD,46,151,0.9998885772967968,4.9903187323361635
4627,algoQD,46,151,0.9998885772967968,5.603800141252577
4628,algoQD,46,151,0.9998885772967968,5.405864626634866
4629,algoQD,46,151,0.9998885772967968,5.239255676977336
4630,algoQD,46,151,0.9998885772967968,5.69309785310179
4631,algoQD,46,151,0.9998885772967968,4.811279878951609
4632,algoQD,46,151,0.9998885772967968,5.170725177973509
4633,algoQD,46,151,0.9998885772967968,4.888845626730472
4634,algoQD,46,151,0.9998885772967968,4.9778342470526695
4635,algoQD,46,151,0.9998885772967968,5.599247158039361
4636,algoQD,46,151,0.9998885772967968,6.087247595191002
4637,algoQD,46,151,0.9998885772967968,5.685484800022095
4638,algoQD,46,151,0.9998885772967968,5.660951011348516
4639,algoQD,46,151,0.9998885772967968,5.498982276301831
4640,algoQD,46,151,0.9998885772967968,5.748154967091978
4641,algoQD,46,151,0.9998885772967968,5.998492908198386
4642,algoQD,46,151,0.9998885772967968,5.645327884703875
4643,algoQD,46,151,0.9998885772967968,5.226480312179774
4644,algoQD,46,151,0.9998885772967968,5.37969407485798
4645,algoQD,46,151,0.9998885772967968,6.099314994178712
4646,algoQD,46,151,0.9998885772967968,5.656159577891231
4647,algoQD,46,151,0.9998885772967968,5.446986564435065
4648,algoQD,46,151,0.9998885772967968,4.919863888062537
4649,algoQD,46,151,0.9998885772967968,5.093480307143182
4650,algoQD,46,151,0.9998885772967968,5.366413525305688
4651,algoQD,46,151,0.9998885772967968,5.314189683180302
4652,algoQD,46,151,0.9998885772967968,5.441975167952478
4653,algoQD,46,152,0.9998885772967968,5.340840823017061
4654,algoQD,46,152,0.9998885772967968,5.541049770079553
4655,algoQD,46,152,0.9998885772967968,6.368760292883962
4656,algoQD,46,152,0.9998885772967968,5.8158790753223
4657,algoQD,46,152,0.9998885772967968,5.588263486977667
4658,algoQD,46,152,0.9998885772967968,5.484674927312881
4659,algoQD,46,152,0.9998885772967968,5.562769655138254
4660,algoQD,46,152,0.9998885772967968,5.847770442720503
4661,algoQD,46,152,0.9998885772967968,5.528636228758842
4662,algoQD,46,152,0.9998885772967968,6.044146188069135
4663,algoQD,46,152,0.9998885772967968,5.624831371940672
4664,algoQD,46,152,0.9998885772967968,6.102008383255452
4665,algoQD,46,152,0.9998885772967968,5.259037610143423
4666,algoQD,46,152,0.9998885772967968,5.132167355157435
4667,algoQD,46,152,0.9998885772967968,5.540299191139638
4668,algoQD,46,152,0.9998885772967968,5.320361002814025
4669,algoQD,46,152,0.9998885772967968,6.041140262968838
4670,algoQD,46,152,0.9998885772967968,6.159506880212575
4671,algoQD,46,152,0.9998885772967968,5.610956901218742
4672,algoQD,46,152,0.9998885772967968,6.501521797850728
4673,algoQD,46,152,0.9998885772967968,5.65785665391013
4674,algoQD,46,152,0.9998885772967968,5.5484196548350155
4675,algoQD,46,152,0.9998885772967968,5.880956226959825
4676,algoQD,46,152,0.9998885772967968,5.131798557937145
4677,algoQD,46,152,0.9998885772967968,5.716554035898298
4678,algoQD,46,152,0.9998885772967968,5.477569613140076
4679,algoQD,46,152,0.9998885772967968,5.366850170772523
4680,algoQD,46,152,0.9998885772967968,5.125889063812792
4681,algoQD,46,152,0.9998885772967968,6.074240954127163
4682,algoQD,46,152,0.9998885772967968,5.696769901085645
4683,algoQD,46,152,0.9998885772967968,5.92088381992653
4684,algoQD,46,152,0.9998885772967968,5.681730356998742
4685,algoQD,46,152,0.9998885772967968,5.294121291022748
4686,algoQD,46,152,0.9998885772967968,4.966202660929412
4687,algoQD,46,152,0.9998885772967968,5.722385884262621
4688,algoQD,46,152,0.9998885772967968,4.987931361887604
4689,algoQD,46,152,0.9998885772967968,5.1135309766978025
4690,algoQD,46,152,0.9998885772967968,5.243497631978244
4691,algoQD,46,152,0.9998885772967968,4.8001849092543125
4692,algoQD,46,152,0.9999097263663066,5.7200979217886925
4693,algoQD,46,152,0.9999097263663066,5.42920129513368
4694,algoQD,46,152,0.9999097263663066,6.089340029284358
4695,algoQD,46,152,0.9999097263663066,5.308869373984635
4696,algoQD,46,152,0.9999097263663066,5.39007514808327
4697,algoQD,46,152,0.9999097263663066,5.633698985911906
4698,algoQD,46,152,0.9999097263663066,5.892445323057473
4699,algoQD,46,152,0.9999097263663066,4.694106462877244
4700,algoQD,47,152,0.9999097263663066,5.846553022041917
4701,algoQD,47,152,0.9999097263663066,5.095836566761136
4702,algoQD,47,152,0.9999097263663066,5.513233330100775
4703,algoQD,47,152,0.9999097263663066,5.849245248828083
4704,algoQD,47,152,0.9999097263663066,5.749141349922866
4705,algoQD,47,152,0.9999097263663066,4.9293244099244475
4706,algoQD,47,152,0.9999097263663066,5.764666169881821
4707,algoQD,47,152,0.9999097263663066,5.248414929956198
4708,algoQD,47,152,0.9999097263663066,5.246545511297882
4709,algoQD,47,152,0.9999097263663066,5.508228063583374
4710,algoQD,47,152,0.9999097263663066,5.0268325437791646
4711,algoQD,47,152,0.9999097263663066,5.584861140232533
4712,algoQD,47,152,0.9999097263663066,5.25449502794072
4713,algoQD,47,152,0.9999097263663066,5.812020662706345
4714,algoQD,47,152,0.9999097263663066,6.031696688849479
4715,algoQD,47,152,0.9999097263663066,6.0051099099218845
4716,algoQD,47,152,0.9999097263663066,5.273852437734604
4717,algoQD,47,152,0.9999097263663066,5.306006934028119
4718,algoQD,47,152,0.9999097263663066,5.369768815115094
4719,algoQD,47,152,0.9999097263663066,5.745464815292507
4720,algoQD,47,152,0.9999097263663066,5.891197925899178
4721,algoQD,47,152,0.9999097263663066,4.94465807126835
4722,algoQD,47,152,0.9999097263663066,5.449556950945407
4723,algoQD,47,152,0.9999097263663066,5.3194266483187675
4724,algoQD,47,152,0.9999097263663066,5.164278109092265
4725,algoQD,47,152,0.9999097263663066,5.9043064010329545
4726,algoQD,47,152,0.9999097263663066,6.167264385148883
4727,algoQD,47,152,0.9999097263663066,5.986954029649496
4728,algoQD,47,152,0.9999097263663066,6.205658388789743
4729,algoQD,47,152,0.9999097263663066,5.788878973107785
4730,algoQD,47,152,0.9999097263663066,5.404225490055978
4731,algoQD,47,152,0.9999097263663066,5.316469009034336
4732,algoQD,47,152,0.9999097263663066,5.468299861066043
4733,algoQD,47,152,0.9999097263663066,5.446007796097547
4734,algoQD,47,152,0.9999097263663066,5.4422118458896875
4735,algoQD,47,152,0.9999097263663066,5.417050670366734
4736,algoQD,47,152,0.9999097263663066,5.358820440713316
4737,algoQD,47,152,0.9999097263663066,6.069134194869548
4738,algoQD,47,152,0.9999097263663066,6.159661271143705
4739,algoQD,47,152,0.9999097263663066,5.858523877337575
4740,algoQD,47,152,0.9999097263663066,6.064271328039467
4741,algoQD,47,152,0.9999097263663066,6.026225421112031
4742,algoQD,47,152,0.9999097263663066,5.507391353137791
4743,algoQD,47,152,0.9999097263663066,5.75921786762774
4744,algoQD,47,152,0.9999097263663066,5.381538990885019
4745,algoQD,47,152,0.9999097263663066,5.056807492859662
4746,algoQD,47,152,0.9999097263663066,5.2623840710148215
4747,algoQD,47,152,0.9999097263663066,5.407511800061911
4748,algoQD,47,153,0.9999097263663066,5.020395863801241
4749,algoQD,47,154,0.9999097263663066,5.731752980034798
4750,algoQD,47,154,0.9999097263663066,5.647818599827588
4751,algoQD,47,154,0.9999097263663066,5.396117573138326
4752,algoQD,47,154,0.9999097263663066,6.007821723353118
4753,algoQD,47,154,0.9999097263663066,5.263189211953431
4754,algoQD,47,154,0.9999097263663066,5.048139296937734
4755,algoQD,47,154,0.9999097263663066,5.153935237787664
4756,algoQD,47,154,0.9999097263663066,5.59515528799966
4757,algoQD,47,154,0.9999097263663066,5.538632554002106
4758,algoQD,47,154,0.9999097263663066,5.891006994992495
4759,algoQD,47,154,0.9999097263663066,4.9737323969602585
4760,algoQD,47,154,0.9999097263663066,4.747391811106354
4761,algoQD,47,154,0.9999097263663066,4.815049280878156
4762,algoQD,47,155,0.9999097263663066,5.428644152358174
4763,algoQD,47,155,0.9999097263663066,5.115820702165365
4764,algoQD,47,155,0.9999097263663066,5.719797052908689
4765,algoQD,47,155,0.9999097263663066,5.3630289221182466
4766,algoQD,47,155,0.9999097263663066,5.602177274413407
4767,algoQD,47,155,0.9999097263663066,5.347968900110573
4768,algoQD,47,155,0.9999097263663066,5.4789370871149
4769,algoQD,47,155,0.9999097263663066,5.801604944746941
4770,algoQD,47,155,0.9999097263663066,6.285263421013951
4771,algoQD,47,155,0.9999097263663066,6.200324781704694
4772,algoQD,47,155,0.9999097263663066,5.896313069853932
4773,algoQD,47,155,0.9999097263663066,5.769576266873628
4774,algoQD,47,155,0.9999097263663066,6.158246758859605
4775,algoQD,47,155,0.9999097263663066,5.475193649996072
4776,algoQD,47,155,0.9999097263663066,6.37948709493503
4777,algoQD,47,155,0.9999097263663066,5.610687453765422
4778,algoQD,47,155,0.9999097263663066,6.429968278389424
4779,algoQD,47,156,0.9999097263663066,6.338197247125208
4780,algoQD,47,156,0.9999097263663066,6.585230216849595
4781,algoQD,47,156,0.9999097263663066,5.713601665105671
4782,algoQD,47,156,0.9999097263663066,6.558334583882242
4783,algoQD,47,156,0.9999097263663066,5.492767421063036
4784,algoQD,47,156,0.9999097263663066,6.404513927176595
4785,algoQD,47,156,0.9999097263663066,6.781084387097508
4786,algoQD,47,156,0.9999097263663066,5.405541548039764
4787,algoQD,47,156,0.9999097263663066,5.586629581172019
4788,algoQD,47,156,0.9999097263663066,6.505383076146245
4789,algoQD,47,156,0.9999097263663066,5.580078796017915
4790,algoQD,47,156,0.9999097263663066,5.746563678141683
4791,algoQD,47,156,0.9999097263663066,5.448381606023759
4792,algoQD,47,156,0.9999097263663066,5.373505264986306
4793,algoQD,47,156,0.9999097263663066,5.881699907127768
4794,algoQD,47,156,0.9999097263663066,5.625628019683063
4795,algoQD,47,156,0.9999097263663066,6.484368031844497
4796,algoQD,47,156,0.9999097263663066,6.485323587432504
4797,algoQD,47,156,0.9999097263663066,5.383868463337421
4798,algoQD,47,156,0.9999097263663066,5.7994260978884995
4799,algoQD,47,156,0.9999097263663066,5.283496223855764
4800,algoQD,48,156,0.9999097263663066,5.967770827002823
4801,algoQD,48,156,0.9999097263663066,6.416700389701873
4802,algoQD,48,156,0.9999097263663066,5.555783555377275
4803,algoQD,48,156,0.9999097263663066,5.67715959623456
4804,algoQD,48,156,0.9999097263663066,6.177490922156721
4805,algoQD,48,156,0.9999097263663066,5.623235911130905
4806,algoQD,48,156,0.9999097263663066,5.496471199207008
4807,algoQD,48,156,0.9999097263663066,6.022411046084017
4808,algoQD,48,156,0.9999097263663066,6.120179406832904
4809,algoQD,48,156,0.9999097263663066,5.825005855876952
4810,algoQD,48,156,0.9999097263663066,6.229174823034555
4811,algoQD,48,156,0.9999097263663066,5.3505249079316854
4812,algoQD,48,156,0.9999097263663066,5.534156635869294
4813,algoQD,48,156,0.9999097263663066,5.548956377897412
4814,algoQD,48,156,0.9999097263663066,5.233145629055798
4815,algoQD,48,156,0.9999097263663066,6.52005257923156
4816,algoQD,48,156,0.9999097263663066,5.444044882897288
4817,algoQD,48,156,0.9999097263663066,5.753344398923218
4818,algoQD,48,156,0.9999097263663066,5.851012900006026
4819,algoQD,48,156,0.9999097263663066,5.284861173015088
4820,algoQD,48,156,0.9999097263663066,6.681876567192376
4821,algoQD,48,156,0.9999097263663066,6.146982153877616
4822,algoQD,48,156,0.9999097263663066,6.761347398161888
4823,algoQD,48,156,0.9999097263663066,5.440717805642635
4824,algoQD,48,156,0.9999097263663066,5.645767879206687
4825,algoQD,48,156,0.9999097263663066,6.1093330243602395
4826,algoQD,48,156,0.9999097263663066,5.5548240430653095
4827,algoQD,48,156,0.9999097263663066,6.302966407965869
4828,algoQD,48,156,0.9999097263663066,6.370435314252973
4829,algoQD,48,156,0.9999097263663066,5.7758626020513475
4830,algoQD,48,156,0.9999097263663066,5.721253130119294
4831,algoQD,48,156,0.9999097263663066,6.000984216108918
4832,algoQD,48,156,0.9999097263663066,6.285643599927425
4833,algoQD,48,156,0.9999097263663066,5.756782534066588
4834,algoQD,48,156,0.9999097263663066,5.814999391324818
4835,algoQD,48,156,0.9999097263663066,6.011340057943016
4836,algoQD,48,156,0.9999097263663066,5.6119629219174385
4837,algoQD,48,156,0.9999097263663066,5.576584302820265
4838,algoQD,48,156,0.9999097263663066,6.2249126536771655
4839,algoQD,48,156,0.9999097263663066,5.819089719559997
4840,algoQD,48,156,0.9999097263663066,5.39064120920375
4841,algoQD,48,156,0.9999097263663066,5.67611543321982
4842,algoQD,48,156,0.9999097263663066,6.138294720090926
4843,algoQD,48,157,0.9999097263663066,6.43912838306278
4844,algoQD,48,157,0.9999097263663066,5.294639116153121
4845,algoQD,48,157,0.9999097263663066,5.043392396066338
4846,algoQD,48,157,0.9999097263663066,6.491408585105091
4847,algoQD,48,157,0.9999097263663066,6.211508749984205
4848,algoQD,48,157,0.9999097263663066,5.577571517787874
4849,algoQD,48,157,0.9999097263663066,5.9439320378005505
4850,algoQD,48,157,0.9999097263663066,5.930265148170292
4851,algoQD,48,157,0.9999097263663066,5.95725802378729
4852,algoQD,48,157,0.9999097263663066,5.84843597188592
4853,algoQD,48,157,0.9999097263663066,6.352147853001952
4854,algoQD,48,157,0.9999097263663066,5.433584790211171
4855,algoQD,48,157,0.9999097263663066,5.533484006300569
4856,algoQD,48,157,0.9999097263663066,6.422845118679106
4857,algoQD,48,157,0.9999097263663066,5.123094673734158
4858,algoQD,48,157,0.9999097263663066,5.4230092111974955
4859,algoQD,48,157,0.9999097263663066,5.463558717630804
4860,algoQD,48,157,0.9999097263663066,5.993266473989934
4861,algoQD,48,157,0.9999097263663066,5.618927550967783
4862,algoQD,48,157,0.9999097263663066,5.554804104845971
4863,algoQD,48,157,0.9999097263663066,5.362502486910671
4864,algoQD,48,157,0.9999097263663066,5.391208040062338
4865,algoQD,48,157,0.9999097263663066,5.089092856273055
4866,algoQD,48,157,0.9999097263663066,5.453154903836548
4867,algoQD,48,157,0.9999097263663066,5.671556590124965
4868,algoQD,48,157,0.9999097263663066,5.906697622966021
4869,algoQD,48,157,0.9999097263663066,5.278524833265692
4870,algoQD,48,157,0.9999097263663066,5.077007905114442
4871,algoQD,48,157,0.9999097263663066,5.367870307993144
4872,algoQD,48,157,0.9999097263663066,5.80098816100508
4873,algoQD,48,157,0.9999097263663066,5.89217325206846
4874,algoQD,48,157,0.9999097263663066,5.589165982790291
4875,algoQD,48,157,0.9999097263663066,6.158594712149352
4876,algoQD,48,157,0.9999097263663066,6.08728642296046
4877,algoQD,48,157,0.9999097263663066,5.0831706169992685
4878,algoQD,48,157,0.9999097263663066,5.251851859968156
4879,algoQD,48,157,0.9999097263663066,5.138470112811774
4880,algoQD,48,157,0.9999097263663066,5.046216892078519
4881,algoQD,48,157,0.9999097263663066,5.394232432823628
4882,algoQD,48,157,0.9999097263663066,5.112126792781055
4883,algoQD,48,157,0.9999097263663066,5.914126006886363
4884,algoQD,48,157,0.9999097263663066,6.256186768878251
4885,algoQD,48,157,0.9999097263663066,5.255726660136133
4886,algoQD,48,157,0.9999097263663066,5.989728330168873
4887,algoQD,48,157,0.9999097263663066,6.450848896056414
4888,algoQD,48,157,0.9999097263663066,6.068540757056326
4889,algoQD,48,157,0.9999097263663066,5.679639982059598
4890,algoQD,48,157,0.9999097263663066,5.231778695713729
4891,algoQD,48,157,0.9999097263663066,6.487789866048843
4892,algoQD,48,157,0.9999097263663066,5.944478621240705
4893,algoQD,48,157,0.9999097263663066,5.2196813630871475
4894,algoQD,48,157,0.9999097263663066,6.422858234960586
4895,algoQD,48,157,0.9999097263663066,5.308332246728241
4896,algoQD,48,157,0.9999097263663066,5.548679484054446
4897,algoQD,48,157,0.9999097263663066,6.034635399933904
4898,algoQD,48,157,0.9999097263663066,5.813180816359818
4899,algoQD,48,157,0.9999097263663066,5.95122543675825
4900,algoQD,49,157,0.9999097263663066,6.399651931133121
4901,algoQD,49,157,0.9999097263663066,6.0384427341632545
4902,algoQD,49,157,0.9999097263663066,6.233946981839836
4903,algoQD,49,157,0.9999097263663066,6.608294842764735
4904,algoQD,49,157,0.9999097263663066,6.230351858772337
4905,algoQD,49,157,0.9999097263663066,5.253955264110118
4906,algoQD,49,157,0.9999097263663066,5.460544525180012
4907,algoQD,49,157,0.9999097263663066,5.447705729398876
4908,algoQD,49,157,0.9999097263663066,5.793091181199998
4909,algoQD,49,157,0.9999097263663066,5.6499679940752685
4910,algoQD,49,157,0.9999097263663066,5.544570581056178
4911,algoQD,49,157,0.9999097263663066,6.036882294807583
4912,algoQD,49,157,0.9999097263663066,6.278460208792239
4913,algoQD,49,157,0.9999097263663066,6.59786350466311
4914,algoQD,49,157,0.9999097263663066,6.029764127917588
4915,algoQD,49,157,0.9999097263663066,5.753276431001723
4916,algoQD,49,157,0.9999097263663066,6.104121768847108
4917,algoQD,49,157,0.9999097263663066,6.493665006943047
4918,algoQD,49,157,0.9999097263663066,5.300968634430319
4919,algoQD,49,157,0.9999097263663066,6.383050077129155
4920,algoQD,49,157,0.9999097263663066,6.694244693033397
4921,algoQD,49,157,0.9999097263663066,5.813864477910101
4922,algoQD,49,157,0.9999097263663066,5.626454781275243
4923,algoQD,49,157,0.9999097263663066,5.45414831629023
4924,algoQD,49,157,0.9999097263663066,5.9711325680837035
4925,algoQD,49,157,0.9999097263663066,5.4372364189475775
4926,algoQD,49,157,0.9999097263663066,6.442046837415546
4927,algoQD,49,157,0.9999097263663066,6.349756526295096
4928,algoQD,49,157,0.9999097263663066,5.46998035069555
4929,algoQD,49,157,0.9999097263663066,5.4942891667597
4930,algoQD,49,157,0.9999097263663066,5.377811460755765
4931,algoQD,49,157,0.9999097263663066,5.875650127418339
4932,algoQD,49,157,0.9999097263663066,5.05721041187644
4933,algoQD,49,157,0.9999097263663066,5.682922723703086
4934,algoQD,49,157,0.9999097263663066,6.279546151403338
4935,algoQD,49,157,0.9999097263663066,6.370019819121808
4936,algoQD,49,157,0.9999097263663066,5.711931916885078
4937,algoQD,49,157,0.9999097263663066,6.739704568870366
4938,algoQD,49,157,0.9999097263663066,6.0460737007670105
4939,algoQD,49,157,0.9999097263663066,5.873663702979684
4940,algoQD,49,157,0.9999097263663066,5.952379999216646
4941,algoQD,49,157,0.9999097263663066,5.663915955927223
4942,algoQD,49,157,0.9999097263663066,5.413539129309356
4943,algoQD,49,157,0.9999097263663066,5.4674265049397945
4944,algoQD,49,157,0.9999097263663066,5.478727164678276
4945,algoQD,49,157,0.9999097263663066,5.556065178941935
4946,algoQD,49,157,0.9999097263663066,5.25821824837476
4947,algoQD,49,157,0.9999097263663066,6.265283995773643
4948,algoQD,49,157,0.9999097263663066,5.947758635971695
4949,algoQD,49,157,0.9999097263663066,5.438881907612085
4950,algoQD,49,157,0.9999097263663066,6.086653716862202
4951,algoQD,49,157,0.9999097263663066,6.022371290251613
4952,algoQD,49,157,0.9999097263663066,6.1202912256121635
4953,algoQD,49,157,0.9999097263663066,5.364019758999348
4954,algoQD,49,157,0.9999097263663066,5.895927424076945
4955,algoQD,49,157,0.9999097263663066,6.116727663669735
4956,algoQD,49,157,0.9999097263663066,5.6033122460357845
4957,algoQD,49,157,0.9999097263663066,6.314453341066837
4958,algoQD,49,157,0.9999097263663066,6.5377512401901186
4959,algoQD,49,157,0.9999097263663066,6.035752590280026
4960,algoQD,49,157,0.9999097263663066,5.985188642051071
4961,algoQD,49,157,0.9999097263663066,6.09991588210687
4962,algoQD,49,157,0.9999097263663066,5.4594270987436175
4963,algoQD,49,157,0.9999097263663066,5.5143909198231995
4964,algoQD,49,157,0.9999097263663066,5.695287531707436
4965,algoQD,49,157,0.9999097263663066,6.162372077815235
4966,algoQD,49,157,0.9999097263663066,5.85999903595075
4967,algoQD,49,157,0.9999097263663066,6.093330380041152
4968,algoQD,49,157,0.9999097263663066,5.439204453025013
4969,algoQD,49,157,0.9999097263663066,6.032979651819915
4970,algoQD,49,157,0.9999097263663066,5.50038296636194
4971,algoQD,49,157,0.9999097263663066,5.911308271810412
4972,algoQD,49,157,0.9999097263663066,6.264387713745236
4973,algoQD,49,157,0.9999097263663066,5.611030827276409
4974,algoQD,49,157,0.9999097263663066,5.948562645819038
4975,algoQD,49,157,0.9999097263663066,6.0810238709673285
4976,algoQD,49,157,0.9999097263663066,5.114248906262219
4977,algoQD,49,157,0.9999097263663066,6.351998162921518
4978,algoQD,49,157,0.9999097263663066,5.6687590018846095
4979,algoQD,49,157,0.9999097263663066,5.768550384789705
4980,algoQD,49,157,0.9999097263663066,5.195674990303814
4981,algoQD,49,157,0.9999097263663066,5.33626013295725
4982,algoQD,49,157,0.9999097263663066,5.190772528760135
4983,algoQD,49,157,0.9999097263663066,5.100573259405792
4984,algoQD,49,157,0.9999097263663066,5.81120813684538
4985,algoQD,49,157,0.9999097263663066,5.753449524752796
4986,algoQD,49,157,0.9999097263663066,5.199364157859236
4987,algoQD,49,157,0.9999097263663066,5.163231065031141
4988,algoQD,49,157,0.9999097263663066,4.921348724979907
4989,algoQD,49,157,0.9999097263663066,5.32785929273814
4990,algoQD,49,157,0.9999097263663066,5.636751061305404
4991,algoQD,49,157,0.9999097263663066,4.886111794039607
4992,algoQD,49,157,0.9999097263663066,4.715709870215505
4993,algoQD,49,157,0.9999097263663066,5.471874113660306
4994,algoQD,49,157,0.9999097263663066,4.7922566081397235
4995,algoQD,49,157,0.9999097263663066,4.962401434779167
4996,algoQD,49,157,0.9999097263663066,4.7430828139185905
4997,algoQD,49,157,0.9999097263663066,5.474141648039222
4998,algoQD,49,157,0.9999097263663066,5.198771831579506
4999,algoQD,49,157,0.9999097263663066,5.756990896072239
5000,algoQD,50,157,0.9999097263663066,5.189861367922276
5001,algoQD,50,157,0.9999097263663066,5.069280186668038
5002,algoQD,50,157,0.9999097263663066,5.1531169270165265
5003,algoQD,50,157,0.9999097263663066,5.580744979903102
5004,algoQD,50,157,0.9999097263663066,5.220391476992518
5005,algoQD,50,157,0.9999097263663066,5.765443344134837
5006,algoQD,50,157,0.9999097263663066,5.0132110780104995
5007,algoQD,50,157,0.9999097263663066,4.849915167782456
5008,algoQD,50,157,0.9999097263663066,5.939446913078427
5009,algoQD,50,157,0.9999097263663066,4.842655353248119
5010,algoQD,50,157,0.9999097263663066,5.239082639105618
5011,algoQD,50,157,0.9999097263663066,6.356939647812396
5012,algoQD,50,157,0.9999097263663066,5.673729933798313
5013,algoQD,50,157,0.9999097263663066,5.608896094374359
5014,algoQD,50,157,0.9999097263663066,6.079196967650205
5015,algoQD,50,157,0.9999097263663066,5.044573289807886
5016,algoQD,50,157,0.9999097263663066,5.316645035985857
5017,algoQD,50,157,0.9999097263663066,5.237592624034733
5018,algoQD,50,157,0.9999097263663066,5.943830165080726
5019,algoQD,50,157,0.9999097263663066,5.2717757960781455
5020,algoQD,50,157,0.9999097263663066,5.602034421637654
5021,algoQD,50,157,0.9999097263663066,5.002517605666071
5022,algoQD,50,157,0.9999097263663066,6.132806851994246
5023,algoQD,50,157,0.9999097263663066,6.089122499804944
5024,algoQD,50,157,0.9999097263663066,5.105651983991265
5025,algoQD,50,157,0.9999097263663066,5.028419349808246
5026,algoQD,50,157,0.9999097263663066,5.350957491900772
5027,algoQD,50,157,0.9999097263663066,5.856433629989624
5028,algoQD,50,157,0.9999097263663066,5.377366674132645
5029,algoQD,50,157,0.9999097263663066,6.292360892985016
5030,algoQD,50,157,0.9999097263663066,5.18265742668882
5031,algoQD,50,157,0.9999097263663066,4.754400826990604
5032,algoQD,50,157,0.9999097263663066,5.82620261516422
5033,algoQD,50,157,0.9999097263663066,5.820768770296127
5034,algoQD,50,157,0.9999097263663066,5.476295325905085
5035,algoQD,50,157,0.9999097263663066,5.284128663595766
5036,algoQD,50,157,0.9999097263663066,5.494962935335934
5037,algoQD,50,157,0.9999097263663066,5.169606009032577
5038,algoQD,50,157,0.9999097263663066,4.914170244242996
5039,algoQD,50,157,0.9999097263663066,4.922771544195712
5040,algoQD,50,157,0.9999097263663066,5.250594506971538
5041,algoQD,50,157,0.9999097263663066,5.151309552136809
5042,algoQD,50,157,0.9999097263663066,5.566236500162631
5043,algoQD,50,157,0.9999097263663066,5.934898670762777
5044,algoQD,50,157,0.9999097263663066,5.299429021310061
5045,algoQD,50,157,0.9999097263663066,5.582575958687812
5046,algoQD,50,157,0.9999097263663066,5.214980353135616
5047,algoQD,50,157,0.9999097263663066,6.09583701658994
5048,algoQD,50,157,0.9999097263663066,5.240761941764504
5049,algoQD,50,157,0.9999097263663066,5.581430235877633
5050,algoQD,50,157,0.9999097263663066,5.314398260787129
5051,algoQD,50,157,0.9999097263663066,5.662102215923369
5052,algoQD,50,157,0.9999097263663066,6.259932025335729
5053,algoQD,50,157,0.9999097263663066,5.374264793936163
5054,algoQD,50,157,0.9999097263663066,5.970654702745378
5055,algoQD,50,157,0.9999097263663066,5.641760565340519
5056,algoQD,50,157,0.9999097263663066,5.493306526914239
5057,algoQD,50,157,0.9999097263663066,6.324023270979524
5058,algoQD,50,157,0.9999097263663066,5.556091984733939
5059,algoQD,50,157,0.9999097263663066,5.566244995687157
5060,algoQD,50,157,0.9999097263663066,5.768475924152881
5061,algoQD,50,157,0.9999097263663066,6.312196777202189
5062,algoQD,50,157,0.9999097263663066,5.908888530451804
5063,algoQD,50,157,0.9999097263663066,5.723029483109713
5064,algoQD,50,157,0.9999097263663066,6.040164947044104
5065,algoQD,50,157,0.9999097263663066,5.4526506857946515
5066,algoQD,50,157,0.9999097263663066,5.10594468517229
5067,algoQD,50,157,0.9999097263663066,5.0167140159755945
5068,algoQD,50,157,0.9999097263663066,5.1352935950271785
5069,algoQD,50,157,0.9999097263663066,5.874978646170348
5070,algoQD,50,157,0.9999097263663066,5.013116059359163
5071,algoQD,50,157,0.9999097263663066,6.098307413980365
5072,algoQD,50,157,0.9999097263663066,5.7418690668419
5073,algoQD,50,157,0.9999097263663066,5.293730244040489
5074,algoQD,50,157,0.9999097263663066,4.966038016136736
5075,algoQD,50,157,0.9999097263663066,5.797253873664886
5076,algoQD,50,157,0.9999097263663066,5.9722655871883035
5077,algoQD,50,157,0.9999097263663066,6.250663014128804
5078,algoQD,50,157,0.9999097263663066,5.33645648509264
5079,algoQD,50,157,0.9999097263663066,6.030860828701407
5080,algoQD,50,157,0.9999097263663066,5.601990349125117
5081,algoQD,50,157,0.9999097263663066,5.281811906024814
5082,algoQD,50,157,0.9999097263663066,5.2169349058531225
5083,algoQD,50,157,0.9999097263663066,5.318177510984242
5084,algoQD,50,157,0.9999097263663066,5.602499200031161
5085,algoQD,50,157,0.9999097263663066,5.8918159967288375
5086,algoQD,50,157,0.9999097263663066,5.360845171846449
5087,algoQD,50,157,0.9999097263663066,5.358225531876087
5088,algoQD,50,157,0.9999097263663066,5.577830524649471
5089,algoQD,50,157,0.9999097263663066,5.6598737658932805
5090,algoQD,50,157,0.9999097263663066,5.165179066825658
5091,algoQD,50,157,0.9999097263663066,5.328043049201369
5092,algoQD,50,157,0.9999097263663066,5.189959739334881
5093,algoQD,50,157,0.9999097263663066,5.142503645271063
5094,algoQD,50,157,0.9999097263663066,5.273089447058737
5095,algoQD,50,157,0.9999097263663066,4.884343433193862
5096,algoQD,50,157,0.9999097263663066,5.126328997779638
5097,algoQD,50,157,0.9999097263663066,5.73621631693095
5098,algoQD,50,157,0.9999097263663066,5.195647508837283
5099,algoQD,50,157,0.9999097263663066,6.046484908089042
5100,algoQD,51,157,0.9999097263663066,5.333624393679202
5101,algoQD,51,157,0.9999097263663066,5.301244478672743
5102,algoQD,51,157,0.9999097263663066,5.558734197169542
5103,algoQD,51,157,0.9999097263663066,5.199133394751698
5104,algoQD,51,157,0.9999097263663066,5.065246345940977
5105,algoQD,51,157,0.9999097263663066,5.075358408968896
5106,algoQD,51,157,0.9999097263663066,5.867507570888847
5107,algoQD,51,157,0.9999097263663066,5.865938156843185
5108,algoQD,51,157,0.9999097263663066,5.430245377123356
5109,algoQD,51,157,0.9999097263663066,5.167471757158637
5110,algoQD,51,157,0.9999097263663066,5.7745078997686505
5111,algoQD,51,157,0.9999097263663066,6.225313913077116
5112,algoQD,51,157,0.9999097263663066,5.537469712086022
5113,algoQD,51,158,0.9999097263663066,5.936385539826006
5114,algoQD,51,158,0.9999097263663066,5.366023004055023
5115,algoQD,51,158,0.9999097263663066,5.386905366089195
5116,algoQD,51,158,0.9999097263663066,6.1469782860949636
5117,algoQD,51,158,0.9999097263663066,5.778715519700199
5118,algoQD,51,158,0.9999097263663066,5.6673978213220835
5119,algoQD,51,158,0.9999097263663066,5.328850705176592
5120,algoQD,51,158,0.9999097263663066,5.888057486154139
5121,algoQD,51,158,0.9999097263663066,5.3525087321177125
5122,algoQD,51,158,0.9999097263663066,6.04111933009699
5123,algoQD,51,158,0.9999097263663066,6.266447104047984
5124,algoQD,51,158,0.9999097263663066,5.236578507814556
5125,algoQD,51,158,0.9999097263663066,5.873458153102547
5126,algoQD,51,158,0.9999097263663066,5.700087430421263
5127,algoQD,51,158,0.9999097263663066,6.009576126001775
5128,algoQD,51,158,0.9999097263663066,5.881439541932195
5129,algoQD,51,158,0.9999097263663066,6.287190744187683
5130,algoQD,51,158,0.9999097263663066,5.662842984776944
5131,algoQD,51,158,0.9999097263663066,5.533766063861549
5132,algoQD,51,158,0.9999097263663066,5.148782578296959
5133,algoQD,51,158,0.9999097263663066,5.60787696018815
5134,algoQD,51,158,0.9999097263663066,5.135456622112542
5135,algoQD,51,158,0.9999097263663066,5.624865196179599
5136,algoQD,51,158,0.9999097263663066,5.238345506601036
5137,algoQD,51,158,0.9999097263663066,5.882514507975429
5138,algoQD,51,158,0.9999097263663066,5.778208028059453
5139,algoQD,51,158,0.9999097263663066,5.8871485739946365
5140,algoQD,51,158,0.9999097263663066,5.9934915248304605
5141,algoQD,51,158,0.9999097263663066,5.142276009079069
5142,algoQD,51,158,0.9999097263663066,5.176146672107279
5143,algoQD,51,158,0.9999097263663066,5.132240959908813
5144,algoQD,51,158,0.9999097263663066,6.233529621735215
5145,algoQD,51,158,0.9999097263663066,5.580058915074915
5146,algoQD,51,158,0.9999097263663066,5.863450922071934
5147,algoQD,51,158,0.9999097263663066,5.853137094061822
5148,algoQD,51,158,0.9999097263663066,5.707841190043837
5149,algoQD,51,158,0.9999097263663066,5.9046422857791185
5150,algoQD,51,158,0.9999097263663066,5.086216382216662
5151,algoQD,51,158,0.9999097263663066,5.778279704041779
5152,algoQD,51,158,0.9999097263663066,4.994636935647577
5153,algoQD,51,158,0.9999097263663066,4.843451253138483
5154,algoQD,51,158,0.9999097263663066,5.807942267041653
5155,algoQD,51,158,0.9999097263663066,5.279117790982127
5156,algoQD,51,158,0.9999097263663066,5.563040860928595
5157,algoQD,51,158,0.9999097263663066,6.236159959807992
5158,algoQD,51,158,0.9999097263663066,5.7107388149015605
5159,algoQD,51,158,0.9999097263663066,5.9930009678937495
5160,algoQD,51,158,0.9999097263663066,5.187864622101188
5161,algoQD,51,158,0.9999097263663066,5.695542493835092
5162,algoQD,51,158,0.9999097263663066,5.426636043936014
5163,algoQD,51,158,0.9999097263663066,5.157075800932944
5164,algoQD,51,158,0.9999097263663066,6.003669804893434
5165,algoQD,51,158,0.9999097263663066,5.664229432120919
5166,algoQD,51,158,0.9999097263663066,6.169421307276934
5167,algoQD,51,158,0.9999097263663066,5.255684328265488
5168,algoQD,51,158,0.9999097263663066,5.0866188132204115
5169,algoQD,51,158,0.9999097263663066,5.939398223999888
5170,algoQD,51,158,0.9999097263663066,5.663088386878371
5171,algoQD,51,159,0.9999097263663066,6.152637396939099
5172,algoQD,51,159,0.9999097263663066,5.425131091848016
5173,algoQD,51,159,0.9999097263663066,5.166554709896445
5174,algoQD,51,159,0.9999097263663066,5.791936304885894
5175,algoQD,51,160,0.9999097263663066,5.970515645109117
5176,algoQD,51,160,0.9999097263663066,5.779291986022145
5177,algoQD,51,160,0.9999097263663066,5.958494252059609
5178,algoQD,51,160,0.9999097263663066,5.742943240329623
5179,algoQD,51,160,0.9999097263663066,5.800374328158796
5180,algoQD,51,160,0.9999097263663066,6.048345934133977
5181,algoQD,51,160,0.9999097263663066,6.456036903895438
5182,algoQD,51,161,0.9999097263663066,6.138901005033404
5183,algoQD,51,161,0.9999097263663066,5.38952215295285
5184,algoQD,51,161,0.9999097263663066,5.003071712795645
5185,algoQD,51,161,0.9999097263663066,5.339288274757564
5186,algoQD,51,161,0.9999097263663066,5.265946917235851
5187,algoQD,51,161,0.9999097263663066,5.626049766782671
5188,algoQD,51,161,0.9999097263663066,5.990260059013963
5189,algoQD,51,161,0.9999097263663066,5.957117729820311
5190,algoQD,51,161,0.9999097263663066,5.962955080904067
5191,algoQD,51,161,0.9999097263663066,5.835201940033585
5192,algoQD,51,161,0.9999097263663066,6.234919135924429
5193,algoQD,51,161,0.9999097263663066,6.599768303800374
5194,algoQD,51,161,0.9999097263663066,6.009653069078922
5195,algoQD,51,161,0.9999097263663066,5.7576748239807785
5196,algoQD,51,161,0.9999097263663066,5.741960714105517
5197,algoQD,51,161,0.9999097263663066,5.9927223809063435
5198,algoQD,51,161,0.9999097263663066,6.135217375122011
5199,algoQD,51,161,0.9999097263663066,5.170312218833715
5200,algoQD,52,161,0.9999097263663066,5.714158005081117
5201,algoQD,52,161,0.9999097263663066,6.253914413973689
5202,algoQD,52,161,0.9999097263663066,6.03455397579819
5203,algoQD,52,161,0.9999097263663066,5.58828033786267
5204,algoQD,52,161,0.9999097263663066,6.432566091418266
5205,algoQD,52,162,0.9999097263663066,6.12709664972499
5206,algoQD,52,162,0.9999097263663066,5.259755911305547
5207,algoQD,52,162,0.9999097263663066,5.708088451065123
5208,algoQD,52,162,0.9999097263663066,5.759699038695544
5209,algoQD,52,162,0.9999097263663066,6.409763166680932
5210,algoQD,52,162,0.9999097263663066,5.905324856750667
5211,algoQD,52,162,0.9999097263663066,5.371526192873716
5212,algoQD,52,162,0.9999097263663066,6.245104159694165
5213,algoQD,52,162,0.9999097263663066,6.4753791890107095
5214,algoQD,52,162,0.9999097263663066,6.272840953897685
5215,algoQD,52,162,0.9999097263663066,6.848192764911801
5216,algoQD,52,162,0.9999097263663066,6.042806056793779
5217,algoQD,52,162,0.9999097263663066,6.3812062041834
5218,algoQD,52,162,0.9999097263663066,5.584238384850323
5219,algoQD,52,162,0.9999097263663066,6.8337216838262975
5220,algoQD,52,162,0.9999097263663066,6.575469113886356
5221,algoQD,52,162,0.9999097263663066,5.536864605266601
5222,algoQD,52,162,0.9999097263663066,5.326738112140447
5223,algoQD,52,162,0.9999097263663066,6.0250727431848645
5224,algoQD,52,162,0.9999097263663066,6.2812921102158725
5225,algoQD,52,162,0.9999097263663066,6.194312495179474
5226,algoQD,52,162,0.9999097263663066,5.89528957568109
5227,algoQD,52,162,0.9999097263663066,5.400268366094679
5228,algoQD,52,162,0.9999097263663066,5.448723004665226
5229,algoQD,52,162,0.9999097263663066,5.395934598986059
5230,algoQD,52,162,0.9999097263663066,5.459981255698949
5231,algoQD,52,162,0.9999097263663066,5.293284277897328
5232,algoQD,52,162,0.9999097263663066,5.134287555702031
5233,algoQD,52,162,0.9999097263663066,5.726063507609069
5234,algoQD,52,162,0.9999097263663066,5.076547214295715
5235,algoQD,52,162,0.9999097263663066,5.5378332561813295
5236,algoQD,52,162,0.9999097263663066,6.376689590048045
5237,algoQD,52,162,0.9999097263663066,5.464214874431491
5238,algoQD,52,162,0.9999097263663066,5.331899133045226
5239,algoQD,52,162,0.9999097263663066,6.38729357579723
5240,algoQD,52,162,0.9999097263663066,6.539659849368036
5241,algoQD,52,162,0.9999097263663066,5.909115438349545
5242,algoQD,52,162,0.9999097263663066,5.913909126073122
5243,algoQD,52,162,0.9999097263663066,5.504325420130044
5244,algoQD,52,162,0.9999097263663066,5.183583974838257
5245,algoQD,52,162,0.9999097263663066,5.8717916696332395
5246,algoQD,52,162,0.9999097263663066,5.924233842175454
5247,algoQD,52,162,0.9999097263663066,5.089315657969564
5248,algoQD,52,162,0.9999097263663066,5.839830714743584
5249,algoQD,52,162,0.9999097263663066,6.46118015376851
5250,algoQD,52,162,0.9999097263663066,5.941764282993972
5251,algoQD,52,162,0.9999097263663066,6.155566381290555
5252,algoQD,52,162,0.9999097263663066,6.381614764221013
5253,algoQD,52,162,0.9999097263663066,5.901437439955771
5254,algoQD,52,162,0.9999097263663066,5.743881734088063
5255,algoQD,52,162,0.9999097263663066,6.224555365741253
5256,algoQD,52,162,0.9999097263663066,5.460265713278204
5257,algoQD,52,162,0.9999097263663066,6.580809736158699
5258,algoQD,52,162,0.9999097263663066,5.537868211977184
5259,algoQD,52,162,0.9999097263663066,6.132250991184264
5260,algoQD,52,162,0.9999097263663066,6.5926016750745475
5261,algoQD,52,162,0.9999097263663066,5.635299243964255
5262,algoQD,52,162,0.9999097263663066,5.504021283239126
5263,algoQD,52,162,0.9999097263663066,6.492889882996678
5264,algoQD,52,162,0.9999097263663066,6.227230079006404
5265,algoQD,52,162,0.9999097263663066,5.7354022222571075
5266,algoQD,52,162,0.9999097263663066,5.623674489092082
5267,algoQD,52,162,0.9999097263663066,6.613826856017113
5268,algoQD,52,162,0.9999097263663066,6.223719487898052
5269,algoQD,52,162,0.9999097263663066,5.716783876065165
5270,algoQD,52,162,0.9999097263663066,5.776522412896156
5271,algoQD,52,162,0.9999097263663066,5.793735885061324
5272,algoQD,52,162,0.9999097263663066,6.316646677907556
5273,algoQD,52,162,0.9999097263663066,5.399801094084978
5274,algoQD,52,162,0.9999097263663066,6.6629244880750775
5275,algoQD,52,162,0.9999097263663066,5.699361509177834
5276,algoQD,52,162,0.9999097263663066,5.569398432038724
5277,algoQD,52,162,0.9999097263663066,5.782017826102674
5278,algoQD,52,162,0.9999097263663066,5.51141216699034
5279,algoQD,52,162,0.9999097263663066,6.298684841021895
5280,algoQD,52,162,0.9999097263663066,5.545099176932126
5281,algoQD,52,162,0.9999097263663066,5.476318503264338
5282,algoQD,52,162,0.9999097263663066,5.7668035523965955
5283,algoQD,52,162,0.9999097263663066,5.901722579263151
5284,algoQD,52,162,0.9999097263663066,6.16353365406394
5285,algoQD,52,162,0.9999097263663066,5.744644394144416
5286,algoQD,52,162,0.9999097263663066,5.691487742122263
5287,algoQD,52,162,0.9999097263663066,5.450025422964245
5288,algoQD,52,162,0.9999097263663066,6.070416785776615
5289,algoQD,52,162,0.9999097263663066,6.324521548114717
5290,algoQD,52,162,0.9999097263663066,5.6061962391249835
5291,algoQD,52,162,0.9999097263663066,5.839946975931525
5292,algoQD,52,162,0.9999097263663066,5.0659727291204035
5293,algoQD,52,162,0.9999097263663066,5.654703440144658
5294,algoQD,52,162,0.9999097263663066,6.064375431742519
5295,algoQD,52,162,0.9999097263663066,5.158091268967837
5296,algoQD,52,162,0.9999097263663066,5.075783470645547
5297,algoQD,52,162,0.9999097263663066,5.161393227055669
5298,algoQD,52,162,0.9999097263663066,5.0229802136309445
5299,algoQD,52,162,0.9999097263663066,6.062419006135315
5300,algoQD,53,162,0.9999097263663066,5.167884959839284
5301,algoQD,53,162,0.9999097263663066,5.391864289995283
5302,algoQD,53,162,0.9999097263663066,6.386940591037273
5303,algoQD,53,162,0.9999097263663066,5.020763225853443
5304,algoQD,53,162,0.9999097263663066,5.290617529768497
5305,algoQD,53,162,0.9999097263663066,5.091838613152504
5306,algoQD,53,162,0.9999097263663066,5.324792294763029
5307,algoQD,53,162,0.9999097263663066,5.971561957616359
5308,algoQD,53,162,0.9999097263663066,5.873517629224807
5309,algoQD,53,162,0.9999097263663066,5.176533651072532
5310,algoQD,53,162,0.9999097263663066,6.060115604195744
5311,algoQD,53,162,0.9999097263663066,5.927628848236054
5312,algoQD,53,162,0.9999097263663066,5.441588839050382
5313,algoQD,53,162,0.9999097263663066,5.77989942394197
5314,algoQD,53,162,0.9999097263663066,6.238646130077541
5315,algoQD,53,162,0.9999097263663066,5.545206931885332
5316,algoQD,53,162,0.9999097263663066,5.500499896705151
5317,algoQD,53,162,0.9999097263663066,5.885706621222198
5318,algoQD,53,162,0.9999097263663066,5.70317989308387
5319,algoQD,53,162,0.9999097263663066,5.585617377888411
5320,algoQD,53,162,0.9999097263663066,5.787135002203286
5321,algoQD,53,162,0.9999097263663066,5.268697626888752
5322,algoQD,53,162,0.9999097263663066,6.32684090686962
5323,algoQD,53,162,0.9999097263663066,5.373536106199026
5324,algoQD,53,162,0.9999097263663066,5.562071543186903
5325,algoQD,53,162,0.9999097263663066,6.076726531144232
5326,algoQD,53,162,0.9999097263663066,5.957500638905913
5327,algoQD,53,162,0.9999097263663066,5.469125902745873
5328,algoQD,53,162,0.9999097263663066,6.117797126062214
5329,algoQD,53,162,0.9999097263663066,6.049355309922248
5330,algoQD,53,162,0.9999097263663066,5.889363830909133
5331,algoQD,53,162,0.9999097263663066,5.9242711290717125
5332,algoQD,53,162,0.9999097263663066,5.320688812062144
5333,algoQD,53,162,0.9999097263663066,6.269422298762947
5334,algoQD,53,162,0.9999097263663066,5.585415606852621
5335,algoQD,53,162,0.9999097263663066,5.309556060936302
5336,algoQD,53,162,0.9999097263663066,5.552530576940626
5337,algoQD,53,162,0.9999097263663066,5.671161515172571
5338,algoQD,53,162,0.9999097263663066,6.08479738002643
5339,algoQD,53,162,0.9999097263663066,5.667790975887328
5340,algoQD,53,162,0.9999097263663066,6.194585248827934
5341,algoQD,53,162,0.9999097263663066,5.695766181219369
5342,algoQD,53,162,0.9999097263663066,5.071917333174497
5343,algoQD,53,162,0.9999097263663066,6.164587132167071
5344,algoQD,53,162,0.9999097263663066,5.8859995738603175
5345,algoQD,53,162,0.9999097263663066,5.353559405077249
5346,algoQD,53,162,0.9999097263663066,6.035134102683514
5347,algoQD,53,162,0.9999097263663066,5.1472292193211615
5348,algoQD,53,162,0.9999097263663066,5.991123883984983
5349,algoQD,53,162,0.9999097263663066,5.270816870965064
5350,algoQD,53,162,0.9999097263663066,5.82272386783734
5351,algoQD,53,162,0.9999097263663066,6.063834014348686
5352,algoQD,53,162,0.9999097263663066,5.767598101403564
5353,algoQD,53,162,0.9999097263663066,5.510387376882136
5354,algoQD,53,162,0.9999097263663066,6.524820418097079
5355,algoQD,53,162,0.9999097263663066,5.545896993950009
5356,algoQD,53,162,0.9999097263663066,5.540215298999101
5357,algoQD,53,162,0.9999097263663066,5.3359269122593105
5358,algoQD,53,162,0.9999097263663066,5.2521759839728475
5359,algoQD,53,162,0.9999097263663066,5.276430106256157
5360,algoQD,53,162,0.9999097263663066,6.06720044510439
5361,algoQD,53,162,0.9999097263663066,5.281402430031449
5362,algoQD,53,162,0.9999097263663066,5.419739888980985
5363,algoQD,53,162,0.9999097263663066,5.974278888199478
5364,algoQD,53,162,0.9999097263663066,5.909011200070381
5365,algoQD,53,162,0.9999097263663066,5.267283593770117
5366,algoQD,53,162,0.9999097263663066,5.838840377982706
5367,algoQD,53,162,0.9999097263663066,4.928481572773308
5368,algoQD,53,162,0.9999097263663066,5.8375280778855085
5369,algoQD,53,162,0.9999097263663066,5.922459025401622
5370,algoQD,53,162,0.9999097263663066,5.102375507820398
5371,algoQD,53,162,0.9999097263663066,5.426600459963083
5372,algoQD,53,162,0.9999097263663066,5.126607550308108
5373,algoQD,53,162,0.9999097263663066,5.739009658806026
5374,algoQD,53,162,0.9999097263663066,5.314835272729397
5375,algoQD,53,162,0.9999097263663066,4.92915784008801
5376,algoQD,53,162,0.9999097263663066,5.759853377938271
5377,algoQD,53,162,0.9999097263663066,5.273003643378615
5378,algoQD,53,162,0.9999097263663066,5.668956288136542
5379,algoQD,53,162,0.9999097263663066,5.055093187838793
5380,algoQD,53,162,0.9999097263663066,5.0948855467140675
5381,algoQD,53,162,0.9999097263663066,5.420214977115393
5382,algoQD,53,162,0.9999097263663066,5.119895748794079
5383,algoQD,53,162,0.9999097263663066,5.1249579028226435
5384,algoQD,53,162,0.9999097263663066,5.210174940060824
5385,algoQD,53,162,0.9999097263663066,5.722341929096729
5386,algoQD,53,162,0.9999097263663066,5.119069586973637
5387,algoQD,53,162,0.9999097263663066,5.6822675173170865
5388,algoQD,53,162,0.9999097263663066,5.233486654236913
5389,algoQD,53,162,0.9999097263663066,5.490318360738456
5390,algoQD,53,162,0.9999097263663066,5.870547771919519
5391,algoQD,53,162,0.9999097263663066,4.870805125683546
5392,algoQD,53,162,0.9999097263663066,5.392305717803538
5393,algoQD,53,162,0.9999097263663066,5.697012053802609
5394,algoQD,53,162,0.9999097263663066,5.323548075277358
5395,algoQD,53,162,0.9999097263663066,5.675982965156436
5396,algoQD,53,162,0.9999097263663066,5.902945058885962
5397,algoQD,53,162,0.9999097263663066,5.936294294893742
5398,algoQD,53,162,0.9999097263663066,5.1132772150449455
5399,algoQD,53,162,0.9999097263663066,5.011549931950867
5400,algoQD,54,162,0.9999097263663066,5.2378171952441335
5401,algoQD,54,162,0.9999097263663066,4.620346317999065
5402,algoQD,54,162,0.9999097263663066,4.852262823842466
5403,algoQD,54,162,0.9999097263663066,4.978344848845154
5404,algoQD,54,162,0.9999097263663066,5.582774015143514
5405,algoQD,54,162,0.9999097263663066,5.295335643924773
5406,algoQD,54,162,0.9999097263663066,5.821119396947324
5407,algoQD,54,162,0.9999097263663066,5.840369044803083
5408,algoQD,54,162,0.9999097263663066,5.530743636190891
5409,algoQD,54,162,0.9999097263663066,5.795355963055044
5410,algoQD,54,162,0.9999097263663066,5.481207188218832
5411,algoQD,54,162,0.9999097263663066,5.26199616631493
5412,algoQD,54,162,0.9999097263663066,5.65966512542218
5413,algoQD,54,162,0.9999097263663066,5.380105227697641
5414,algoQD,54,162,0.9999097263663066,5.06080366531387
5415,algoQD,54,162,0.9999097263663066,5.998609025962651
5416,algoQD,54,162,0.9999097263663066,5.541507450863719
5417,algoQD,54,162,0.9999097263663066,5.439304230734706
5418,algoQD,54,162,0.9999097263663066,5.679615065921098
5419,algoQD,54,162,0.9999097263663066,6.116222039330751
5420,algoQD,54,162,0.9999097263663066,5.711201873142272
5421,algoQD,54,162,0.9999097263663066,5.134503555949777
5422,algoQD,54,162,0.9999097263663066,6.121072222944349
5423,algoQD,54,162,0.9999097263663066,5.656364519614726
5424,algoQD,54,162,0.9999097263663066,5.604836969170719
5425,algoQD,54,162,0.9999097263663066,5.928946373984218
5426,algoQD,54,162,0.9999097263663066,5.872549674008042
5427,algoQD,54,162,0.9999097263663066,6.080955291166902
5428,algoQD,54,162,0.9999097263663066,5.971688064280897
5429,algoQD,54,162,0.9999097263663066,5.3580583040602505
5430,algoQD,54,162,0.9999097263663066,5.338136657141149
5431,algoQD,54,162,0.9999097263663066,5.220972500741482
5432,algoQD,54,162,0.9999097263663066,6.144173588138074
5433,algoQD,54,162,0.9999097263663066,5.686128330882639
5434,algoQD,54,162,0.9999097263663066,5.602274397388101
5435,algoQD,54,162,0.9999097263663066,5.941430084872991
5436,algoQD,54,162,0.9999097263663066,6.1261417511850595
5437,algoQD,54,162,0.9999097263663066,5.604226617142558
5438,algoQD,54,162,0.9999097263663066,4.929503214079887
5439,algoQD,54,162,0.9999097263663066,6.342868708074093
5440,algoQD,54,162,0.9999097263663066,6.161675544921309
5441,algoQD,54,162,0.9999097263663066,6.153596230316907
5442,algoQD,54,162,0.9999097263663066,5.292424403131008
5443,algoQD,54,162,0.9999097263663066,5.6162076918408275
5444,algoQD,54,162,0.9999097263663066,5.860448841936886
5445,algoQD,54,162,0.9999097263663066,6.0078641208820045
5446,algoQD,54,162,0.9999097263663066,6.138144827913493
5447,algoQD,54,162,0.9999097263663066,5.488548676948994
5448,algoQD,54,162,0.9999097263663066,5.389834954869002
5449,algoQD,54,162,0.9999097263663066,6.343901519663632
5450,algoQD,54,162,0.9999097263663066,5.7461009956896305
5451,algoQD,54,162,0.9999097263663066,5.594496552832425
5452,algoQD,54,162,0.9999097263663066,5.8303941008634865
5453,algoQD,54,162,0.9999097263663066,6.210196614265442
5454,algoQD,54,162,0.9999097263663066,5.725104419048876
5455,algoQD,54,162,0.9999097263663066,5.254704048857093
5456,algoQD,54,162,0.9999097263663066,6.105454818345606
5457,algoQD,54,162,0.9999097263663066,5.270826609805226
5458,algoQD,54,162,0.9999097263663066,4.979661145247519
5459,algoQD,54,162,0.9999097263663066,5.526723179966211
5460,algoQD,54,162,0.9999097263663066,5.232056891079992
5461,algoQD,54,163,0.9999097263663066,6.196031781844795
5462,algoQD,54,163,0.9999097263663066,5.79746293509379
5463,algoQD,54,163,0.9999097263663066,5.74130194960162
5464,algoQD,54,163,0.9999097263663066,6.096399528905749
5465,algoQD,54,163,0.9999097263663066,5.504844956099987
5466,algoQD,54,163,0.9999097263663066,6.059189327992499
5467,algoQD,54,163,0.9999097263663066,5.088102331850678
5468,algoQD,54,163,0.9999097263663066,5.731570794247091
5469,algoQD,54,163,0.9999097263663066,5.8846678379923105
5470,algoQD,54,163,0.9999097263663066,5.169510765001178
5471,algoQD,54,163,0.9999097263663066,5.215485222637653
5472,algoQD,54,163,0.9999097263663066,5.5650629247538745
5473,algoQD,54,163,0.9999097263663066,6.616035296116024
5474,algoQD,54,163,0.9999097263663066,6.415957514662296
5475,algoQD,54,163,0.9999097263663066,5.421384415589273
5476,algoQD,54,163,0.9999097263663066,5.821659338194877
5477,algoQD,54,163,0.9999097263663066,5.327517264056951
5478,algoQD,54,163,0.9999097263663066,5.238538618199527
5479,algoQD,54,163,0.9999097263663066,5.333577072247863
5480,algoQD,54,163,0.9999097263663066,6.112770379055291
5481,algoQD,54,163,0.9999097263663066,5.850922253914177
5482,algoQD,54,163,0.9999097263663066,6.072530504781753
5483,algoQD,54,163,0.9999097263663066,6.024262100923806
5484,algoQD,54,163,0.9999097263663066,5.3698679860681295
5485,algoQD,54,163,0.9999097263663066,5.879222220275551
5486,algoQD,54,163,0.9999097263663066,5.274477455765009
5487,algoQD,54,163,0.9999097263663066,5.435315174981952
5488,algoQD,54,163,0.9999097263663066,5.143274577334523
5489,algoQD,54,163,0.9999097263663066,5.2548179449513555
5490,algoQD,54,163,0.9999097263663066,5.097444930579513
5491,algoQD,54,163,0.9999097263663066,5.049369183834642
5492,algoQD,54,163,0.9999097263663066,6.4691630359739065
5493,algoQD,54,163,0.9999097263663066,5.147156201303005
5494,algoQD,54,163,0.9999097263663066,6.2297733798623085
5495,algoQD,54,163,0.9999097263663066,5.651152292266488
5496,algoQD,54,163,0.9999097263663066,5.521532081998885
5497,algoQD,54,163,0.9999097263663066,4.9192871120758355
5498,algoQD,54,163,0.9999097263663066,6.147464736364782
5499,algoQD,54,163,0.9999097263663066,5.667149169370532
5500,algoQD,55,163,0.9999097263663066,6.139884687960148
5501,algoQD,55,163,0.9999097263663066,6.08336266502738
5502,algoQD,55,163,0.9999097263663066,5.54330531693995
5503,algoQD,55,163,0.9999097263663066,5.824593332130462
5504,algoQD,55,163,0.9999097263663066,5.721130103804171
5505,algoQD,55,163,0.9999097263663066,6.656949859112501
5506,algoQD,55,163,0.9999097263663066,5.6348632532171905
5507,algoQD,55,163,0.9999097263663066,5.779953707009554
5508,algoQD,55,163,0.9999097263663066,6.025454920716584
5509,algoQD,55,163,0.9999097263663066,5.314657360780984
5510,algoQD,55,163,0.9999097263663066,6.066785196308047
5511,algoQD,55,163,0.9999097263663066,5.680860477965325
5512,algoQD,55,163,0.9999097263663066,6.02706584520638
5513,algoQD,55,163,0.9999097263663066,5.716805403120816
5514,algoQD,55,163,0.9999097263663066,5.196422915905714
5515,algoQD,55,163,0.9999097263663066,6.2604432948865
5516,algoQD,55,163,0.9999097263663066,5.4641427481547
5517,algoQD,55,163,0.9999097263663066,6.08693307870999
5518,algoQD,55,163,0.9999097263663066,5.254071177914739
5519,algoQD,55,163,0.9999097263663066,6.106593261938542
5520,algoQD,55,163,0.9999097263663066,5.767369050066918
5521,algoQD,55,163,0.9999097263663066,6.1823392058722675
5522,algoQD,55,163,0.9999097263663066,6.0404287707060575
5523,algoQD,55,163,0.9999097263663066,6.288860943168402
5524,algoQD,55,163,0.9999097263663066,5.724215047899634
5525,algoQD,55,163,0.9999097263663066,5.717651730868965
5526,algoQD,55,163,0.9999097263663066,5.349622078239918
5527,algoQD,55,163,0.9999097263663066,6.218908295035362
5528,algoQD,55,163,0.9999097263663066,6.49167292797938
5529,algoQD,55,163,0.9999097263663066,6.0283827926032245
5530,algoQD,55,163,0.9999097263663066,5.516816893126816
5531,algoQD,55,163,0.9999097263663066,5.873780820053071
5532,algoQD,55,163,0.9999097263663066,6.337210658937693
5533,algoQD,55,163,0.9999097263663066,6.284047921188176
5534,algoQD,55,163,0.9999097263663066,5.614348164759576
5535,algoQD,55,163,0.9999097263663066,5.836905772797763
5536,algoQD,55,163,0.9999097263663066,6.287286107894033
5537,algoQD,55,163,0.9999097263663066,6.138455328065902
5538,algoQD,55,163,0.9999097263663066,5.991679652128369
5539,algoQD,55,163,0.9999097263663066,5.7214639647863805
5540,algoQD,55,163,0.9999097263663066,5.410490884911269
5541,algoQD,55,163,0.9999097263663066,5.383853881154209
5542,algoQD,55,163,0.9999097263663066,5.352032832801342
5543,algoQD,55,163,0.9999097263663066,5.866074360907078
5544,algoQD,55,163,0.9999097263663066,6.184427501168102
5545,algoQD,55,163,0.9999097263663066,5.804543633013964
5546,algoQD,55,163,0.9999097263663066,5.332425320055336
5547,algoQD,55,163,0.9999097263663066,5.070498772896826
5548,algoQD,55,163,0.9999097263663066,5.1859064172022045
5549,algoQD,55,163,0.9999097263663066,5.785940814763308
5550,algoQD,55,163,0.9999097263663066,5.369598087854683
5551,algoQD,55,163,0.9999097263663066,5.161518162116408
5552,algoQD,55,163,0.9999097263663066,4.970205913297832
5553,algoQD,55,163,0.9999097263663066,5.396248789038509
5554,algoQD,55,163,0.9999097263663066,5.4515449670143425
5555,algoQD,55,163,0.9999097263663066,5.506553622893989
5556,algoQD,55,163,0.9999097263663066,5.901766741648316
5557,algoQD,55,163,0.9999097263663066,6.5400359788909554
5558,algoQD,55,163,0.9999097263663066,5.706299715209752
5559,algoQD,55,163,0.9999097263663066,5.5380986500531435
5560,algoQD,55,163,0.9999097263663066,5.9769293437711895
5561,algoQD,55,163,0.9999097263663066,5.985905741807073
5562,algoQD,55,163,0.9999097263663066,6.422268695663661
5563,algoQD,55,163,0.9999097263663066,6.3929772563278675
5564,algoQD,55,163,0.9999097263663066,6.12587426090613
5565,algoQD,55,163,0.9999097263663066,6.327570605091751
5566,algoQD,55,163,0.9999097263663066,5.788955974392593
5567,algoQD,55,163,0.9999097263663066,5.285265332087874
5568,algoQD,55,163,0.9999097263663066,5.845456518232822
5569,algoQD,55,163,0.9999097263663066,6.097634476609528
5570,algoQD,55,163,0.9999097263663066,5.749929051846266
5571,algoQD,55,163,0.9999097263663066,6.744881424121559
5572,algoQD,55,163,0.9999097263663066,6.08531223796308
5573,algoQD,55,163,0.9999097263663066,5.475776696112007
5574,algoQD,55,163,0.9999097263663066,6.106146179139614
5575,algoQD,55,163,0.9999097263663066,6.421948329079896
5576,algoQD,55,163,0.9999097263663066,6.505834272131324
5577,algoQD,55,163,0.9999097263663066,6.030606443993747
5578,algoQD,55,163,0.9999097263663066,5.560517564881593
5579,algoQD,55,163,0.9999097263663066,5.783547175116837
5580,algoQD,55,163,0.9999097263663066,5.308345696888864
5581,algoQD,55,163,0.9999097263663066,5.291077402886003
5582,algoQD,55,163,0.9999097263663066,6.296961638145149
5583,algoQD,55,163,0.9999097263663066,5.676285760011524
5584,algoQD,55,163,0.9999097263663066,5.711348635144532
5585,algoQD,55,163,0.9999097263663066,5.301443827804178
5586,algoQD,55,163,0.9999097263663066,5.286234252154827
5587,algoQD,55,163,0.9999097263663066,5.473261154256761
5588,algoQD,55,163,0.9999097263663066,5.136585897766054
5589,algoQD,55,163,0.9999097263663066,5.973175000865012
5590,algoQD,55,163,0.9999097263663066,5.325368137098849
5591,algoQD,55,163,0.9999097263663066,6.158425707835704
5592,algoQD,55,163,0.9999097263663066,5.416162411216646
5593,algoQD,55,163,0.9999097263663066,5.480752096977085
5594,algoQD,55,163,0.9999097263663066,5.333933067042381
5595,algoQD,55,163,0.9999097263663066,5.604302153922617
5596,algoQD,55,163,0.9999097263663066,6.221148165874183
5597,algoQD,55,163,0.9999097263663066,5.189709071069956
5598,algoQD,55,163,0.9999097263663066,5.551794154103845
5599,algoQD,55,163,0.9999097263663066,5.589780049864203
5600,algoQD,56,163,0.9999097263663066,6.164595053065568
5601,algoQD,56,163,0.9999097263663066,5.4123573722317815
5602,algoQD,56,163,0.9999097263663066,5.51752061303705
5603,algoQD,56,163,0.9999097263663066,6.20046456111595
5604,algoQD,56,163,0.9999097263663066,5.674608882982284
5605,algoQD,56,163,0.9999097263663066,5.9854352925904095
5606,algoQD,56,163,0.9999097263663066,5.6397795006632805
5607,algoQD,56,163,0.9999097263663066,5.592757593840361
5608,algoQD,56,163,0.9999097263663066,5.997251458000392
5609,algoQD,56,163,0.9999097263663066,6.391122803092003
5610,algoQD,56,163,0.9999097263663066,5.502237828914076
5611,algoQD,56,163,0.9999097263663066,5.207230594009161
5612,algoQD,56,163,0.9999097263663066,5.455858596134931
5613,algoQD,56,163,0.9999097263663066,5.750895807985216
5614,algoQD,56,163,0.9999097263663066,5.291229430120438
5615,algoQD,56,163,0.9999097263663066,6.3823647471144795
5616,algoQD,56,163,0.9999097263663066,5.789370076730847
5617,algoQD,56,163,0.9999097263663066,5.647060186136514
5618,algoQD,56,163,0.9999097263663066,5.448565679136664
5619,algoQD,56,163,0.9999097263663066,5.926025925204158
5620,algoQD,56,163,0.9999097263663066,5.2264000098221
5621,algoQD,56,163,0.9999097263663066,5.267469621263444
5622,algoQD,56,163,0.9999097263663066,4.93948560487479
5623,algoQD,56,163,0.9999097263663066,5.021102651022375
5624,algoQD,56,163,0.9999097263663066,4.935264729894698
5625,algoQD,56,163,0.9999097263663066,5.52989630587399
5626,algoQD,56,163,0.9999097263663066,5.498411730397493
5627,algoQD,56,163,0.9999097263663066,4.922849975991994
5628,algoQD,56,164,0.9999097263663066,5.4988567708060145
5629,algoQD,56,164,0.9999097263663066,5.344187831040472
5630,algoQD,56,164,0.9999097263663066,6.1356020690873265
5631,algoQD,56,164,0.9999097263663066,5.129849351011217
5632,algoQD,56,164,0.9999097263663066,5.4870949620381
5633,algoQD,56,164,0.9999097263663066,5.041808248963207
5634,algoQD,56,164,0.9999097263663066,4.994476456660777
5635,algoQD,56,164,0.9999097263663066,5.659036141354591
5636,algoQD,56,164,0.9999097263663066,5.5878603821620345
5637,algoQD,56,164,0.9999097263663066,5.631847073789686
5638,algoQD,56,164,0.9999097263663066,5.167282339185476
5639,algoQD,56,164,0.9999097263663066,5.081468672025949
5640,algoQD,56,164,0.9999097263663066,6.288329359143972
5641,algoQD,56,164,0.9999097263663066,5.836233583744615
5642,algoQD,56,164,0.9999097263663066,6.199827837757766
5643,algoQD,56,164,0.9999097263663066,6.1703550959937274
5644,algoQD,56,164,0.9999097263663066,5.464184897951782
5645,algoQD,56,164,0.9999097263663066,5.924598537851125
5646,algoQD,56,164,0.9999097263663066,4.7361685573123395
5647,algoQD,56,164,0.9999097263663066,6.102194592822343
5648,algoQD,56,164,0.9999097263663066,6.122070314362645
5649,algoQD,56,164,0.9999097263663066,5.730987987015396
5650,algoQD,56,164,0.9999097263663066,5.918461132328957
5651,algoQD,56,164,0.9999097263663066,5.857214309740812
5652,algoQD,56,164,0.9999097263663066,5.551065807230771
5653,algoQD,56,164,0.9999097263663066,5.567802498117089
5654,algoQD,56,164,0.9999097263663066,6.162074991967529
5655,algoQD,56,164,0.9999097263663066,5.7433442529290915
5656,algoQD,56,164,0.9999097263663066,5.872482176870108
5657,algoQD,56,164,0.9999097263663066,6.04829107504338
5658,algoQD,56,164,0.9999097263663066,5.374392997007817
5659,algoQD,56,164,0.9999097263663066,5.777293640654534
5660,algoQD,56,164,0.9999097263663066,6.089588677044958
5661,algoQD,56,164,0.9999097263663066,5.561811889987439
5662,algoQD,56,164,0.9999097263663066,5.970250456128269
5663,algoQD,56,164,0.9999097263663066,6.064339515287429
5664,algoQD,56,164,0.9999097263663066,6.12520756572485
5665,algoQD,56,164,0.9999097263663066,6.368541821837425
5666,algoQD,56,164,0.9999097263663066,6.291665622964501
5667,algoQD,56,164,0.9999097263663066,6.193059800192714
5668,algoQD,56,164,0.9999097263663066,6.196341780945659
5669,algoQD,56,164,0.9999097263663066,6.842635637149215
5670,algoQD,56,164,0.9999097263663066,6.53153534932062
5671,algoQD,56,164,0.9999097263663066,5.487353398930281
5672,algoQD,56,164,0.9999097263663066,6.208793425001204
5673,algoQD,56,164,0.9999097263663066,5.879784171935171
5674,algoQD,56,164,0.9999097263663066,6.458695854991674
5675,algoQD,56,164,0.9999097263663066,5.6733117289841175
5676,algoQD,56,164,0.9999097263663066,6.552083638962358
5677,algoQD,56,164,0.9999097263663066,5.9843850689940155
5678,algoQD,56,164,0.9999097263663066,7.052443980239332
5679,algoQD,56,164,0.9999097263663066,5.570129632949829
5680,algoQD,56,164,0.9999097263663066,6.498688354156911
5681,algoQD,56,164,0.9999097263663066,5.99056571116671
5682,algoQD,56,164,0.9999097263663066,5.393411026801914
5683,algoQD,56,164,0.9999097263663066,6.4420670829713345
5684,algoQD,56,164,0.9999097263663066,5.64969771169126
5685,algoQD,56,164,0.9999097263663066,6.028108038008213
5686,algoQD,56,164,0.9999097263663066,5.601446193177253
5687,algoQD,56,164,0.9999097263663066,6.126838956028223
5688,algoQD,56,164,0.9999097263663066,6.742241521831602
5689,algoQD,56,164,0.9999097263663066,5.700223737861961
5690,algoQD,56,164,0.9999097263663066,5.772576319053769
5691,algoQD,56,164,0.9999097263663066,6.449270892888308
5692,algoQD,56,164,0.9999097263663066,5.8432061350904405
5693,algoQD,56,164,0.9999097263663066,6.591479917988181
5694,algoQD,56,164,0.9999097263663066,6.671639630105346
5695,algoQD,56,164,0.9999097263663066,5.552354266867042
5696,algoQD,56,164,0.9999097263663066,5.651913598179817
5697,algoQD,56,164,0.9999097263663066,6.022441541776061
5698,algoQD,56,164,0.9999097263663066,6.378003371879458
5699,algoQD,56,164,0.9999097263663066,6.232495944947004
5700,algoQD,57,164,0.9999097263663066,5.851291639730334
5701,algoQD,57,164,0.9999097263663066,5.605534418020397
5702,algoQD,57,164,0.9999097263663066,5.751681482885033
5703,algoQD,57,164,0.9999097263663066,5.892645065672696
5704,algoQD,57,164,0.9999097263663066,5.399889255873859
5705,algoQD,57,164,0.9999097263663066,6.322083075065166
5706,algoQD,57,164,0.9999097263663066,5.786431333981454
5707,algoQD,57,164,0.9999097263663066,5.800070832017809
5708,algoQD,57,164,0.9999097263663066,6.221845864318311
5709,algoQD,57,164,0.9999097263663066,5.646091247908771
5710,algoQD,57,164,0.9999097263663066,5.843202488031238
5711,algoQD,57,164,0.9999097263663066,5.9628070099279284
5712,algoQD,57,164,0.9999097263663066,6.113034854177386
5713,algoQD,57,164,0.9999097263663066,6.302979244384915
5714,algoQD,57,164,0.9999097263663066,5.394148890860379
5715,algoQD,57,164,0.9999097263663066,5.885255787055939
5716,algoQD,57,164,0.9999097263663066,5.346624656114727
5717,algoQD,57,164,0.9999097263663066,6.13945732312277
5718,algoQD,57,164,0.9999097263663066,5.990574267227203
5719,algoQD,57,164,0.9999097263663066,5.98991766711697
5720,algoQD,57,164,0.9999097263663066,5.2644049930386245
5721,algoQD,57,164,0.9999097263663066,5.121606845408678
5722,algoQD,57,164,0.9999097263663066,5.105998987797648
5723,algoQD,57,164,0.9999097263663066,5.64076346391812
5724,algoQD,57,164,0.9999097263663066,5.834891618229449
5725,algoQD,57,164,0.9999097263663066,5.698506754357368
5726,algoQD,57,164,0.9999097263663066,5.637124317698181
5727,algoQD,57,164,0.9999097263663066,5.498243460431695
5728,algoQD,57,164,0.9999097263663066,5.833143975120038
5729,algoQD,57,164,0.9999097263663066,5.238888185936958
5730,algoQD,57,164,0.9999097263663066,5.8540768921375275
5731,algoQD,57,164,0.9999097263663066,5.078192184213549
5732,algoQD,57,164,0.9999097263663066,5.2473362176679075
5733,algoQD,57,164,0.9999097263663066,5.205893161240965
5734,algoQD,57,164,0.9999097263663066,5.067293864209205
5735,algoQD,57,164,0.9999097263663066,5.626563414931297
5736,algoQD,57,164,0.9999097263663066,6.5106428088620305
5737,algoQD,57,164,0.9999097263663066,5.230847594793886
5738,algoQD,57,164,0.9999097263663066,6.686762731987983
5739,algoQD,57,164,0.9999097263663066,5.689670058898628
5740,algoQD,57,164,0.9999097263663066,6.599851824808866
5741,algoQD,57,164,0.9999097263663066,5.643027669750154
5742,algoQD,57,164,0.9999097263663066,6.381198939867318
5743,algoQD,57,164,0.9999097263663066,5.992002586368471
5744,algoQD,57,164,0.9999097263663066,5.34612295916304
5745,algoQD,57,164,0.9999097263663066,5.743464550003409
5746,algoQD,57,164,0.9999097263663066,6.184682102873921
5747,algoQD,57,164,0.9999097263663066,6.312343845143914
5748,algoQD,57,164,0.9999097263663066,5.795855889096856
5749,algoQD,57,164,0.9999097263663066,5.322980988770723
5750,algoQD,57,164,0.9999097263663066,6.132556795142591
5751,algoQD,57,164,0.9999097263663066,5.430189229082316
5752,algoQD,57,164,0.9999097263663066,6.273822428658605
5753,algoQD,57,164,0.9999097263663066,6.118076307699084
5754,algoQD,57,164,0.9999097263663066,5.843697392847389
5755,algoQD,57,164,0.9999097263663066,5.7679878496564925
5756,algoQD,57,164,0.9999097263663066,5.732514622621238
5757,algoQD,57,164,0.9999097263663066,5.938928626012057
5758,algoQD,57,164,0.9999097263663066,5.475369154009968
5759,algoQD,57,164,0.9999097263663066,6.310126236174256
5760,algoQD,57,164,0.9999097263663066,6.247466588392854
5761,algoQD,57,164,0.9999097263663066,5.8361746608279645
5762,algoQD,57,164,0.9999097263663066,4.96120640495792
5763,algoQD,57,164,0.9999097263663066,6.34383177338168
5764,algoQD,57,164,0.9999097263663066,5.676884473767132
5765,algoQD,57,164,0.9999097263663066,6.174818508792669
5766,algoQD,57,164,0.9999097263663066,5.82517493981868
5767,algoQD,57,164,0.9999097263663066,5.367243499029428
5768,algoQD,57,164,0.9999097263663066,5.899600325152278
5769,algoQD,57,164,0.9999097263663066,5.283916685730219
5770,algoQD,57,164,0.9999097263663066,5.5504749161191285
5771,algoQD,57,164,0.9999097263663066,6.0616823569871485
5772,algoQD,57,164,0.9999097263663066,5.342239229939878
5773,algoQD,57,164,0.9999097263663066,6.225343661848456
5774,algoQD,57,164,0.9999097263663066,5.6267269547097385
5775,algoQD,57,164,0.9999097263663066,5.8144232970662415
5776,algoQD,57,164,0.9999097263663066,5.802813082933426
5777,algoQD,57,164,0.9999097263663066,5.274558607023209
5778,algoQD,57,164,0.9999097263663066,5.54020597692579
5779,algoQD,57,164,0.9999097263663066,6.083789143245667
5780,algoQD,57,164,0.9999097263663066,5.66553005296737
5781,algoQD,57,164,0.9999097263663066,5.345193061046302
5782,algoQD,57,164,0.9999097263663066,6.488808869384229
5783,algoQD,57,164,0.9999097263663066,5.1248575248755515
5784,algoQD,57,164,0.9999097263663066,5.920089174993336
5785,algoQD,57,164,0.9999097263663066,5.204478809144348
5786,algoQD,57,164,0.9999097263663066,6.063229430001229
5787,algoQD,57,164,0.9999097263663066,5.3854883490130305
5788,algoQD,57,164,0.9999097263663066,6.046854864805937
5789,algoQD,57,164,0.9999097263663066,5.420603760052472
5790,algoQD,57,164,0.9999097263663066,5.882821998093277
5791,algoQD,57,164,0.9999097263663066,5.525009765755385
5792,algoQD,57,164,0.9999097263663066,5.936085545923561
5793,algoQD,57,165,0.9999097263663066,6.059129633940756
5794,algoQD,57,165,0.9999097263663066,5.69917013682425
5795,algoQD,57,165,0.9999097263663066,5.604718605056405
5796,algoQD,57,165,0.9999097263663066,6.35055678896606
5797,algoQD,57,165,0.9999097263663066,5.3608817611821
5798,algoQD,57,165,0.9999097263663066,4.876523866318166
5799,algoQD,57,165,0.9999097263663066,5.1199520686641335
5800,algoQD,58,165,0.9999097263663066,5.702074705157429
5801,algoQD,58,165,0.9999097263663066,6.1169330277480185
5802,algoQD,58,165,0.9999097263663066,5.601114125922322
5803,algoQD,58,165,0.9999097263663066,5.646583239082247
5804,algoQD,58,165,0.9999097263663066,5.059419858735055
5805,algoQD,58,165,0.9999097263663066,5.213749523740262
5806,algoQD,58,165,0.9999097263663066,5.116083899978548
5807,algoQD,58,165,0.9999097263663066,5.369281549938023
5808,algoQD,58,165,0.9999097263663066,4.987448780331761
5809,algoQD,58,165,0.9999097263663066,4.823815847281367
5810,algoQD,58,165,0.9999097263663066,6.086869071237743
5811,algoQD,58,165,0.9999097263663066,5.448339529335499
5812,algoQD,58,165,0.9999097263663066,4.818641992751509
5813,algoQD,58,165,0.9999097263663066,5.510607848875225
5814,algoQD,58,165,0.9999097263663066,5.013291471172124
5815,algoQD,58,165,0.9999097263663066,5.498804078437388
5816,algoQD,58,165,0.9999097263663066,4.789595728274435
5817,algoQD,58,165,0.9999097263663066,5.42451550019905
5818,algoQD,58,165,0.9999097263663066,5.5978803262114525
5819,algoQD,58,165,0.9999097263663066,6.071354491170496
5820,algoQD,58,165,0.9999097263663066,5.054266272112727
5821,algoQD,58,165,0.9999097263663066,5.234704083297402
5822,algoQD,58,165,0.9999097263663066,4.770061895251274
5823,algoQD,58,165,0.9999097263663066,4.979761435184628
5824,algoQD,58,165,0.9999097263663066,5.370367040857673
5825,algoQD,58,165,0.9999097263663066,6.003451876807958
5826,algoQD,58,165,0.9999097263663066,5.982000079937279
5827,algoQD,58,165,0.9999097263663066,5.708905389998108
5828,algoQD,58,165,0.9999097263663066,5.3443344491533935
5829,algoQD,58,165,0.9999097263663066,5.235080032143742
5830,algoQD,58,165,0.9999097263663066,5.539888516999781
5831,algoQD,58,165,0.9999097263663066,6.299707032274455
5832,algoQD,58,165,0.9999097263663066,6.132517110090703
5833,algoQD,58,165,0.9999097263663066,5.272519845049828
5834,algoQD,58,165,0.9999097263663066,5.3177468799985945
5835,algoQD,58,165,0.9999097263663066,5.784608399961144
5836,algoQD,58,165,0.9999097263663066,5.190674629993737
5837,algoQD,58,165,0.9999097263663066,5.783622175920755
5838,algoQD,58,165,0.9999097263663066,5.956280068028718
5839,algoQD,58,165,0.9999097263663066,5.350472806021571
5840,algoQD,58,165,0.9999097263663066,5.980974480044097
5841,algoQD,58,165,0.9999097263663066,5.81793563393876
5842,algoQD,58,165,0.9999097263663066,5.761667469982058
5843,algoQD,58,165,0.9999097263663066,5.583545044064522
5844,algoQD,58,165,0.9999097263663066,5.524906162172556
5845,algoQD,58,165,0.9999097263663066,5.236907303798944
5846,algoQD,58,165,0.9999097263663066,5.342644265852869
5847,algoQD,58,165,0.9999097263663066,6.053855679929256
5848,algoQD,58,165,0.9999097263663066,5.0470890533179045
5849,algoQD,58,165,0.9999097263663066,6.120351226069033
5850,algoQD,58,165,0.9999097263663066,5.206579118035734
5851,algoQD,58,165,0.9999097263663066,5.959715066943318
5852,algoQD,58,165,0.9999097263663066,5.130592200439423
5853,algoQD,58,165,0.9999097263663066,5.304909646976739
5854,algoQD,58,165,0.9999097263663066,5.225831170100719
5855,algoQD,58,165,0.9999097263663066,5.103683513123542
5856,algoQD,58,165,0.9999097263663066,5.389278419315815
5857,algoQD,58,165,0.9999097263663066,5.285063380841166
5858,algoQD,58,165,0.9999097263663066,6.671213765162975
5859,algoQD,58,165,0.9999097263663066,6.00139218987897
5860,algoQD,58,165,0.9999097263663066,5.85553923714906
5861,algoQD,58,165,0.9999097263663066,6.004431378096342
5862,algoQD,58,165,0.9999097263663066,6.756696804892272
5863,algoQD,58,165,0.9999097263663066,5.691471965052187
5864,algoQD,58,165,0.9999097263663066,5.372068089898676
5865,algoQD,58,165,0.9999097263663066,5.930648624897003
5866,algoQD,58,165,0.9999097263663066,5.373779073823243
5867,algoQD,58,165,0.9999097263663066,5.342081198003143
5868,algoQD,58,165,0.9999097263663066,5.451088688336313
5869,algoQD,58,165,0.9999097263663066,5.2885814951732755
5870,algoQD,58,165,0.9999097263663066,5.652080264873803
5871,algoQD,58,165,0.9999097263663066,6.195998682174832
5872,algoQD,58,165,0.9999097263663066,5.3746147020719945
5873,algoQD,58,165,0.9999097263663066,5.789121318142861
5874,algoQD,58,165,0.9999097263663066,4.917465983889997
5875,algoQD,58,165,0.9999097263663066,5.598959138151258
5876,algoQD,58,165,0.9999097263663066,6.049307317938656
5877,algoQD,58,165,0.9999097263663066,6.426537431310862
5878,algoQD,58,165,0.9999097263663066,5.51885244762525
5879,algoQD,58,165,0.9999097263663066,5.360431074630469
5880,algoQD,58,165,0.9999097263663066,5.808723840862513
5881,algoQD,58,165,0.9999097263663066,5.094446992035955
5882,algoQD,58,165,0.9999097263663066,5.060059014242142
5883,algoQD,58,165,0.9999097263663066,4.850895778276026
5884,algoQD,58,165,0.9999097263663066,5.071507883723825
5885,algoQD,58,165,0.9999097263663066,5.39355632616207
5886,algoQD,58,165,0.9999097263663066,6.174820038955659
5887,algoQD,58,165,0.9999097263663066,6.061590212862939
5888,algoQD,58,165,0.9999097263663066,5.426431775093079
5889,algoQD,58,165,0.9999097263663066,5.717802689876407
5890,algoQD,58,165,0.9999097263663066,5.308327187784016
5891,algoQD,58,165,0.9999097263663066,5.171152533963323
5892,algoQD,58,165,0.9999097263663066,5.06143199885264
5893,algoQD,58,165,0.9999097263663066,5.530780894681811
5894,algoQD,58,165,0.9999097263663066,5.298379746731371
5895,algoQD,58,165,0.9999097263663066,6.353253008797765
5896,algoQD,58,165,0.9999097263663066,5.260612103622407
5897,algoQD,58,165,0.9999097263663066,5.305448981001973
5898,algoQD,58,165,0.9999097263663066,5.803810166660696
5899,algoQD,58,166,0.9999097263663066,6.0498371589928865
5900,algoQD,59,166,0.9999097263663066,5.245441353879869
5901,algoQD,59,166,0.9999097263663066,5.913133023306727
5902,algoQD,59,166,0.9999097263663066,5.057792382314801
5903,algoQD,59,166,0.9999097263663066,5.5155916176736355
5904,algoQD,59,166,0.9999097263663066,5.093783206772059
5905,algoQD,59,166,0.9999097263663066,6.093062360771
5906,algoQD,59,166,0.9999097263663066,5.530605241656303
5907,algoQD,59,166,0.9999097263663066,5.411240034271032
5908,algoQD,59,166,0.9999097263663066,5.663250409998
5909,algoQD,59,166,0.9999097263663066,5.34503460675478
5910,algoQD,59,166,0.9999097263663066,5.098077038768679
5911,algoQD,59,166,0.9999097263663066,5.989129948895425
5912,algoQD,59,166,0.9999097263663066,5.668222662992775
5913,algoQD,59,166,0.9999097263663066,5.625860601197928
5914,algoQD,59,166,0.9999097263663066,5.777308069169521
5915,algoQD,59,166,0.9999097263663066,5.917221848387271
5916,algoQD,59,166,0.9999097263663066,5.837115508969873
5917,algoQD,59,166,0.9999097263663066,6.097681348212063
5918,algoQD,59,166,0.9999097263663066,5.914478916674852
5919,algoQD,59,166,0.9999097263663066,5.636496894992888
5920,algoQD,59,166,0.9999097263663066,5.22764824796468
5921,algoQD,59,166,0.9999097263663066,5.449342738837004
5922,algoQD,59,166,0.9999097263663066,5.708467974793166
5923,algoQD,59,166,0.9999097263663066,5.979436125140637
5924,algoQD,59,166,0.9999097263663066,6.228686856105924
5925,algoQD,59,166,0.9999097263663066,6.066492163576186
5926,algoQD,59,166,0.9999097263663066,5.3465498997829854
5927,algoQD,59,166,0.9999097263663066,6.293944811914116
5928,algoQD,59,166,0.9999097263663066,6.020600392948836
5929,algoQD,59,166,0.9999097263663066,6.215749052818865
5930,algoQD,59,166,0.9999097263663066,6.150800121948123
5931,algoQD,59,166,0.9999097263663066,6.464151000138372
5932,algoQD,59,166,0.9999097263663066,6.0946865901350975
5933,algoQD,59,166,0.9999097263663066,5.481443976052105
5934,algoQD,59,166,0.9999097263663066,6.029436566866934
5935,algoQD,59,166,0.9999097263663066,6.151512184645981
5936,algoQD,59,166,0.9999097263663066,6.306497378274798
5937,algoQD,59,166,0.9999097263663066,6.230984737165272
5938,algoQD,59,166,0.9999097263663066,5.732590468134731
5939,algoQD,59,166,0.9999097263663066,5.451867017894983
5940,algoQD,59,166,0.9999097263663066,6.148634037934244
5941,algoQD,59,166,0.9999097263663066,5.95398153597489
5942,algoQD,59,166,0.9999097263663066,5.357775357551873
5943,algoQD,59,166,0.9999097263663066,4.613184798043221
5944,algoQD,59,166,0.9999097263663066,6.286593656055629
5945,algoQD,59,166,0.9999097263663066,5.892147488426417
5946,algoQD,59,166,0.9999097263663066,5.5104116830043495
5947,algoQD,59,166,0.9999097263663066,5.2324584745801985
5948,algoQD,59,166,0.9999097263663066,6.113360749091953
5949,algoQD,59,166,0.9999097263663066,6.161093587987125
5950,algoQD,59,166,0.9999097263663066,5.157751678023487
5951,algoQD,59,166,0.9999097263663066,5.391634915955365
5952,algoQD,59,166,0.9999097263663066,5.885294208768755
5953,algoQD,59,166,0.9999097263663066,6.018264790996909
5954,algoQD,59,166,0.9999097263663066,6.15805552713573
5955,algoQD,59,166,0.9999097263663066,5.335979463066906
5956,algoQD,59,166,0.9999097263663066,5.065441384445876
5957,algoQD,59,166,0.9999097263663066,5.537632558960468
5958,algoQD,59,166,0.9999097263663066,6.022343034856021
5959,algoQD,59,166,0.9999097263663066,5.89037537900731
5960,algoQD,59,166,0.9999097263663066,5.395302155055106
5961,algoQD,59,166,0.9999097263663066,5.961680159904063
5962,algoQD,59,166,0.9999097263663066,5.39766046917066
5963,algoQD,59,166,0.9999097263663066,5.918105198070407
5964,algoQD,59,166,0.9999097263663066,5.91205288330093
5965,algoQD,59,166,0.9999097263663066,5.842457442078739
5966,algoQD,59,166,0.9999097263663066,6.255473931785673
5967,algoQD,59,166,0.9999097263663066,6.677094209007919
5968,algoQD,59,166,0.9999097263663066,6.563973548822105
5969,algoQD,59,166,0.9999097263663066,5.825423301197588
5970,algoQD,59,166,0.9999097263663066,5.549999010749161
5971,algoQD,59,166,0.9999097263663066,5.544952436815947
5972,algoQD,59,166,0.9999097263663066,5.343969224020839
5973,algoQD,59,166,0.9999097263663066,5.8869361518882215
5974,algoQD,59,166,0.9999097263663066,5.916111389640719
5975,algoQD,59,166,0.9999097263663066,5.851550110150129
5976,algoQD,59,166,0.9999097263663066,5.860751302912831
5977,algoQD,59,166,0.9999097263663066,6.753456134349108
5978,algoQD,59,166,0.9999097263663066,5.376804377883673
5979,algoQD,59,166,0.9999097263663066,5.1731301713734865
5980,algoQD,59,166,0.9999097263663066,5.793001429177821
5981,algoQD,59,166,0.9999097263663066,5.703777134884149
5982,algoQD,59,166,0.9999097263663066,6.2747806194238365
5983,algoQD,59,166,0.9999097263663066,6.253242687787861
5984,algoQD,59,166,0.9999097263663066,5.738392488099635
5985,algoQD,59,166,0.9999097263663066,6.508422088809311
5986,algoQD,59,166,0.9999097263663066,5.829757499042898
5987,algoQD,59,166,0.9999097263663066,6.191606102976948
5988,algoQD,59,166,0.9999097263663066,6.423674962949008
5989,algoQD,59,166,0.9999097263663066,6.971697251312435
5990,algoQD,59,166,0.9999097263663066,5.913528831675649
5991,algoQD,59,166,0.9999097263663066,6.30761239444837
5992,algoQD,59,166,0.9999097263663066,5.557514776010066
5993,algoQD,59,166,0.9999097263663066,5.462652264162898
5994,algoQD,59,166,0.9999097263663066,6.538582930341363
5995,algoQD,59,166,0.9999097263663066,5.783577222842723
5996,algoQD,59,166,0.9999097263663066,6.365497160702944
5997,algoQD,59,166,0.9999097263663066,5.74403279600665
5998,algoQD,59,166,0.9999097263663066,6.298226492013782
5999,algoQD,59,166,0.9999097263663066,6.271809865254909
6000,algoQD,60,166,0.9999097263663066,6.28927861712873
6001,algoQD,60,166,0.9999097263663066,5.914714321028441
6002,algoQD,60,166,0.9999097263663066,5.7533605569042265
6003,algoQD,60,166,0.9999097263663066,6.273518373724073
6004,algoQD,60,166,0.9999097263663066,5.569555920083076
6005,algoQD,60,166,0.9999097263663066,6.648754679132253
6006,algoQD,60,166,0.9999097263663066,5.419126043096185
6007,algoQD,60,166,0.9999097263663066,6.270916548091918
6008,algoQD,60,166,0.9999097263663066,6.447369035333395
6009,algoQD,60,166,0.9999097263663066,6.372651658020914
6010,algoQD,60,166,0.9999097263663066,5.4163036509417
6011,algoQD,60,166,0.9999097263663066,5.34952609334141
6012,algoQD,60,166,0.9999097263663066,5.229737904854119
6013,algoQD,60,166,0.9999097263663066,5.779821757692844
6014,algoQD,60,166,0.9999097263663066,6.63032099371776
6015,algoQD,60,166,0.9999097263663066,5.28804997028783
6016,algoQD,60,166,0.9999097263663066,5.64548937510699
6017,algoQD,60,166,0.9999097263663066,5.683488323818892
6018,algoQD,60,166,0.9999097263663066,5.916298975236714
6019,algoQD,60,166,0.9999097263663066,5.664823459926993
6020,algoQD,60,166,0.9999097263663066,5.512720002792776
6021,algoQD,60,166,0.9999097263663066,5.618490186985582
6022,algoQD,60,166,0.9999097263663066,5.751267581712455
6023,algoQD,60,166,0.9999097263663066,5.867076321970671
6024,algoQD,60,166,0.9999097263663066,5.579467635136098
6025,algoQD,60,166,0.9999097263663066,5.977244364097714
6026,algoQD,60,166,0.9999097263663066,6.2498288680799305
6027,algoQD,60,167,0.9999097263663066,6.294398861005902
6028,algoQD,60,167,0.9999097263663066,5.562086116988212
6029,algoQD,60,167,0.9999097263663066,6.360618714708835
6030,algoQD,60,168,0.9999097263663066,5.535425148904324
6031,algoQD,60,168,0.9999097263663066,6.508471834007651
6032,algoQD,60,168,0.9999097263663066,5.365010125096887
6033,algoQD,60,168,0.9999097263663066,5.891461472027004
6034,algoQD,60,168,0.9999097263663066,5.878839957062155
6035,algoQD,60,168,0.9999097263663066,5.831819866318256
6036,algoQD,60,168,0.9999097263663066,6.305948270019144
6037,algoQD,60,168,0.9999097263663066,5.512197565753013
6038,algoQD,60,168,0.9999097263663066,5.271749714855105
6039,algoQD,60,168,0.9999097263663066,6.126068104058504
6040,algoQD,60,168,0.9999097263663066,6.037467569112778
6041,algoQD,60,168,0.9999097263663066,6.261695689056069
6042,algoQD,60,168,0.9999097263663066,5.8629316398873925
6043,algoQD,60,168,0.9999097263663066,6.184842185117304
6044,algoQD,60,168,0.9999097263663066,5.98390708072111
6045,algoQD,60,168,0.9999097263663066,5.663558077067137
6046,algoQD,60,168,0.9999097263663066,5.972542680799961
6047,algoQD,60,168,0.9999097263663066,5.385757856070995
6048,algoQD,60,168,0.9999097263663066,5.552573279011995
6049,algoQD,60,168,0.9999097263663066,5.19570832606405
6050,algoQD,60,168,0.9999097263663066,5.63674433901906
6051,algoQD,60,168,0.9999097263663066,6.0669513810426
6052,algoQD,60,168,0.9999097263663066,5.7469220901839435
6053,algoQD,60,168,0.9999097263663066,6.076848138123751
6054,algoQD,60,168,0.9999097263663066,6.0492111360654235
6055,algoQD,60,168,0.9999097263663066,6.2266177190467715
6056,algoQD,60,168,0.9999097263663066,5.7979792496189475
6057,algoQD,60,168,0.9999097263663066,5.596181515138596
6058,algoQD,60,168,0.9999097263663066,5.7254231930710375
6059,algoQD,60,168,0.9999097263663066,5.495597938541323
6060,algoQD,60,168,0.9999097263663066,6.045677331276238
6061,algoQD,60,168,0.9999097263663066,5.308670789003372
6062,algoQD,60,168,0.9999097263663066,4.988115432672203
6063,algoQD,60,168,0.9999097263663066,5.288433547131717
6064,algoQD,60,168,0.9999097263663066,5.436111085116863
6065,algoQD,60,168,0.9999097263663066,5.262177892960608
6066,algoQD,60,168,0.9999097263663066,5.35876377671957
6067,algoQD,60,168,0.9999097263663066,5.9828650639392436
6068,algoQD,60,168,0.9999097263663066,5.806460572872311
6069,algoQD,60,169,0.9999097263663066,6.101134981028736
6070,algoQD,60,169,0.9999097263663066,6.1844433709047735
6071,algoQD,60,169,0.9999097263663066,5.601885452866554
6072,algoQD,60,169,0.9999097263663066,6.1058148527517915
6073,algoQD,60,169,0.9999097263663066,5.282584666740149
6074,algoQD,60,169,0.9999097263663066,5.21426833095029
6075,algoQD,60,169,0.9999097263663066,5.147089464124292
6076,algoQD,60,169,0.9999097263663066,5.364952578675002
6077,algoQD,60,169,0.9999097263663066,5.111105372197926
6078,algoQD,60,169,0.9999097263663066,6.09576070914045
6079,algoQD,60,169,0.9999097263663066,5.629294694866985
6080,algoQD,60,169,0.9999097263663066,5.590363223105669
6081,algoQD,60,169,0.9999097263663066,5.360396611038595
6082,algoQD,60,169,0.9999097263663066,5.4703616220504045
6083,algoQD,60,169,0.9999097263663066,5.433986720163375
6084,algoQD,60,169,0.9999097263663066,5.357899445109069
6085,algoQD,60,169,0.9999097263663066,5.175544141791761
6086,algoQD,60,169,0.9999097263663066,5.959902781061828
6087,algoQD,60,169,0.9999097263663066,4.9126641801558435
6088,algoQD,60,169,0.9999097263663066,5.257240895181894
6089,algoQD,60,169,0.9999097263663066,5.797689512837678
6090,algoQD,60,169,0.9999097263663066,5.651215396821499
6091,algoQD,60,169,0.9999097263663066,5.579099102411419
6092,algoQD,60,169,0.9999097263663066,5.117776063736528
6093,algoQD,60,169,0.9999097263663066,5.249156513251364
6094,algoQD,60,169,0.9999097263663066,6.673142790794373
6095,algoQD,60,169,0.9999097263663066,5.8304537809453905
6096,algoQD,60,169,0.9999097263663066,5.913953701965511
6097,algoQD,60,169,0.9999097263663066,5.453321598935872
6098,algoQD,60,169,0.9999097263663066,5.4429585905745625
6099,algoQD,60,169,0.9999097263663066,6.426966205704957
6100,algoQD,61,169,0.9999097263663066,6.396802507806569
6101,algoQD,61,169,0.9999097263663066,5.735270126722753
6102,algoQD,61,169,0.9999097263663066,5.487247404176742
6103,algoQD,61,169,0.9999097263663066,6.25856991391629
6104,algoQD,61,169,0.9999097263663066,5.1736338823102415
6105,algoQD,61,169,0.9999097263663066,6.281393845099956
6106,algoQD,61,169,0.9999097263663066,5.861680896952748
6107,algoQD,61,169,0.9999097263663066,6.179038300178945
6108,algoQD,61,169,0.9999097263663066,5.2680194191634655
6109,algoQD,61,169,0.9999097263663066,5.300620922353119
6110,algoQD,61,169,0.9999097263663066,5.77868552878499
6111,algoQD,61,169,0.9999097263663066,5.79749107779935
6112,algoQD,61,169,0.9999097263663066,6.099669403396547
6113,algoQD,61,169,0.9999097263663066,5.934327573981136
6114,algoQD,61,169,0.9999097263663066,5.32275956729427
6115,algoQD,61,169,0.9999097263663066,5.749204322230071
6116,algoQD,61,169,0.9999097263663066,4.990600519813597
6117,algoQD,61,169,0.9999097263663066,6.065086887683719
6118,algoQD,61,169,0.9999097263663066,5.499382327776402
6119,algoQD,61,169,0.9999097263663066,5.252864398062229
6120,algoQD,61,169,0.9999097263663066,5.49599994905293
6121,algoQD,61,169,0.9999097263663066,4.935070348903537
6122,algoQD,61,169,0.9999097263663066,5.557145378086716
6123,algoQD,61,169,0.9999097263663066,4.941254694014788
6124,algoQD,61,169,0.9999097263663066,5.12492785602808
6125,algoQD,61,169,0.9999097263663066,5.73249994404614
6126,algoQD,61,169,0.9999097263663066,6.243411015719175
6127,algoQD,61,169,0.9999097263663066,5.48736956436187
6128,algoQD,61,169,0.9999097263663066,5.186567868106067
6129,algoQD,61,169,0.9999097263663066,5.292367168702185
6130,algoQD,61,169,0.9999097263663066,5.160648057702929
6131,algoQD,61,169,0.9999097263663066,4.839726913720369
6132,algoQD,61,169,0.9999097263663066,5.76830313494429
6133,algoQD,61,169,0.9999097263663066,5.253776511177421
6134,algoQD,61,169,0.9999097263663066,5.602081621997058
6135,algoQD,61,169,0.9999097263663066,6.057439760770649
6136,algoQD,61,169,0.9999097263663066,5.267926123924553
6137,algoQD,61,169,0.9999097263663066,5.65997877297923
6138,algoQD,61,169,0.9999097263663066,5.16865864302963
6139,algoQD,61,169,0.9999097263663066,5.403971384745091
6140,algoQD,61,170,0.9999097263663066,5.687364040873945
6141,algoQD,61,170,0.9999097263663066,5.318534515332431
6142,algoQD,61,170,0.9999097263663066,4.97906543686986
6143,algoQD,61,170,0.9999097263663066,5.840893554966897
6144,algoQD,61,170,0.9999097263663066,6.419935221783817
6145,algoQD,61,170,0.9999097263663066,5.304634364787489
6146,algoQD,61,170,0.9999097263663066,5.035018153954297
6147,algoQD,61,170,0.9999097263663066,5.750579810235649
6148,algoQD,61,170,0.9999097263663066,5.600863260682672
6149,algoQD,61,170,0.9999097263663066,5.762228657957166
6150,algoQD,61,170,0.9999097263663066,5.153288145083934
6151,algoQD,61,170,0.9999097263663066,6.037431421224028
6152,algoQD,61,170,0.9999097263663066,5.4859800091944635
6153,algoQD,61,170,0.9999097263663066,5.7610166775994
6154,algoQD,61,170,0.9999097263663066,4.909734394401312
6155,algoQD,61,170,0.9999097263663066,5.480085323099047
6156,algoQD,61,170,0.9999097263663066,5.062101210933179
6157,algoQD,61,170,0.9999097263663066,5.825952477753162
6158,algoQD,61,170,0.9999097263663066,4.914248812012374
6159,algoQD,61,170,0.9999097263663066,5.17303406028077
6160,algoQD,61,170,0.9999097263663066,4.970889089629054
6161,algoQD,61,170,0.9999097263663066,5.64484143583104
6162,algoQD,61,170,0.9999097263663066,5.801511873025447
6163,algoQD,61,170,0.9999097263663066,5.5941369528882205
6164,algoQD,61,170,0.9999097263663066,5.35792001336813
6165,algoQD,61,170,0.9999097263663066,5.265740704257041
6166,algoQD,61,170,0.9999097263663066,5.4909351002424955
6167,algoQD,61,170,0.9999097263663066,5.675429663620889
6168,algoQD,61,170,0.9999097263663066,5.32454325677827
6169,algoQD,61,170,0.9999097263663066,4.973223358858377
6170,algoQD,61,170,0.9999097263663066,4.868046275340021
6171,algoQD,61,170,0.9999097263663066,4.659676213748753
6172,algoQD,61,170,0.9999097263663066,5.632514835800976
6173,algoQD,61,170,0.9999097263663066,5.093662498984486
6174,algoQD,61,170,0.9999097263663066,5.8621859909035265
6175,algoQD,61,170,0.9999097263663066,5.733384544029832
6176,algoQD,61,170,0.9999097263663066,5.4638474942184985
6177,algoQD,61,170,0.9999097263663066,5.664145044051111
6178,algoQD,61,170,0.9999097263663066,5.651977247092873
6179,algoQD,61,170,0.9999097263663066,5.0772488680668175
6180,algoQD,61,170,0.9999097263663066,5.627311205957085
6181,algoQD,61,170,0.9999097263663066,5.616548713762313
6182,algoQD,61,170,0.9999097263663066,5.532142860349268
6183,algoQD,61,170,0.9999097263663066,5.379503258969635
6184,algoQD,61,170,0.9999097263663066,5.106736658141017
6185,algoQD,61,170,0.9999097263663066,5.5215387479402125
6186,algoQD,61,170,0.9999097263663066,5.10880786087364
6187,algoQD,61,170,0.9999097263663066,4.84992624213919
6188,algoQD,61,170,0.9999097263663066,5.466197063680738
6189,algoQD,61,170,0.9999097263663066,5.68681599618867
6190,algoQD,61,170,0.9999097263663066,4.97453005798161
6191,algoQD,61,170,0.9999097263663066,4.996093827299774
6192,algoQD,61,170,0.9999097263663066,5.618254547007382
6193,algoQD,61,170,0.9999097263663066,5.030548580922186
6194,algoQD,61,170,0.9999097263663066,5.586801744997501
6195,algoQD,61,170,0.9999097263663066,5.108427030034363
6196,algoQD,61,170,0.9999097263663066,4.819361237343401
6197,algoQD,61,170,0.9999097263663066,5.315858759917319
6198,algoQD,61,170,0.9999097263663066,4.861699604894966
6199,algoQD,61,170,0.9999097263663066,5.483681917190552
6200,algoQD,62,170,0.9999097263663066,5.073737544007599
6201,algoQD,62,170,0.9999097263663066,5.685061281081289
6202,algoQD,62,170,0.9999097263663066,4.948134531266987
6203,algoQD,62,170,0.9999097263663066,5.809376209974289
6204,algoQD,62,170,0.9999097263663066,5.499503597151488
6205,algoQD,62,170,0.9999097263663066,5.521418660879135
6206,algoQD,62,170,0.9999097263663066,5.548913273960352
6207,algoQD,62,170,0.9999097263663066,5.060418352019042
6208,algoQD,62,170,0.9999097263663066,5.997288132086396
6209,algoQD,62,170,0.9999097263663066,5.43757794611156
6210,algoQD,62,170,0.9999097263663066,4.946635398082435
6211,algoQD,62,170,0.9999097263663066,4.966380352154374
6212,algoQD,62,170,0.9999097263663066,4.742193849757314
6213,algoQD,62,170,0.9999097263663066,5.218103856779635
6214,algoQD,62,170,0.9999097263663066,4.975921106990427
6215,algoQD,62,170,0.9999097263663066,5.190019248984754
6216,algoQD,62,170,0.9999097263663066,4.803578019142151
6217,algoQD,62,170,0.9999097263663066,4.762027299962938
6218,algoQD,62,170,0.9999097263663066,5.459709266666323
6219,algoQD,62,170,0.9999097263663066,5.493753063958138
6220,algoQD,62,170,0.9999097263663066,5.800801390781999
6221,algoQD,62,170,0.9999097263663066,5.479505606926978
6222,algoQD,62,170,0.9999097263663066,5.5445147738792
6223,algoQD,62,170,0.9999097263663066,5.220503089949489
6224,algoQD,62,170,0.9999097263663066,5.193236084654927
6225,algoQD,62,170,0.9999097263663066,4.9472817103378475
6226,algoQD,62,170,0.9999097263663066,5.073401220142841
6227,algoQD,62,170,0.9999097263663066,5.405119942966849
6228,algoQD,62,170,0.9999097263663066,5.875863912049681
6229,algoQD,62,170,0.9999097263663066,4.825638916809112
6230,algoQD,62,170,0.9999097263663066,5.624749226961285
6231,algoQD,62,170,0.9999097263663066,5.403771907091141
6232,algoQD,62,170,0.9999097263663066,5.027517945040017
6233,algoQD,62,170,0.9999097263663066,5.9452575938776135
6234,algoQD,62,170,0.9999097263663066,6.097798618953675
6235,algoQD,62,170,0.9999097263663066,6.0016068504191935
6236,algoQD,62,170,0.9999097263663066,5.337960554752499
6237,algoQD,62,170,0.9999097263663066,6.146564850118011
6238,algoQD,62,170,0.9999097263663066,5.252165707759559
6239,algoQD,62,170,0.9999097263663066,5.946285103913397
6240,algoQD,62,170,0.9999097263663066,6.334304866846651
6241,algoQD,62,170,0.9999097263663066,6.067310499958694
6242,algoQD,62,170,0.9999097263663066,6.0198905928991735
6243,algoQD,62,170,0.9999097263663066,5.6619891920126975
6244,algoQD,62,170,0.9999097263663066,5.216705476399511
6245,algoQD,62,170,0.9999097263663066,5.678251465316862
6246,algoQD,62,170,0.9999097263663066,5.946436170022935
6247,algoQD,62,170,0.9999097263663066,5.304800888989121
6248,algoQD,62,170,0.9999097263663066,5.563982051797211
6249,algoQD,62,170,0.9999097263663066,5.033573366235942
6250,algoQD,62,170,0.9999097263663066,5.826723273843527
6251,algoQD,62,170,0.9999097263663066,5.231001772917807
6252,algoQD,62,170,0.9999097263663066,6.118352660909295
6253,algoQD,62,170,0.9999097263663066,5.236112229991704
6254,algoQD,62,170,0.9999097263663066,5.344155468046665
6255,algoQD,62,170,0.9999097263663066,5.395120383705944
6256,algoQD,62,170,0.9999097263663066,4.987564063165337
6257,algoQD,62,170,0.9999097263663066,5.783809348009527
6258,algoQD,62,170,0.9999097263663066,5.344608502928168
6259,algoQD,62,170,0.9999097263663066,5.528021144215018
6260,algoQD,62,170,0.9999097263663066,5.694824996870011
6261,algoQD,62,170,0.9999097263663066,5.27575793908909
6262,algoQD,62,170,0.9999097263663066,5.218281593173742
6263,algoQD,62,170,0.9999097263663066,5.691290528979152
6264,algoQD,62,170,0.9999097263663066,4.988237084820867
6265,algoQD,62,170,0.9999097263663066,5.384897320065647
6266,algoQD,62,170,0.9999097263663066,5.736837538890541
6267,algoQD,62,170,0.9999097263663066,5.805696079041809
6268,algoQD,62,170,0.9999097263663066,5.551157583948225
6269,algoQD,62,170,0.9999097263663066,6.4842021581716835
6270,algoQD,62,170,0.9999097263663066,5.059729611035436
6271,algoQD,62,170,0.9999097263663066,5.7346240556798875
6272,algoQD,62,170,0.9999097263663066,5.4494976052083075
6273,algoQD,62,170,0.9999097263663066,5.381163244135678
6274,algoQD,62,170,0.9999097263663066,5.662525305058807
6275,algoQD,62,170,0.9999097263663066,6.007724959403276
6276,algoQD,62,170,0.9999097263663066,5.773913693148643
6277,algoQD,62,170,0.9999097263663066,5.5633125472813845
6278,algoQD,62,171,0.9999097263663066,6.045331556815654
6279,algoQD,62,171,0.9999097263663066,5.618312125094235
6280,algoQD,62,171,0.9999097263663066,5.770403071772307
6281,algoQD,62,171,0.9999097263663066,5.25037596700713
6282,algoQD,62,171,0.9999097263663066,5.296042430214584
6283,algoQD,62,171,0.9999097263663066,6.091634694021195
6284,algoQD,62,171,0.9999097263663066,5.409033557865769
6285,algoQD,62,171,0.9999097263663066,5.818835842888802
6286,algoQD,62,171,0.9999097263663066,6.0245512668043375
6287,algoQD,62,171,0.9999097263663066,5.000226755160838
6288,algoQD,62,171,0.9999097263663066,5.521420925389975
6289,algoQD,62,171,0.9999097263663066,5.639809939078987
6290,algoQD,62,171,0.9999097263663066,6.069589335937053
6291,algoQD,62,171,0.9999097263663066,5.185087251011282
6292,algoQD,62,171,0.9999097263663066,5.618920556269586
6293,algoQD,62,171,0.9999097263663066,5.787491645663977
6294,algoQD,62,171,0.9999097263663066,6.07870224211365
6295,algoQD,62,171,0.9999097263663066,5.973463549744338
6296,algoQD,62,171,0.9999097263663066,5.194879631046206
6297,algoQD,62,171,0.9999097263663066,5.1864681779406965
6298,algoQD,62,171,0.9999097263663066,5.563548183999956
6299,algoQD,62,171,0.9999097263663066,5.1041133920662105
6300,algoQD,63,171,0.9999097263663066,5.4884734698571265
6301,algoQD,63,171,0.9999097263663066,5.329243345651776
6302,algoQD,63,171,0.9999097263663066,6.315683024004102
6303,algoQD,63,171,0.9999097263663066,5.096647426020354
6304,algoQD,63,171,0.9999097263663066,5.5983566250652075
6305,algoQD,63,171,0.9999097263663066,5.530270623974502
6306,algoQD,63,171,0.9999097263663066,5.305717620067298
6307,algoQD,63,171,0.9999097263663066,5.034859724808484
6308,algoQD,63,171,0.9999097263663066,5.070193939376622
6309,algoQD,63,171,0.9999097263663066,5.5366621990688145
6310,algoQD,63,171,0.9999097263663066,5.184766795951873
6311,algoQD,63,171,0.9999097263663066,5.278430649079382
6312,algoQD,63,171,0.9999097263663066,5.616367171984166
6313,algoQD,63,171,0.9999097263663066,5.381093522999436
6314,algoQD,63,171,0.9999097263663066,5.525982303079218
6315,algoQD,63,171,0.9999097263663066,5.040506573859602
6316,algoQD,63,171,0.9999097263663066,4.96482054470107
6317,algoQD,63,171,0.9999097263663066,5.633580822031945
6318,algoQD,63,171,0.9999097263663066,5.0437711090780795
6319,algoQD,63,171,0.9999097263663066,6.064850353170186
6320,algoQD,63,171,0.9999097263663066,5.172522824257612
6321,algoQD,63,171,0.9999097263663066,5.479739849921316
6322,algoQD,63,171,0.9999097263663066,5.117220445070416
6323,algoQD,63,171,0.9999097263663066,5.995267223101109
6324,algoQD,63,171,0.9999097263663066,6.055126290768385
6325,algoQD,63,171,0.9999097263663066,5.634882841259241
6326,algoQD,63,171,0.9999097263663066,6.540997396688908
6327,algoQD,63,172,0.9999097263663066,6.0605216841213405
6328,algoQD,63,172,0.9999097263663066,6.742860815022141
6329,algoQD,63,172,0.9999097263663066,5.472366290166974
6330,algoQD,63,172,0.9999097263663066,5.993995271157473
6331,algoQD,63,172,0.9999097263663066,6.1485737562179565
6332,algoQD,63,172,0.9999097263663066,6.14894214225933
6333,algoQD,63,173,0.9999097263663066,6.2197988159023225
6334,algoQD,63,173,0.9999097263663066,6.266614533029497
6335,algoQD,63,173,0.9999097263663066,5.1662258971482515
6336,algoQD,63,173,0.9999097263663066,5.7994832107797265
6337,algoQD,63,173,0.9999097263663066,5.522388102021068
6338,algoQD,63,173,0.9999097263663066,5.372955339029431
6339,algoQD,63,173,0.9999097263663066,5.794005180709064
6340,algoQD,63,173,0.9999097263663066,5.919752447400242
6341,algoQD,63,173,0.9999097263663066,5.648517100140452
6342,algoQD,63,173,0.9999097263663066,6.170975016895682
6343,algoQD,63,173,0.9999097263663066,6.373772779945284
6344,algoQD,63,173,0.9999097263663066,6.371933484915644
6345,algoQD,63,173,0.9999097263663066,5.947397917043418
6346,algoQD,63,173,0.9999097263663066,5.3194068828597665
6347,algoQD,63,173,0.9999097263663066,5.383872813079506
6348,algoQD,63,173,0.9999097263663066,6.300916687119752
6349,algoQD,63,173,0.9999097263663066,5.494657612871379
6350,algoQD,63,173,0.9999097263663066,5.485003974754363
6351,algoQD,63,173,0.9999097263663066,5.505612258799374
6352,algoQD,63,173,0.9999097263663066,5.129102342296392
6353,algoQD,63,173,0.9999097263663066,5.308026472106576
6354,algoQD,63,173,0.9999097263663066,5.616616532206535
6355,algoQD,63,173,0.9999097263663066,5.352627865038812
6356,algoQD,63,173,0.9999097263663066,5.020102394744754
6357,algoQD,63,173,0.9999097263663066,5.326404912862927
6358,algoQD,63,173,0.9999097263663066,6.069095071870834
6359,algoQD,63,173,0.9999097263663066,6.15675779664889
6360,algoQD,63,173,0.9999097263663066,5.414527619257569
6361,algoQD,63,173,0.9999097263663066,5.490920091047883
6362,algoQD,63,173,0.9999097263663066,5.950594855006784
6363,algoQD,63,173,0.9999097263663066,5.554073925130069
6364,algoQD,63,173,0.9999097263663066,5.3428354151546955
6365,algoQD,63,173,0.9999097263663066,5.415523729752749
6366,algoQD,63,173,0.9999097263663066,5.998904052656144
6367,algoQD,63,173,0.9999097263663066,5.587740448303521
6368,algoQD,63,173,0.9999097263663066,5.694018232170492
6369,algoQD,63,173,0.9999097263663066,5.872961468063295
6370,algoQD,63,173,0.9999097263663066,5.437621979042888
6371,algoQD,63,173,0.9999097263663066,5.372257168870419
6372,algoQD,63,173,0.9999097263663066,4.872318827081472
6373,algoQD,63,173,0.9999097263663066,5.21588824223727
6374,algoQD,63,173,0.9999097263663066,6.006177044007927
6375,algoQD,63,173,0.9999097263663066,4.967516810167581
6376,algoQD,63,173,0.9999097263663066,5.832079171203077
6377,algoQD,63,173,0.9999097263663066,5.136025492101908
6378,algoQD,63,173,0.9999097263663066,5.567716207820922
6379,algoQD,63,173,0.9999097263663066,5.802762615960091
6380,algoQD,63,173,0.9999097263663066,5.13961396086961
6381,algoQD,63,173,0.9999097263663066,5.422810446005315
6382,algoQD,63,174,0.9999097263663066,5.893346491269767
6383,algoQD,63,174,0.9999097263663066,4.957028252072632
6384,algoQD,63,174,0.9999097263663066,5.515682955738157
6385,algoQD,63,174,0.9999097263663066,5.003086979035288
6386,algoQD,63,174,0.9999097263663066,5.375278256833553
6387,algoQD,63,174,0.9999097263663066,5.228709973860532
6388,algoQD,63,174,0.9999097263663066,6.150405916851014
6389,algoQD,63,174,0.9999097263663066,5.635633369907737
6390,algoQD,63,174,0.9999097263663066,5.130117209162563
6391,algoQD,63,174,0.9999097263663066,4.864905851893127
6392,algoQD,63,174,0.9999097263663066,5.232133140787482
6393,algoQD,63,174,0.9999097263663066,5.443804819136858
6394,algoQD,63,174,0.9999097263663066,5.586694411933422
6395,algoQD,63,174,0.9999097263663066,5.689663054887205
6396,algoQD,63,174,0.9999097263663066,5.0291997021995485
6397,algoQD,63,174,0.9999097263663066,5.8056825515814126
6398,algoQD,63,174,0.9999097263663066,5.700145548209548
6399,algoQD,63,174,0.9999097263663066,5.846430986654013
6400,algoQD,64,174,0.9999097263663066,5.022888308390975
6401,algoQD,64,174,0.9999097263663066,6.094541576225311
6402,algoQD,64,174,0.9999097263663066,5.569604114629328
6403,algoQD,64,174,0.9999097263663066,5.887121971230954
6404,algoQD,64,174,0.9999097263663066,5.516034469008446
6405,algoQD,64,174,0.9999097263663066,5.292472016997635
6406,algoQD,64,174,0.9999097263663066,5.534247888252139
6407,algoQD,64,174,0.9999097263663066,5.8749766163527966
6408,algoQD,64,174,0.9999097263663066,5.2445996343158185
6409,algoQD,64,174,0.9999097263663066,5.498679391108453
6410,algoQD,64,174,0.9999097263663066,5.16797441104427
6411,algoQD,64,174,0.9999097263663066,5.157007611356676
6412,algoQD,64,174,0.9999097263663066,5.993797932751477
6413,algoQD,64,174,0.9999097263663066,5.082956171128899
6414,algoQD,64,174,0.9999097263663066,5.471706926357001
6415,algoQD,64,174,0.9999097263663066,6.140269733965397
6416,algoQD,64,174,0.9999097263663066,5.745657776016742
6417,algoQD,64,174,0.9999097263663066,5.387095774989575
6418,algoQD,64,174,0.9999097263663066,5.487523367162794
6419,algoQD,64,174,0.9999097263663066,5.505780037958175
6420,algoQD,64,174,0.9999097263663066,5.737891163676977
6421,algoQD,64,174,0.9999097263663066,6.036540183238685
6422,algoQD,64,174,0.9999097263663066,5.485186961945146
6423,algoQD,64,174,0.9999097263663066,5.5764533882029355
6424,algoQD,64,174,0.9999097263663066,5.151357799768448
6425,algoQD,64,174,0.9999097263663066,5.222938031889498
6426,algoQD,64,174,0.9999097263663066,5.694498682860285
6427,algoQD,64,174,0.9999097263663066,5.8629215359687805
6428,algoQD,64,174,0.9999097263663066,5.370195374824107
6429,algoQD,64,174,0.9999097263663066,6.024629521649331
6430,algoQD,64,174,0.9999097263663066,5.440476884134114
6431,algoQD,64,174,0.9999097263663066,6.014397130347788
6432,algoQD,64,174,0.9999097263663066,6.200595512986183
6433,algoQD,64,174,0.9999097263663066,5.037862096913159
6434,algoQD,64,174,0.9999097263663066,5.4685569647699594
6435,algoQD,64,174,0.9999097263663066,4.972321285866201
6436,algoQD,64,174,0.9999097263663066,5.444012435153127
6437,algoQD,64,174,0.9999097263663066,5.6907735359855
6438,algoQD,64,174,0.9999097263663066,5.048836992122233
6439,algoQD,64,174,0.9999097263663066,4.9888442507945
6440,algoQD,64,174,0.9999097263663066,4.594504015985876
6441,algoQD,64,174,0.9999097263663066,5.161785549018532
6442,algoQD,64,174,0.9999097263663066,5.906953523866832
6443,algoQD,64,174,0.9999097263663066,5.206105370074511
6444,algoQD,64,174,0.9999097263663066,5.306880146730691
6445,algoQD,64,174,0.9999097263663066,5.728724914602935
6446,algoQD,64,174,0.9999097263663066,5.327463355846703
6447,algoQD,64,174,0.9999097263663066,5.610597193241119
6448,algoQD,64,174,0.9999097263663066,5.465714274905622
6449,algoQD,64,174,0.9999097263663066,5.642687778919935
6450,algoQD,64,174,0.9999097263663066,5.742367669939995
6451,algoQD,64,174,0.9999097263663066,5.476363294292241
6452,algoQD,64,174,0.9999097263663066,5.907408893108368
6453,algoQD,64,175,0.9999097263663066,5.210376440081745
6454,algoQD,64,175,0.9999097263663066,5.789638697169721
6455,algoQD,64,175,0.9999097263663066,5.1263897977769375
6456,algoQD,64,175,0.9999097263663066,5.810748869087547
6457,algoQD,64,175,0.9999097263663066,6.3689224338158965
6458,algoQD,64,175,0.9999097263663066,5.104686574079096
6459,algoQD,64,175,0.9999097263663066,5.979047284927219
6460,algoQD,64,175,0.9999097263663066,5.8646009881049395
6461,algoQD,64,175,0.9999097263663066,5.937300115358084
6462,algoQD,64,176,0.9999097263663066,5.817572040017694
6463,algoQD,64,176,0.9999097263663066,6.2055478896945715
6464,algoQD,64,176,0.9999097263663066,5.56045717606321
6465,algoQD,64,176,0.9999097263663066,5.661409530322999
6466,algoQD,64,176,0.9999097263663066,6.065260412171483
6467,algoQD,64,176,0.9999097263663066,6.7528880489990115
6468,algoQD,64,176,0.9999097263663066,6.586159437894821
6469,algoQD,64,176,0.9999097263663066,5.435462991707027
6470,algoQD,64,176,0.9999097263663066,6.144691677764058
6471,algoQD,64,176,0.9999097263663066,5.601845409255475
6472,algoQD,64,176,0.9999097263663066,6.275052421260625
6473,algoQD,64,176,0.9999097263663066,6.483590540941805
6474,algoQD,64,176,0.9999097263663066,5.902737697120756
6475,algoQD,64,176,0.9999097263663066,6.13237961800769
6476,algoQD,64,176,0.9999097263663066,6.468907861970365
6477,algoQD,64,176,0.9999097263663066,6.078510416205972
6478,algoQD,64,176,0.9999097263663066,5.820921035949141
6479,algoQD,64,176,0.9999097263663066,5.774133444298059
6480,algoQD,64,176,0.9999097263663066,6.025609663221985
6481,algoQD,64,176,0.9999097263663066,6.253723495174199
6482,algoQD,64,176,0.9999097263663066,6.539322501979768
6483,algoQD,64,176,0.9999097263663066,6.182626787107438
6484,algoQD,64,176,0.9999097263663066,6.0835957317613065
6485,algoQD,64,176,0.9999097263663066,5.395818934775889
6486,algoQD,64,176,0.9999097263663066,6.2594085447490215
6487,algoQD,64,176,0.9999097263663066,6.107007524929941
6488,algoQD,64,176,0.9999097263663066,6.165415121242404
6489,algoQD,64,176,0.9999097263663066,5.610742007847875
6490,algoQD,64,176,0.9999097263663066,5.080715647898614
6491,algoQD,64,176,0.9999097263663066,5.791653393302113
6492,algoQD,64,176,0.9999097263663066,6.196756341028959
6493,algoQD,64,176,0.9999097263663066,5.386955549009144
6494,algoQD,64,176,0.9999097263663066,6.443949338980019
6495,algoQD,64,176,0.9999097263663066,5.236224802676588
6496,algoQD,64,176,0.9999097263663066,5.225006429012865
6497,algoQD,64,176,0.9999097263663066,6.267602956853807
6498,algoQD,64,176,0.9999097263663066,5.926896400284022
6499,algoQD,64,177,0.9999097263663066,6.33992298739031
6500,algoQD,65,177,0.9999097263663066,4.862890623044223
6501,algoQD,65,177,0.9999097263663066,6.089891977142543
6502,algoQD,65,177,0.9999097263663066,5.318617633078247
6503,algoQD,65,177,0.9999097263663066,5.344621210359037
6504,algoQD,65,177,0.9999097263663066,6.103781057987362
6505,algoQD,65,177,0.9999097263663066,5.2040408896282315
6506,algoQD,65,177,0.9999097263663066,5.475242455024272
6507,algoQD,65,177,0.9999097263663066,5.608499140013009
6508,algoQD,65,177,0.9999097263663066,5.356997000053525
6509,algoQD,65,177,0.9999097263663066,5.253784947562963
6510,algoQD,65,177,0.9999097263663066,5.159107118844986
6511,algoQD,65,177,0.9999097263663066,5.311354882083833
6512,algoQD,65,177,0.9999097263663066,5.153758281841874
6513,algoQD,65,177,0.9999097263663066,4.859090785030276
6514,algoQD,65,177,0.9999097263663066,6.033063775859773
6515,algoQD,65,177,0.9999097263663066,5.169449509121478
6516,algoQD,65,177,0.9999097263663066,5.233368057291955
6517,algoQD,65,177,0.9999097263663066,5.108328075148165
6518,algoQD,65,177,0.9999097263663066,5.704435888212174
6519,algoQD,65,177,0.9999097263663066,5.3738974197767675
6520,algoQD,65,177,0.9999097263663066,5.045364791993052
6521,algoQD,65,177,0.9999097263663066,5.117570918053389
6522,algoQD,65,177,0.9999097263663066,5.525672740768641
6523,algoQD,65,177,0.9999097263663066,4.947398419026285
6524,algoQD,65,177,0.9999097263663066,5.75806632777676
6525,algoQD,65,177,0.9999097263663066,6.054337555076927
6526,algoQD,65,177,0.9999097263663066,5.904586209915578
6527,algoQD,65,177,0.9999097263663066,5.284251186996698
6528,algoQD,65,177,0.9999097263663066,5.254728080704808
6529,algoQD,65,177,0.9999097263663066,5.014791160821915
6530,algoQD,65,177,0.9999097263663066,6.0242854109965265
6531,algoQD,65,177,0.9999097263663066,5.716854298952967
6532,algoQD,65,177,0.9999097263663066,5.6039889780804515
6533,algoQD,65,177,0.9999097263663066,5.911277631763369
6534,algoQD,65,177,0.9999097263663066,5.479668878018856
6535,algoQD,65,177,0.9999097263663066,6.296660213731229
6536,algoQD,65,177,0.9999097263663066,6.123251692857593
6537,algoQD,65,177,0.9999097263663066,5.65962521918118
6538,algoQD,65,177,0.9999097263663066,5.55599602824077
6539,algoQD,65,177,0.9999097263663066,5.943964614998549
6540,algoQD,65,177,0.9999097263663066,5.909022231120616
6541,algoQD,65,177,0.9999097263663066,5.823182488791645
6542,algoQD,65,177,0.9999097263663066,5.253106116782874
6543,algoQD,65,177,0.9999097263663066,6.203466547653079
6544,algoQD,65,177,0.9999097263663066,6.468342382926494
6545,algoQD,65,177,0.9999097263663066,5.591999827884138
6546,algoQD,65,177,0.9999097263663066,5.611030260100961
6547,algoQD,65,177,0.9999097263663066,6.131262748036534
6548,algoQD,65,177,0.9999097263663066,6.56122586177662
6549,algoQD,65,177,0.9999097263663066,5.474580083973706
6550,algoQD,65,177,0.9999097263663066,6.465424860827625
6551,algoQD,65,177,0.9999097263663066,4.590418207924813
6552,algoQD,65,177,0.9999097263663066,5.707261146046221
6553,algoQD,65,177,0.9999097263663066,6.082508038263768
6554,algoQD,65,177,0.9999097263663066,5.672983948141336
6555,algoQD,65,177,0.9999097263663066,5.672523627988994
6556,algoQD,65,177,0.9999097263663066,5.042577866930515
6557,algoQD,65,177,0.9999097263663066,5.452917308080941
6558,algoQD,65,177,0.9999097263663066,5.21002898318693
6559,algoQD,65,177,0.9999097263663066,4.9680431839078665
6560,algoQD,65,177,0.9999097263663066,5.192176604177803
6561,algoQD,65,177,0.9999097263663066,5.375589496921748
6562,algoQD,65,177,0.9999097263663066,5.528226465918124
6563,algoQD,65,177,0.9999097263663066,5.764936028979719
6564,algoQD,65,177,0.9999097263663066,5.360256678890437
6565,algoQD,65,177,0.9999097263663066,5.229020603001118
6566,algoQD,65,177,0.9999097263663066,4.991860007867217
6567,algoQD,65,177,0.9999097263663066,5.574978080112487
6568,algoQD,65,177,0.9999097263663066,6.166565963067114
6569,algoQD,65,177,0.9999097263663066,5.602579907048494
6570,algoQD,65,177,0.9999097263663066,5.466104302089661
6571,algoQD,65,177,0.9999097263663066,6.08462184201926
6572,algoQD,65,177,0.9999097263663066,5.351684123277664
6573,algoQD,65,177,0.9999097263663066,5.2785959020257
6574,algoQD,65,177,0.9999097263663066,5.317325992044061
6575,algoQD,65,177,0.9999097263663066,6.3250917266123
6576,algoQD,65,177,0.9999896761719899,5.502643725834787
6577,algoQD,65,177,0.9999896761719899,6.143284468911588
6578,algoQD,65,177,0.9999896761719899,5.475662969984114
6579,algoQD,65,177,0.9999896761719899,6.192263924051076
6580,algoQD,65,177,0.9999896761719899,5.543875048868358
6581,algoQD,65,177,0.9999896761719899,5.496909289155155
6582,algoQD,65,177,0.9999896761719899,6.8807233707048
6583,algoQD,65,177,0.9999896761719899,5.594240370672196
6584,algoQD,65,177,0.9999896761719899,6.35633249906823
6585,algoQD,65,177,0.9999896761719899,6.556477982085198
6586,algoQD,65,177,0.9999896761719899,5.8405799977481365
6587,algoQD,65,177,0.9999896761719899,6.823441621847451
6588,algoQD,65,177,0.9999896761719899,5.966190895996988
6589,algoQD,65,177,0.9999896761719899,5.987805161159486
6590,algoQD,65,177,0.9999896761719899,5.9076001537032425
6591,algoQD,65,177,0.9999896761719899,6.395072679035366
6592,algoQD,65,177,0.9999896761719899,5.421654684934765
6593,algoQD,65,177,0.9999896761719899,6.200403803959489
6594,algoQD,65,177,0.9999896761719899,6.686174037866294
6595,algoQD,65,177,0.9999896761719899,5.562641883268952
6596,algoQD,65,177,0.9999896761719899,5.927010651212186
6597,algoQD,65,177,0.9999896761719899,6.74298051930964
6598,algoQD,65,177,0.9999896761719899,5.634042095858604
6599,algoQD,65,177,0.9999896761719899,6.191438105888665
6600,algoQD,66,177,0.9999896761719899,5.440521549899131
6601,algoQD,66,177,0.9999896761719899,5.691613832022995
6602,algoQD,66,177,0.9999896761719899,5.704795994795859
6603,algoQD,66,177,0.9999896761719899,5.482446315232664
6604,algoQD,66,177,0.9999896761719899,6.191067837178707
6605,algoQD,66,177,0.9999896761719899,5.907868447247893
6606,algoQD,66,177,0.9999896761719899,5.602064894046634
6607,algoQD,66,177,0.9999896761719899,5.9814600381068885
6608,algoQD,66,177,0.9999896761719899,5.633148286025971
6609,algoQD,66,177,0.9999896761719899,5.518238686025143
6610,algoQD,66,177,0.9999896761719899,6.18286495981738
6611,algoQD,66,177,0.9999896761719899,6.3641423638910055
6612,algoQD,66,177,0.9999896761719899,6.162075814325362
6613,algoQD,66,177,0.9999896761719899,6.2229803670197725
6614,algoQD,66,177,0.9999896761719899,5.279134523123503
6615,algoQD,66,177,0.9999896761719899,5.685235732235014
6616,algoQD,66,177,0.9999896761719899,5.992687278892845
6617,algoQD,66,177,0.9999896761719899,5.620809776242822
6618,algoQD,66,177,0.9999896761719899,6.585398830007762
6619,algoQD,66,177,0.9999896761719899,5.7555262870155275
6620,algoQD,66,177,0.9999896761719899,6.16394853265956
6621,algoQD,66,177,0.9999896761719899,5.664917026180774
6622,algoQD,66,177,0.9999896761719899,6.389217205811292
6623,algoQD,66,177,0.9999896761719899,5.406389025039971
6624,algoQD,66,177,0.9999896761719899,6.183140209876001
6625,algoQD,66,177,0.9999896761719899,5.063237553928047
6626,algoQD,66,178,0.9999896761719899,5.632900819648057
6627,algoQD,66,178,0.9999896761719899,5.540936306118965
6628,algoQD,66,178,0.9999896761719899,5.848823809064925
6629,algoQD,66,178,0.9999896761719899,5.914230436086655
6630,algoQD,66,178,0.9999896761719899,5.284044888801873
6631,algoQD,66,178,0.9999896761719899,5.820222252979875
6632,algoQD,66,178,0.9999896761719899,6.478302731178701
6633,algoQD,66,178,0.9999896761719899,6.280901042744517
6634,algoQD,66,178,0.9999896761719899,6.302989112213254
6635,algoQD,66,178,0.9999896761719899,6.316958562936634
6636,algoQD,66,178,0.9999896761719899,5.533529473934323
6637,algoQD,66,178,0.9999896761719899,5.7727979379706085
6638,algoQD,66,178,0.9999896761719899,5.638249043840915
6639,algoQD,66,178,0.9999896761719899,5.540735118091106
6640,algoQD,66,178,0.9999896761719899,6.384700062684715
6641,algoQD,66,178,0.9999896761719899,5.709198932629079
6642,algoQD,66,178,0.9999896761719899,5.605642152018845
6643,algoQD,66,178,0.9999896761719899,6.252564077265561
6644,algoQD,66,178,0.9999896761719899,6.081401271279901
6645,algoQD,66,178,0.9999896761719899,5.358820175752044
6646,algoQD,66,178,0.9999896761719899,5.284843558911234
6647,algoQD,66,178,0.9999896761719899,5.221160606015474
6648,algoQD,66,178,0.9999896761719899,5.705961698666215
6649,algoQD,66,178,0.9999896761719899,6.0710788001306355
6650,algoQD,66,178,0.9999896761719899,5.561663575936109
6651,algoQD,66,178,0.9999896761719899,5.42212432436645
6652,algoQD,66,178,0.9999896761719899,6.064272719901055
6653,algoQD,66,178,0.9999896761719899,6.4646716471761465
6654,algoQD,66,178,0.9999896761719899,5.679264090023935
6655,algoQD,66,178,0.9999896761719899,5.764742128085345
6656,algoQD,66,178,0.9999896761719899,5.663012235891074
6657,algoQD,66,178,0.9999896761719899,6.494043527636677
6658,algoQD,66,178,0.9999896761719899,5.4323154971934855
6659,algoQD,66,178,0.9999896761719899,6.5755489324219525
6660,algoQD,66,178,0.9999896761719899,5.406868010759354
6661,algoQD,66,178,0.9999896761719899,6.480541188735515
6662,algoQD,66,178,0.9999896761719899,5.883431599941105
6663,algoQD,66,178,0.9999896761719899,6.32274312293157
6664,algoQD,66,178,0.9999896761719899,6.234635656233877
6665,algoQD,66,178,0.9999896761719899,5.605883367359638
6666,algoQD,66,178,0.9999896761719899,6.190328309778124
6667,algoQD,66,178,0.9999896761719899,5.834197274874896
6668,algoQD,66,178,0.9999896761719899,6.539562194142491
6669,algoQD,66,178,0.9999896761719899,6.643837694078684
6670,algoQD,66,178,0.9999896761719899,5.733826060313731
6671,algoQD,66,178,0.9999896761719899,5.849393052980304
6672,algoQD,66,178,0.9999896761719899,5.627282095141709
6673,algoQD,66,178,0.9999896761719899,6.102243456989527
6674,algoQD,66,178,0.9999896761719899,5.3537906049750745
6675,algoQD,66,178,0.9999896761719899,6.137108536902815
6676,algoQD,66,178,0.9999896761719899,6.474539089016616
6677,algoQD,66,179,0.9999896761719899,6.1899761143140495
6678,algoQD,66,179,0.9999896761719899,5.864695374388248
6679,algoQD,66,179,0.9999896761719899,5.2473497237078846
6680,algoQD,66,179,0.9999896761719899,5.088953366037458
6681,algoQD,66,179,0.9999896761719899,5.983918162994087
6682,algoQD,66,179,0.9999896761719899,6.176901422906667
6683,algoQD,66,179,0.9999896761719899,5.322838579770178
6684,algoQD,66,179,0.9999896761719899,5.288660469930619
6685,algoQD,66,179,0.9999896761719899,5.847338763996959
6686,algoQD,66,179,0.9999896761719899,5.065098067745566
6687,algoQD,66,179,0.9999896761719899,5.685990730300546
6688,algoQD,66,179,0.9999896761719899,4.989725382067263
6689,algoQD,66,179,0.9999896761719899,5.938742205034941
6690,algoQD,66,179,0.9999896761719899,5.193658459000289
6691,algoQD,66,179,0.9999896761719899,5.816378430929035
6692,algoQD,66,179,0.9999896761719899,5.103428843896836
6693,algoQD,66,179,0.9999896761719899,5.983767458237708
6694,algoQD,66,179,0.9999896761719899,5.628712567035109
6695,algoQD,66,179,0.9999896761719899,5.604172172956169
6696,algoQD,66,179,0.9999896761719899,5.016561150085181
6697,algoQD,66,179,0.9999896761719899,6.170170457102358
6698,algoQD,66,179,0.9999896761719899,5.883307946845889
6699,algoQD,66,179,0.9999896761719899,6.419063434004784
6700,algoQD,67,179,0.9999896761719899,5.864858131855726
6701,algoQD,67,179,0.9999896761719899,6.116279033944011
6702,algoQD,67,179,0.9999896761719899,6.3654783787205815
6703,algoQD,67,179,0.9999896761719899,5.6677811071276665
6704,algoQD,67,179,0.9999896761719899,5.6852904059924185
6705,algoQD,67,179,0.9999896761719899,6.001509037334472
6706,algoQD,67,179,0.9999896761719899,6.812147359829396
6707,algoQD,67,179,0.9999896761719899,6.1978643871843815
6708,algoQD,67,179,0.9999896761719899,5.975738619919866
6709,algoQD,67,180,0.9999896761719899,6.382928897161037
6710,algoQD,67,180,0.9999896761719899,5.985477447975427
6711,algoQD,67,180,0.9999896761719899,5.830285864882171
6712,algoQD,67,180,0.9999896761719899,5.848068312276155
6713,algoQD,67,180,0.9999896761719899,5.485904931090772
6714,algoQD,67,180,0.9999896761719899,6.223537669982761
6715,algoQD,67,180,0.9999896761719899,5.879722654353827
6716,algoQD,67,180,0.9999896761719899,5.616934285033494
6717,algoQD,67,180,0.9999896761719899,5.749476186931133
6718,algoQD,67,180,0.9999896761719899,6.201351854018867
6719,algoQD,67,180,0.9999896761719899,6.173332631122321
6720,algoQD,67,180,0.9999896761719899,5.956653703935444
6721,algoQD,67,180,0.9999896761719899,5.964179391041398
6722,algoQD,67,180,0.9999896761719899,5.742500528693199
6723,algoQD,67,180,0.9999896761719899,5.7572879758663476
6724,algoQD,67,180,0.9999896761719899,6.431262452155352
6725,algoQD,67,180,0.9999896761719899,6.325047976337373
6726,algoQD,67,180,0.9999896761719899,5.646172281820327
6727,algoQD,67,180,0.9999896761719899,6.236777602694929
6728,algoQD,67,180,0.9999896761719899,6.115464152768254
6729,algoQD,67,180,0.9999896761719899,6.922082974109799
6730,algoQD,67,180,0.9999896761719899,5.903989268001169
6731,algoQD,67,180,0.9999896761719899,6.521265446208417
6732,algoQD,67,180,0.9999896761719899,5.926875574979931
6733,algoQD,67,180,0.9999896761719899,5.770137262064964
6734,algoQD,67,180,0.9999896761719899,6.581232528202236
6735,algoQD,67,180,0.9999896761719899,5.7679231483489275
6736,algoQD,67,180,0.9999896761719899,6.1417696718126535
6737,algoQD,67,180,0.9999896761719899,6.323890668805689
6738,algoQD,67,180,0.9999896761719899,5.718203556723893
6739,algoQD,67,180,0.9999896761719899,6.081692472100258
6740,algoQD,67,180,0.9999896761719899,6.184363801032305
6741,algoQD,67,180,0.9999896761719899,5.242520941887051
6742,algoQD,67,180,0.9999896761719899,5.477613605093211
6743,algoQD,67,180,0.9999896761719899,6.131292297039181
6744,algoQD,67,180,0.9999896761719899,5.647535908035934
6745,algoQD,67,180,0.9999896761719899,5.976382235065103
6746,algoQD,67,180,0.9999896761719899,5.829069838859141
6747,algoQD,67,180,0.9999896761719899,6.290489607024938
6748,algoQD,67,180,0.9999896761719899,5.548272727057338
6749,algoQD,67,180,0.9999896761719899,6.393555482849479
6750,algoQD,67,180,0.9999896761719899,6.165275188162923
6751,algoQD,67,180,0.9999896761719899,5.4170949617400765
6752,algoQD,67,180,0.9999896761719899,5.575990773737431
6753,algoQD,67,180,0.9999896761719899,5.537594734225422
6754,algoQD,67,180,0.9999896761719899,6.193382290191948
6755,algoQD,67,180,0.9999896761719899,5.854589520953596
6756,algoQD,67,180,0.9999896761719899,5.54748059110716
6757,algoQD,67,180,0.9999896761719899,5.217363383155316
6758,algoQD,67,180,0.9999896761719899,5.098601874895394
6759,algoQD,67,180,0.9999896761719899,5.439950420986861
6760,algoQD,67,180,0.9999896761719899,6.341251668985933
6761,algoQD,67,180,0.9999896761719899,4.840698908083141
6762,algoQD,67,180,0.9999896761719899,6.045219194609672
6763,algoQD,67,180,0.9999896761719899,5.201018932741135
6764,algoQD,67,180,0.9999896761719899,6.1138962409459054
6765,algoQD,67,180,0.9999896761719899,5.773903514724225
6766,algoQD,67,180,0.9999896761719899,5.468739630188793
6767,algoQD,67,180,0.9999896761719899,4.92168452590704
6768,algoQD,67,180,0.9999896761719899,6.026696480810642
6769,algoQD,67,180,0.9999896761719899,5.773096072021872
6770,algoQD,67,180,0.9999896761719899,6.077055600937456
6771,algoQD,67,180,0.9999896761719899,5.2293050228618085
6772,algoQD,67,180,0.9999896761719899,5.50863751815632
6773,algoQD,67,180,0.9999896761719899,5.070652088150382
6774,algoQD,67,180,0.9999896761719899,5.84842826705426
6775,algoQD,67,180,0.9999896761719899,5.525280370842665
6776,algoQD,67,180,0.9999896761719899,5.588235983159393
6777,algoQD,67,180,0.9999896761719899,5.490347340703011
6778,algoQD,67,180,0.9999896761719899,4.971024970989674
6779,algoQD,67,180,0.9999896761719899,5.243723301682621
6780,algoQD,67,180,0.9999896761719899,5.055561027023941
6781,algoQD,67,180,0.9999896761719899,5.634746856987476
6782,algoQD,67,180,0.9999896761719899,5.808743339963257
6783,algoQD,67,180,0.9999896761719899,5.162997397128493
6784,algoQD,67,180,0.9999896761719899,5.6069079311564565
6785,algoQD,67,180,0.9999896761719899,5.237017673905939
6786,algoQD,67,180,0.9999896761719899,5.699291972909123
6787,algoQD,67,180,0.9999896761719899,5.480642205104232
6788,algoQD,67,180,0.9999896761719899,5.980536310002208
6789,algoQD,67,180,0.9999896761719899,5.629461861681193
6790,algoQD,67,180,0.9999896761719899,5.421835212036967
6791,algoQD,67,180,0.9999896761719899,4.944105772767216
6792,algoQD,67,180,0.9999896761719899,5.724851010832936
6793,algoQD,67,180,0.9999896761719899,5.530590883921832
6794,algoQD,67,181,0.9999896761719899,5.7086007399484515
6795,algoQD,67,181,0.9999896761719899,5.361833748873323
6796,algoQD,67,181,0.9999896761719899,5.0855241869576275
6797,algoQD,67,181,0.9999896761719899,5.1914106691256166
6798,algoQD,67,181,0.9999896761719899,5.342383251991123
6799,algoQD,67,181,0.9999896761719899,6.162393644917756
6800,algoQD,68,181,0.9999896761719899,5.892577929887921
6801,algoQD,68,181,0.9999896761719899,5.561528535094112
6802,algoQD,68,181,0.9999896761719899,6.179867709055543
6803,algoQD,68,181,0.9999896761719899,5.312436442822218
6804,algoQD,68,181,0.9999896761719899,5.317336812149733
6805,algoQD,68,181,0.9999896761719899,5.620609307661653
6806,algoQD,68,181,0.9999896761719899,5.825970278121531
6807,algoQD,68,181,0.9999896761719899,5.352867288980633
6808,algoQD,68,181,0.9999896761719899,5.616002703085542
6809,algoQD,68,181,0.9999896761719899,5.582721455022693
6810,algoQD,68,181,0.9999896761719899,5.482294797897339
6811,algoQD,68,181,0.9999896761719899,5.9223852143622935
6812,algoQD,68,181,0.9999896761719899,6.42521657794714
6813,algoQD,68,181,0.9999896761719899,5.498161745723337
6814,algoQD,68,181,0.9999896761719899,6.269195084925741
6815,algoQD,68,181,0.9999896761719899,6.196917911991477
6816,algoQD,68,181,0.9999896761719899,6.550160145852715
6817,algoQD,68,181,0.9999896761719899,5.555966095998883
6818,algoQD,68,181,0.9999896761719899,5.518765372689813
6819,algoQD,68,181,0.9999896761719899,5.823377829045057
6820,algoQD,68,181,0.9999896761719899,5.362115133088082
6821,algoQD,68,181,0.9999896761719899,5.630234132055193
6822,algoQD,68,182,0.9999896761719899,6.552835039794445
6823,algoQD,68,182,0.9999896761719899,5.622633952181786
6824,algoQD,68,182,0.9999896761719899,6.1112866080366075
6825,algoQD,68,182,0.9999896761719899,6.340940134134144
6826,algoQD,68,182,0.9999896761719899,5.505201356019825
6827,algoQD,68,182,0.9999896761719899,6.830101019702852
6828,algoQD,68,182,0.9999896761719899,5.454509192146361
6829,algoQD,68,182,0.9999896761719899,6.343597684986889
6830,algoQD,68,182,0.9999896761719899,6.196600242052227
6831,algoQD,68,182,0.9999896761719899,6.59820623928681
6832,algoQD,68,182,0.9999896761719899,5.499368806369603
6833,algoQD,68,182,0.9999896761719899,6.323684582021087
6834,algoQD,68,182,0.9999896761719899,5.829894841182977
6835,algoQD,68,182,0.9999896761719899,6.126465346198529
6836,algoQD,68,182,0.9999896761719899,6.222944953944534
6837,algoQD,68,182,0.9999896761719899,5.2887451448477805
6838,algoQD,68,182,0.9999896761719899,5.304735513869673
6839,algoQD,68,182,0.9999896761719899,6.007273876108229
6840,algoQD,68,182,0.9999896761719899,5.400483150035143
6841,algoQD,68,182,0.9999896761719899,6.080847147852182
6842,algoQD,68,182,0.9999896761719899,6.47691797837615
6843,algoQD,68,182,0.9999896761719899,5.315286197233945
6844,algoQD,68,182,0.9999896761719899,5.742684924975038
6845,algoQD,68,182,0.9999896761719899,6.278104759287089
6846,algoQD,68,182,0.9999896761719899,5.3020206042565405
6847,algoQD,68,183,0.9999896761719899,5.800319764763117
6848,algoQD,68,183,0.9999896761719899,5.951977082993835
6849,algoQD,68,183,0.9999896761719899,5.703929324168712
6850,algoQD,68,183,0.9999896761719899,6.476414447650313
6851,algoQD,68,183,0.9999896761719899,5.535705187357962
6852,algoQD,68,183,0.9999896761719899,5.84592622006312
6853,algoQD,68,183,0.9999896761719899,5.4201488345861435
6854,algoQD,68,183,0.9999896761719899,5.661743811797351
6855,algoQD,68,183,0.9999896761719899,5.4534335299395025
6856,algoQD,68,183,0.9999896761719899,5.6918002581223845
6857,algoQD,68,183,0.9999896761719899,5.277545352932066
6858,algoQD,68,183,0.9999896761719899,5.2712502190843225
6859,algoQD,68,183,0.9999896761719899,6.109426053240895
6860,algoQD,68,183,0.9999896761719899,5.208636343013495
6861,algoQD,68,183,0.9999896761719899,5.446014723274857
6862,algoQD,68,183,0.9999896761719899,5.5796570046804845
6863,algoQD,68,183,0.9999896761719899,5.840264262165874
6864,algoQD,68,183,0.9999896761719899,5.654043545015156
6865,algoQD,68,183,0.9999896761719899,5.4323169640265405
6866,algoQD,68,183,0.9999896761719899,5.6414704797789454
6867,algoQD,68,183,0.9999896761719899,5.35648464364931
6868,algoQD,68,183,0.9999896761719899,5.1632623472251
6869,algoQD,68,183,0.9999896761719899,5.7045286167413
6870,algoQD,68,183,0.9999896761719899,5.294949394650757
6871,algoQD,68,183,0.9999896761719899,5.197178313974291
6872,algoQD,68,183,0.9999896761719899,5.758348910138011
6873,algoQD,68,183,0.9999896761719899,6.472280457150191
6874,algoQD,68,183,0.9999896761719899,5.866928178817034
6875,algoQD,68,183,0.9999896761719899,5.920340082142502
6876,algoQD,68,183,0.9999896761719899,6.11913158884272
6877,algoQD,68,183,0.9999896761719899,6.33378034690395
6878,algoQD,68,183,0.9999896761719899,5.997338945046067
6879,algoQD,68,183,0.9999896761719899,5.695740613155067
6880,algoQD,68,183,0.9999896761719899,5.412790954113007
6881,algoQD,68,183,0.9999896761719899,5.4808404901996255
6882,algoQD,68,183,0.9999896761719899,5.019512498751283
6883,algoQD,68,183,0.9999896761719899,5.930208825971931
6884,algoQD,68,183,0.9999896761719899,6.1311122248880565
6885,algoQD,68,183,0.9999896761719899,4.908556178212166
6886,algoQD,68,183,0.9999896761719899,5.885368017014116
6887,algoQD,68,183,0.9999896761719899,5.671203714795411
6888,algoQD,68,183,0.9999896761719899,5.411830528639257
6889,algoQD,68,183,0.9999896761719899,5.389111516997218
6890,algoQD,68,183,0.9999896761719899,5.66494117397815
6891,algoQD,68,183,0.9999896761719899,5.436994592193514
6892,algoQD,68,183,0.9999896761719899,6.263367766980082
6893,algoQD,68,183,0.9999896761719899,6.354358285665512
6894,algoQD,68,183,0.9999896761719899,5.991248528007418
6895,algoQD,68,183,0.9999896761719899,5.0177343701943755
6896,algoQD,68,183,0.9999896761719899,5.062753894831985
6897,algoQD,68,183,0.9999896761719899,6.4955270970240235
6898,algoQD,68,183,0.9999896761719899,5.306576882954687
6899,algoQD,68,183,0.9999896761719899,5.163354461081326
6900,algoQD,69,183,0.9999896761719899,5.845240565016866
6901,algoQD,69,183,0.9999896761719899,5.430689430329949
6902,algoQD,69,183,0.9999896761719899,6.056790047325194
6903,algoQD,69,183,0.9999896761719899,5.202216524165124
6904,algoQD,69,183,0.9999896761719899,5.586241416167468
6905,algoQD,69,183,0.9999896761719899,5.568965084850788
6906,algoQD,69,183,0.9999896761719899,5.700082566123456
6907,algoQD,69,183,0.9999896761719899,5.946461112238467
6908,algoQD,69,183,0.9999896761719899,5.249307113233954
6909,algoQD,69,183,0.9999896761719899,5.398344120010734
6910,algoQD,69,183,0.9999896761719899,5.5596878179349005
6911,algoQD,69,183,0.9999896761719899,5.676735517103225
6912,algoQD,69,183,0.9999896761719899,4.9830989628098905
6913,algoQD,69,183,0.9999896761719899,5.469980511814356
6914,algoQD,69,183,0.9999896761719899,5.265047972090542
6915,algoQD,69,183,0.9999896761719899,5.810683235991746
6916,algoQD,69,183,0.9999896761719899,4.959722568280995
6917,algoQD,69,183,0.9999896761719899,5.26046005403623
6918,algoQD,69,183,0.9999896761719899,4.827971850056201
6919,algoQD,69,183,0.9999896761719899,5.985472455620766
6920,algoQD,69,183,0.9999896761719899,5.012294472195208
6921,algoQD,69,183,0.9999896761719899,5.252807966899127
6922,algoQD,69,183,0.9999896761719899,5.739336217753589
6923,algoQD,69,183,0.9999896761719899,5.298876725137234
6924,algoQD,69,183,0.9999896761719899,5.780179004184902
6925,algoQD,69,183,0.9999896761719899,5.51645124098286
6926,algoQD,69,184,0.9999896761719899,5.5059894737787545
6927,algoQD,69,184,0.9999896761719899,5.455294976010919
6928,algoQD,69,184,0.9999896761719899,5.171827459242195
6929,algoQD,69,184,0.9999896761719899,4.609287698753178
6930,algoQD,69,184,0.9999896761719899,4.6577013656497
6931,algoQD,69,184,0.9999896761719899,4.7581206490285695
6932,algoQD,69,184,0.9999896761719899,4.719564625062048
6933,algoQD,69,184,0.9999896761719899,5.38529659807682
6934,algoQD,69,184,0.9999896761719899,4.872234686743468
6935,algoQD,69,184,0.9999896761719899,5.3793005011975765
6936,algoQD,69,184,0.9999896761719899,5.613738996908069
6937,algoQD,69,184,0.9999896761719899,4.749300606083125
6938,algoQD,69,184,0.9999896761719899,5.69175747781992
6939,algoQD,69,184,0.9999896761719899,5.347495089750737
6940,algoQD,69,184,0.9999896761719899,5.565594085957855
6941,algoQD,69,184,0.9999896761719899,5.418693394865841
6942,algoQD,69,184,0.9999896761719899,5.676037949044257
6943,algoQD,69,184,0.9999896761719899,4.940952706150711
6944,algoQD,69,184,0.9999896761719899,5.567797799129039
6945,algoQD,69,184,0.9999896761719899,5.790579191874713
6946,algoQD,69,184,0.9999896761719899,5.781580309849232
6947,algoQD,69,184,0.9999896761719899,5.817364487797022
6948,algoQD,69,184,0.9999896761719899,5.150570559315383
6949,algoQD,69,184,0.9999896761719899,5.0252576931379735
6950,algoQD,69,184,0.9999896761719899,5.577732448931783
6951,algoQD,69,184,0.9999896761719899,5.144887520931661
6952,algoQD,69,184,0.9999896761719899,5.052406275644898
6953,algoQD,69,184,0.9999896761719899,5.941815524827689
6954,algoQD,69,185,0.9999896761719899,5.66991720488295
6955,algoQD,69,185,0.9999896761719899,5.073296896182001
6956,algoQD,69,185,0.9999896761719899,5.870004101190716
6957,algoQD,69,185,0.9999896761719899,5.2330391318537295
6958,algoQD,69,186,0.9999896761719899,5.615266866981983
6959,algoQD,69,186,0.9999896761719899,5.722237513400614
6960,algoQD,69,186,0.9999896761719899,5.140694870147854
6961,algoQD,69,186,0.9999896761719899,5.369599549099803
6962,algoQD,69,186,0.9999896761719899,5.477514047175646
6963,algoQD,69,186,0.9999896761719899,5.780947900842875
6964,algoQD,69,186,0.9999896761719899,5.644237249623984
6965,algoQD,69,186,0.9999896761719899,5.4694952089339495
6966,algoQD,69,186,0.9999896761719899,5.665531381033361
6967,algoQD,69,187,0.9999896761719899,5.5685445768758655
6968,algoQD,69,187,0.9999896761719899,5.7502494137734175
6969,algoQD,69,187,0.9999896761719899,5.7311932309530675
6970,algoQD,69,187,0.9999896761719899,6.487320268061012
6971,algoQD,69,187,0.9999896761719899,5.340020195581019
6972,algoQD,69,187,0.9999896761719899,6.205374199897051
6973,algoQD,69,187,0.9999896761719899,6.101453196723014
6974,algoQD,69,187,0.9999896761719899,6.278953209985048
6975,algoQD,69,187,0.9999896761719899,6.567528792191297
6976,algoQD,69,187,0.9999896761719899,5.738512008916587
6977,algoQD,69,187,0.9999896761719899,5.681323796045035
6978,algoQD,69,187,0.9999896761719899,5.774465585127473
6979,algoQD,69,187,0.9999896761719899,6.313120659906417
6980,algoQD,69,187,0.9999896761719899,5.397576624993235
6981,algoQD,69,187,0.9999896761719899,5.483782700262964
6982,algoQD,69,187,0.9999896761719899,5.875280329026282
6983,algoQD,69,187,0.9999896761719899,5.716383953113109
6984,algoQD,69,187,0.9999896761719899,5.831407512072474
6985,algoQD,69,187,0.9999896761719899,5.25188900437206
6986,algoQD,69,187,0.9999896761719899,5.30632312502712
6987,algoQD,69,187,0.9999896761719899,5.7632793807424605
6988,algoQD,69,187,0.9999896761719899,5.137379284948111
6989,algoQD,69,187,0.9999896761719899,6.656147414818406
6990,algoQD,69,187,0.9999896761719899,5.5946861347183585
6991,algoQD,69,187,0.9999896761719899,5.6017206949181855
6992,algoQD,69,187,0.9999896761719899,6.118047207128257
6993,algoQD,69,187,0.9999896761719899,5.847968139220029
6994,algoQD,69,187,0.9999896761719899,6.0348815261386335
6995,algoQD,69,187,0.9999896761719899,5.468368429224938
6996,algoQD,69,187,0.9999896761719899,5.002206000033766
6997,algoQD,69,187,0.9999896761719899,5.926170913968235
6998,algoQD,69,187,0.9999896761719899,5.389032783918083
6999,algoQD,69,187,0.9999896761719899,5.078814452979714
7000,algoQD,70,187,0.9999896761719899,5.662476998753846
7001,algoQD,70,187,0.9999896761719899,5.242529432289302
7002,algoQD,70,187,0.9999896761719899,6.026015064679086
7003,algoQD,70,187,0.9999896761719899,4.986430975608528
7004,algoQD,70,187,0.9999896761719899,5.861508189700544
7005,algoQD,70,187,0.9999896761719899,5.458565047010779
7006,algoQD,70,187,0.9999896761719899,5.493755790870637
7007,algoQD,70,188,0.9999896761719899,6.065558623056859
7008,algoQD,70,188,0.9999896761719899,6.290616034064442
7009,algoQD,70,188,0.9999896761719899,6.2229472398757935
7010,algoQD,70,188,0.9999896761719899,5.924312131945044
7011,algoQD,70,188,0.9999896761719899,5.648201439063996
7012,algoQD,70,188,0.9999896761719899,6.074494514614344
7013,algoQD,70,188,0.9999896761719899,5.467673736158758
7014,algoQD,70,188,0.9999896761719899,5.470087596215308
7015,algoQD,70,188,0.9999896761719899,6.216323466971517
7016,algoQD,70,188,0.9999896761719899,5.5561437089927495
7017,algoQD,70,188,0.9999896761719899,6.007615593727678
7018,algoQD,70,188,0.9999896761719899,5.715121136046946
7019,algoQD,70,188,0.9999896761719899,5.23410981381312
7020,algoQD,70,188,0.9999896761719899,5.253092777915299
7021,algoQD,70,188,0.9999896761719899,6.105464726220816
7022,algoQD,70,188,0.9999896761719899,5.29585947515443
7023,algoQD,70,188,0.9999896761719899,6.279925406910479
7024,algoQD,70,188,0.9999896761719899,5.54275694815442
7025,algoQD,70,188,0.9999896761719899,5.948594307061285
7026,algoQD,70,188,0.9999896761719899,5.3071083491668105
7027,algoQD,70,188,0.9999896761719899,6.091011730954051
7028,algoQD,70,188,0.9999896761719899,5.268197664991021
7029,algoQD,70,188,0.9999896761719899,5.931587838102132
7030,algoQD,70,188,0.9999896761719899,6.250473835971206
7031,algoQD,70,188,0.9999896761719899,6.34531530411914
7032,algoQD,70,188,0.9999896761719899,5.892818061169237
7033,algoQD,70,188,0.9999896761719899,6.745515052694827
7034,algoQD,70,188,0.9999896761719899,5.4901087316684425
7035,algoQD,70,188,0.9999896761719899,5.417136678937823
7036,algoQD,70,188,0.9999896761719899,6.388054999988526
7037,algoQD,70,188,0.9999896761719899,6.109976239968091
7038,algoQD,70,188,0.9999896761719899,5.900983679108322
7039,algoQD,70,188,0.9999896761719899,5.528750565834343
7040,algoQD,70,188,0.9999896761719899,5.381815758999437
7041,algoQD,70,188,0.9999896761719899,6.105231294874102
7042,algoQD,70,188,0.9999896761719899,6.02186996396631
7043,algoQD,70,188,0.9999896761719899,5.582441659644246
7044,algoQD,70,188,0.9999896761719899,6.3547977693378925
7045,algoQD,70,188,0.9999896761719899,6.532133360859007
7046,algoQD,70,188,0.9999896761719899,6.13963130582124
7047,algoQD,70,188,0.9999896761719899,5.951370923779905
7048,algoQD,70,188,0.9999896761719899,5.517079586163163
7049,algoQD,70,188,0.9999896761719899,6.576045202091336
7050,algoQD,70,188,0.9999896761719899,5.546341899782419
7051,algoQD,70,188,0.9999896761719899,5.514604590833187
7052,algoQD,70,188,0.9999896761719899,5.903766365721822
7053,algoQD,70,188,0.9999896761719899,6.244175605010241
7054,algoQD,70,188,0.9999896761719899,5.523849837016314
7055,algoQD,70,188,0.9999896761719899,6.476791565306485
7056,algoQD,70,188,0.9999896761719899,6.156825059093535
7057,algoQD,70,189,0.9999896761719899,6.548515350092202
7058,algoQD,70,189,0.9999896761719899,6.411108245141804
7059,algoQD,70,189,0.9999896761719899,6.35548445628956
7060,algoQD,70,189,0.9999896761719899,6.001327463891357
7061,algoQD,70,189,0.9999896761719899,6.014586803968996
7062,algoQD,70,189,0.9999896761719899,6.443924922961742
7063,algoQD,70,189,0.9999896761719899,5.88503575976938
7064,algoQD,70,189,0.9999896761719899,6.032853784970939
7065,algoQD,70,189,0.9999896761719899,5.564500036183745
7066,algoQD,70,189,0.9999896761719899,6.672690358944237
7067,algoQD,70,189,0.9999896761719899,5.851868276949972
7068,algoQD,70,189,0.9999896761719899,6.432235828600824
7069,algoQD,70,189,0.9999896761719899,6.423301029019058
7070,algoQD,70,189,0.9999896761719899,6.7460702820681036
7071,algoQD,70,189,0.9999896761719899,5.5532775041647255
7072,algoQD,70,189,0.9999896761719899,6.07812862098217
7073,algoQD,70,189,0.9999896761719899,6.732677639927715
7074,algoQD,70,189,0.9999896761719899,6.589868126902729
7075,algoQD,70,189,0.9999896761719899,6.570697559043765
7076,algoQD,70,190,0.9999896761719899,6.790997841861099
7077,algoQD,70,190,0.9999896761719899,6.450417829211801
7078,algoQD,70,190,0.9999896761719899,6.931140916887671
7079,algoQD,70,190,0.9999896761719899,5.813213860150427
7080,algoQD,70,190,0.9999896761719899,5.99273630278185
7081,algoQD,70,190,0.9999896761719899,6.152693822979927
7082,algoQD,70,190,0.9999896761719899,5.841815685853362
7083,algoQD,70,190,0.9999896761719899,5.740748945157975
7084,algoQD,70,190,0.9999896761719899,5.497391551733017
7085,algoQD,70,190,0.9999896761719899,5.786002680659294
7086,algoQD,70,190,0.9999896761719899,5.965181294828653
7087,algoQD,70,190,0.9999896761719899,6.3873228072188795
7088,algoQD,70,190,0.9999896761719899,6.174201936926693
7089,algoQD,70,190,0.9999896761719899,6.135844219941646
7090,algoQD,70,190,0.9999896761719899,5.389713327866048
7091,algoQD,70,190,0.9999896761719899,6.257914430927485
7092,algoQD,70,190,0.9999896761719899,5.84201666386798
7093,algoQD,70,190,0.9999896761719899,6.070153703913093
7094,algoQD,70,190,0.9999896761719899,6.273422359954566
7095,algoQD,70,191,0.9999896761719899,6.608181355055422
7096,algoQD,70,191,0.9999896761719899,5.980271655134857
7097,algoQD,70,191,0.9999896761719899,6.350256720092148
7098,algoQD,70,191,0.9999896761719899,5.604220787994564
7099,algoQD,70,191,0.9999896761719899,5.402588804252446
7100,algoQD,71,191,0.9999896761719899,5.630357567686588
7101,algoQD,71,191,0.9999896761719899,6.438623568043113
7102,algoQD,71,191,0.9999896761719899,6.188607371877879
7103,algoQD,71,191,0.9999896761719899,6.215421833097935
7104,algoQD,71,191,0.9999896761719899,6.216666623950005
7105,algoQD,71,191,0.9999896761719899,5.790072109084576
7106,algoQD,71,192,0.9999896761719899,5.891947809141129
7107,algoQD,71,192,0.9999896761719899,5.774767965078354
7108,algoQD,71,192,0.9999896761719899,5.475299553945661
7109,algoQD,71,192,0.9999896761719899,5.934764821082354
7110,algoQD,71,192,0.9999896761719899,6.043101045768708
7111,algoQD,71,192,0.9999896761719899,6.098313154652715
7112,algoQD,71,192,0.9999896761719899,6.144801944028586
7113,algoQD,71,192,0.9999896761719899,5.437970818951726
7114,algoQD,71,192,0.9999896761719899,5.838923160918057
7115,algoQD,71,192,0.9999896761719899,5.58411905169487
7116,algoQD,71,192,0.9999896761719899,5.76206572772935
7117,algoQD,71,192,0.9999896761719899,6.247325086034834
7118,algoQD,71,192,0.9999896761719899,5.038431848865002
7119,algoQD,71,192,0.9999896761719899,5.277496564202011
7120,algoQD,71,192,0.9999896761719899,6.037557560950518
7121,algoQD,71,192,0.9999896761719899,5.879802572075278
7122,algoQD,71,192,0.9999896761719899,5.581723456270993
7123,algoQD,71,192,0.9999896761719899,6.0603583487682045
7124,algoQD,71,193,0.9999896761719899,5.9823289308696985
7125,algoQD,71,193,0.9999896761719899,5.811754863709211
7126,algoQD,71,193,0.9999896761719899,5.312591074965894
7127,algoQD,71,193,0.9999896761719899,5.568374514114112
7128,algoQD,71,193,0.9999896761719899,5.550835366360843
7129,algoQD,71,193,0.9999896761719899,5.312863499857485
7130,algoQD,71,193,0.9999896761719899,5.354124202392995
7131,algoQD,71,193,0.9999896761719899,5.851010457146913
7132,algoQD,71,193,0.9999896761719899,6.002174023073167
7133,algoQD,71,193,0.9999896761719899,4.732691466808319
7134,algoQD,71,193,0.9999896761719899,6.244157128967345
7135,algoQD,71,193,0.9999896761719899,5.881494334898889
7136,algoQD,71,193,0.9999896761719899,5.223863823805004
7137,algoQD,71,193,0.9999896761719899,5.490955678746104
7138,algoQD,71,193,0.9999896761719899,5.265238762367517
7139,algoQD,71,193,0.9999896761719899,5.877043006010354
7140,algoQD,71,193,0.9999896761719899,4.98550547612831
7141,algoQD,71,193,0.9999896761719899,5.665903782006353
7142,algoQD,71,193,0.9999896761719899,4.626426143106073
7143,algoQD,71,193,0.9999896761719899,5.039835008326918
7144,algoQD,71,193,0.9999896761719899,5.44161721598357
7145,algoQD,71,193,0.9999896761719899,5.779141445178539
7146,algoQD,71,193,0.9999896761719899,6.127282502129674
7147,algoQD,71,193,0.9999896761719899,5.061335728038102
7148,algoQD,71,193,0.9999896761719899,5.273459764197469
7149,algoQD,71,193,0.9999896761719899,5.6135749369859695
7150,algoQD,71,193,0.9999896761719899,5.163607865571976
7151,algoQD,71,193,0.9999896761719899,5.770311412401497
7152,algoQD,71,193,0.9999896761719899,5.280765306204557
7153,algoQD,71,193,0.9999896761719899,5.944995804689825
7154,algoQD,71,193,0.9999896761719899,6.192655133083463
7155,algoQD,71,194,0.9999896761719899,6.176753374747932
7156,algoQD,71,194,0.9999896761719899,5.829307910986245
7157,algoQD,71,194,0.9999896761719899,5.068143989890814
7158,algoQD,71,194,0.9999896761719899,5.593699987977743
7159,algoQD,71,194,0.9999896761719899,5.538982934318483
7160,algoQD,71,194,0.9999896761719899,5.38873793464154
7161,algoQD,71,194,0.9999896761719899,5.560970575083047
7162,algoQD,71,194,0.9999896761719899,5.508042952045798
7163,algoQD,71,194,0.9999896761719899,5.9617402399890125
7164,algoQD,71,194,0.9999896761719899,6.323441246058792
7165,algoQD,71,194,0.9999896761719899,5.45570092368871
7166,algoQD,71,194,0.9999896761719899,5.3134112623520195
7167,algoQD,71,194,0.9999896761719899,5.303820472676307
7168,algoQD,71,194,0.9999896761719899,5.190282902214676
7169,algoQD,71,194,0.9999896761719899,5.315855030436069
7170,algoQD,71,194,0.9999896761719899,5.151446378789842
7171,algoQD,71,194,0.9999896761719899,5.732932084240019
7172,algoQD,71,194,0.9999896761719899,5.267920457758009
7173,algoQD,71,194,0.9999896761719899,5.073842477053404
7174,algoQD,71,194,0.9999896761719899,4.964438172988594
7175,algoQD,71,194,0.9999896761719899,6.228903328999877
7176,algoQD,71,194,0.9999896761719899,5.80864970292896
7177,algoQD,71,194,0.9999896761719899,6.153359989169985
7178,algoQD,71,194,0.9999896761719899,5.782459341920912
7179,algoQD,71,194,0.9999896761719899,6.402968562208116
7180,algoQD,71,194,0.9999896761719899,5.567194192204624
7181,algoQD,71,194,0.9999896761719899,5.956081500276923
7182,algoQD,71,194,0.9999896761719899,5.4306421098299325
7183,algoQD,71,194,0.9999896761719899,5.797125220298767
7184,algoQD,71,194,0.9999896761719899,6.764616827946156
7185,algoQD,71,194,0.9999896761719899,5.65780508890748
7186,algoQD,71,194,0.9999896761719899,5.871162185445428
7187,algoQD,71,194,0.9999896761719899,6.271286461036652
7188,algoQD,71,194,0.9999896761719899,5.809771873988211
7189,algoQD,71,194,0.9999896761719899,5.907988029066473
7190,algoQD,71,194,0.9999896761719899,5.4095676760189235
7191,algoQD,71,194,0.9999896761719899,5.765942458994687
7192,algoQD,71,194,0.9999896761719899,6.045402628835291
7193,algoQD,71,194,0.9999896761719899,5.851841683033854
7194,algoQD,71,194,0.9999896761719899,5.616495645139366
7195,algoQD,71,194,0.9999896761719899,6.317250139079988
7196,algoQD,71,194,0.9999896761719899,5.745818680152297
7197,algoQD,71,194,0.9999896761719899,6.200744710862637
7198,algoQD,71,194,0.9999896761719899,5.841332409065217
7199,algoQD,71,195,0.9999896761719899,6.4143358981236815
7200,algoQD,72,195,0.9999896761719899,5.652608651667833
7201,algoQD,72,195,0.9999896761719899,5.835143366828561
7202,algoQD,72,195,0.9999896761719899,5.5324089750647545
7203,algoQD,72,195,0.9999896761719899,5.682463886216283
7204,algoQD,72,195,0.9999896761719899,5.386875013820827
7205,algoQD,72,195,0.9999896761719899,5.680142719764262
7206,algoQD,72,195,0.9999896761719899,5.864553079009056
7207,algoQD,72,195,0.9999896761719899,5.802955574821681
7208,algoQD,72,195,0.9999896761719899,5.875402025878429
7209,algoQD,72,195,0.9999896761719899,6.254978833254427
7210,algoQD,72,195,0.9999896761719899,5.676348171662539
7211,algoQD,72,195,0.9999896761719899,5.536056206095964
7212,algoQD,72,195,0.9999896761719899,6.555692325346172
7213,algoQD,72,195,0.9999896761719899,5.6074789999984205
7214,algoQD,72,196,0.9999896761719899,6.571616780944169
7215,algoQD,72,196,0.9999896761719899,6.199781110044569
7216,algoQD,72,196,0.9999896761719899,6.278961190953851
7217,algoQD,72,196,0.9999896761719899,5.441760495770723
7218,algoQD,72,196,0.9999896761719899,6.0810484029352665
7219,algoQD,72,196,0.9999896761719899,6.356214342173189
7220,algoQD,72,196,0.9999896761719899,6.303576855920255
7221,algoQD,72,196,0.9999896761719899,5.860126575920731
7222,algoQD,72,196,0.9999896761719899,5.982879647985101
7223,algoQD,72,196,0.9999896761719899,5.84419957594946
7224,algoQD,72,196,0.9999896761719899,5.940497558098286
7225,algoQD,72,196,0.9999896761719899,6.704853710252792
7226,algoQD,72,196,0.9999896761719899,6.438132666051388
7227,algoQD,72,196,0.9999896761719899,5.697182143107057
7228,algoQD,72,196,0.9999896761719899,6.199267799034715
7229,algoQD,72,196,0.9999896761719899,6.137270281091332
7230,algoQD,72,196,0.9999896761719899,6.286154601722956
7231,algoQD,72,196,0.9999896761719899,5.808944739867002
7232,algoQD,72,196,0.9999896761719899,5.778504610992968
7233,algoQD,72,196,0.9999896761719899,5.884952529333532
7234,algoQD,72,196,0.9999896761719899,5.473038328811526
7235,algoQD,72,196,0.9999896761719899,5.649356046225876
7236,algoQD,72,196,0.9999896761719899,5.481274056714028
7237,algoQD,72,196,0.9999896761719899,5.728890527971089
7238,algoQD,72,196,0.9999896761719899,5.763254781719297
7239,algoQD,72,196,0.9999896761719899,5.514237703755498
7240,algoQD,72,196,0.9999896761719899,5.428141387179494
7241,algoQD,72,196,0.9999896761719899,5.835452097933739
7242,algoQD,72,196,0.9999896761719899,5.353543914388865
7243,algoQD,72,196,0.9999896761719899,5.681054032873362
7244,algoQD,72,196,0.9999896761719899,6.51076627895236
7245,algoQD,72,196,0.9999896761719899,5.330087186768651
7246,algoQD,72,196,0.9999896761719899,5.5673342370428145
7247,algoQD,72,196,0.9999896761719899,5.327613765373826
7248,algoQD,72,196,0.9999896761719899,5.52022104896605
7249,algoQD,72,197,0.9999896761719899,6.0209754798561335
7250,algoQD,72,197,0.9999896761719899,6.236726910807192
7251,algoQD,72,197,0.9999896761719899,5.442989979404956
7252,algoQD,72,197,0.9999896761719899,6.135400007944554
7253,algoQD,72,197,0.9999896761719899,5.525164338294417
7254,algoQD,72,197,0.9999896761719899,5.4934050240553916
7255,algoQD,72,197,0.9999896761719899,6.3664670921862125
7256,algoQD,72,197,0.9999896761719899,5.254160712007433
7257,algoQD,72,197,0.9999896761719899,6.033450940158218
7258,algoQD,72,197,0.9999896761719899,5.853516056668013
7259,algoQD,72,197,0.9999896761719899,5.829827143345028
7260,algoQD,72,197,0.9999896761719899,5.839237440843135
7261,algoQD,72,197,0.9999896761719899,5.8188563459552824
7262,algoQD,72,197,0.9999896761719899,5.87070706486702
7263,algoQD,72,197,0.9999896761719899,5.317621197085828
7264,algoQD,72,197,0.9999896761719899,5.910411758348346
7265,algoQD,72,197,0.9999896761719899,5.578384312801063
7266,algoQD,72,197,0.9999896761719899,5.761246144305915
7267,algoQD,72,197,0.9999896761719899,5.340052864979953
7268,algoQD,72,197,0.9999896761719899,5.969486374873668
7269,algoQD,72,197,0.9999896761719899,5.929306785110384
7270,algoQD,72,197,0.9999896761719899,5.929450687021017
7271,algoQD,72,197,0.9999896761719899,5.136695210821927
7272,algoQD,72,197,0.9999896761719899,4.9087246069684625
7273,algoQD,72,197,0.9999896761719899,5.830624419264495
7274,algoQD,72,197,0.9999896761719899,5.211708429735154
7275,algoQD,72,197,0.9999896761719899,4.659769468009472
7276,algoQD,72,197,0.9999896761719899,5.257908524014056
7277,algoQD,72,197,0.9999896761719899,5.2265454907901585
7278,algoQD,72,197,0.9999896761719899,4.9449360789731145
7279,algoQD,72,197,0.9999896761719899,5.835582176223397
7280,algoQD,72,198,0.9999896761719899,5.733318303246051
7281,algoQD,72,198,0.9999896761719899,5.252230626065284
7282,algoQD,72,198,0.9999896761719899,4.775876092258841
7283,algoQD,72,198,0.9999896761719899,5.29132698988542
7284,algoQD,72,198,0.9999896761719899,5.0271619451232255
7285,algoQD,72,198,0.9999896761719899,4.922152935992926
7286,algoQD,72,199,0.9999896761719899,5.286848147865385
7287,algoQD,72,199,0.9999896761719899,5.319960376247764
7288,algoQD,72,199,0.9999896761719899,5.78089893469587
7289,algoQD,72,199,0.9999896761719899,6.025953866075724
7290,algoQD,72,199,0.9999896761719899,5.9861395373009145
7291,algoQD,72,199,0.9999896761719899,5.843783561140299
7292,algoQD,72,199,0.9999896761719899,4.961166972760111
7293,algoQD,72,199,0.9999896761719899,5.431146294809878
7294,algoQD,72,199,0.9999896761719899,5.792509240098298
7295,algoQD,72,199,0.9999896761719899,5.634200543630868
7296,algoQD,72,199,0.9999896761719899,5.005787822883576
7297,algoQD,72,199,0.9999896761719899,4.870788495987654
7298,algoQD,72,199,0.9999896761719899,4.631602542009205
7299,algoQD,72,199,0.9999896761719899,5.155807598028332
7300,algoQD,73,199,0.9999896761719899,5.962832754012197
7301,algoQD,73,199,0.9999896761719899,5.3884811592288315
7302,algoQD,73,199,0.9999896761719899,6.113143858965486
7303,algoQD,73,199,0.9999896761719899,6.013543351087719
7304,algoQD,73,199,0.9999896761719899,5.062979592941701
7305,algoQD,73,199,0.9999896761719899,5.82156974170357
7306,algoQD,73,199,0.9999896761719899,5.187767259310931
7307,algoQD,73,199,0.9999896761719899,5.636195725295693
7308,algoQD,73,199,0.9999896761719899,4.900770538952202
7309,algoQD,73,199,0.9999896761719899,5.157460161019117
7310,algoQD,73,199,0.9999896761719899,5.46039108466357
7311,algoQD,73,199,0.9999896761719899,4.922000508289784
7312,algoQD,73,199,0.9999896761719899,5.819707034155726
7313,algoQD,73,199,0.9999896761719899,5.726954069919884
7314,algoQD,73,199,0.9999896761719899,5.08713031001389
7315,algoQD,73,199,0.9999896761719899,5.536958110053092
7316,algoQD,73,199,0.9999896761719899,5.211275030858815
7317,algoQD,73,199,0.9999896761719899,5.109791385941207
7318,algoQD,73,199,0.9999896761719899,4.867948875762522
7319,algoQD,73,199,0.9999896761719899,5.539079234004021
7320,algoQD,73,199,0.9999896761719899,5.310346808750182
7321,algoQD,73,199,0.9999896761719899,5.563296895939857
7322,algoQD,73,199,0.9999896761719899,5.75803655013442
7323,algoQD,73,199,0.9999896761719899,5.204714413266629
7324,algoQD,73,199,0.9999896761719899,4.796202298253775
7325,algoQD,73,199,0.9999896761719899,4.84673696057871
7326,algoQD,73,199,0.9999896761719899,5.103740626946092
7327,algoQD,73,199,0.9999896761719899,5.258303024806082
7328,algoQD,73,199,0.9999896761719899,5.265282039996237
7329,algoQD,73,199,0.9999896761719899,5.69664659909904
7330,algoQD,73,199,0.9999896761719899,6.2444872707128525
7331,algoQD,73,199,0.9999896761719899,4.901093534193933
7332,algoQD,73,200,0.9999896761719899,5.631140811834484
7333,algoQD,73,200,0.9999896761719899,5.153896133881062
7334,algoQD,73,200,0.9999896761719899,5.049519051797688
7335,algoQD,73,200,0.9999896761719899,5.454092530999333
7336,algoQD,73,200,0.9999896761719899,4.995963167864829
7337,algoQD,73,200,0.9999896761719899,5.258735992945731
7338,algoQD,73,200,0.9999896761719899,5.833965629339218
7339,algoQD,73,200,0.9999896761719899,5.9130434691905975
7340,algoQD,73,200,0.9999896761719899,5.6815325249917805
7341,algoQD,73,200,0.9999896761719899,5.327176135033369
7342,algoQD,73,200,0.9999896761719899,5.432126552332193
7343,algoQD,73,200,0.9999896761719899,5.717773472890258
7344,algoQD,73,200,0.9999896761719899,5.467178384773433
7345,algoQD,73,200,0.9999896761719899,5.328829466830939
7346,algoQD,73,200,0.9999896761719899,6.125257705338299
7347,algoQD,73,200,0.9999896761719899,5.934510505758226
7348,algoQD,73,200,0.9999896761719899,5.644714172929525
7349,algoQD,73,200,0.9999896761719899,6.1233074008487165
7350,algoQD,73,200,0.9999896761719899,4.959551076870412
7351,algoQD,73,200,0.9999896761719899,5.932904230430722
7352,algoQD,73,200,0.9999896761719899,5.729451776947826
7353,algoQD,73,200,0.9999896761719899,5.164028896018863
7354,algoQD,73,200,0.9999896761719899,4.999580652918667
7355,algoQD,73,200,0.9999896761719899,5.8789475513622165
7356,algoQD,73,200,0.9999896761719899,6.3021353129297495
7357,algoQD,73,200,0.9999896761719899,5.906444791704416
7358,algoQD,73,200,0.9999896761719899,5.445513563230634
7359,algoQD,73,200,0.9999896761719899,5.663002686575055
7360,algoQD,73,200,0.9999896761719899,5.97947059571743
7361,algoQD,73,200,0.9999896761719899,5.406270642764866
7362,algoQD,73,200,0.9999896761719899,6.017604891676456
7363,algoQD,73,200,0.9999896761719899,5.327807587105781
7364,algoQD,73,200,0.9999896761719899,5.7667463649995625
7365,algoQD,73,200,0.9999896761719899,5.382312471978366
7366,algoQD,73,200,0.9999896761719899,4.69063544459641
7367,algoQD,73,200,0.9999896761719899,5.628207830712199
7368,algoQD,73,200,0.9999896761719899,5.282989143393934
7369,algoQD,73,200,0.9999896761719899,5.652122832834721
7370,algoQD,73,200,0.9999896761719899,5.664873361121863
7371,algoQD,73,200,0.9999896761719899,5.922179637942463
7372,algoQD,73,200,0.9999896761719899,5.788145032711327
7373,algoQD,73,200,0.9999896761719899,5.815906157251447
7374,algoQD,73,200,0.9999896761719899,5.305647822096944
7375,algoQD,73,200,0.9999896761719899,5.874601271934807
7376,algoQD,73,200,0.9999896761719899,5.084786677267402
7377,algoQD,73,200,0.9999896761719899,5.579957531765103
7378,algoQD,73,200,0.9999896761719899,5.535748451016843
7379,algoQD,73,200,0.9999896761719899,5.586329900659621
7380,algoQD,73,200,0.9999896761719899,5.547983136028051
7381,algoQD,73,200,0.9999896761719899,5.405155367217958
7382,algoQD,73,200,0.9999896761719899,5.669129610992968
7383,algoQD,73,200,0.9999896761719899,5.0152551350183785
7384,algoQD,73,200,0.9999896761719899,5.150533000007272
7385,algoQD,73,200,0.9999896761719899,6.364676599856466
7386,algoQD,73,200,0.9999896761719899,5.290772668085992
7387,algoQD,73,200,0.9999896761719899,5.199415390845388
7388,algoQD,73,200,0.9999896761719899,6.142131233587861
7389,algoQD,73,200,0.9999896761719899,5.407513983082026
7390,algoQD,73,200,0.9999896761719899,5.1718996171839535
7391,algoQD,73,200,0.9999896761719899,5.220583974849433
7392,algoQD,73,200,0.9999896761719899,5.2085981499403715
7393,algoQD,73,200,0.9999896761719899,5.566819221246988
7394,algoQD,73,200,0.9999896761719899,5.655770885292441
7395,algoQD,73,200,0.9999896761719899,5.106655894778669
7396,algoQD,73,200,0.9999896761719899,5.9242692571133375
7397,algoQD,73,200,0.9999896761719899,5.831606872845441
7398,algoQD,73,200,0.9999896761719899,5.606447970028967
7399,algoQD,73,200,0.9999896761719899,5.399425210896879
7400,algoQD,74,200,0.9999896761719899,6.0155409020371735
7401,algoQD,74,200,0.9999896761719899,5.910214122850448
7402,algoQD,74,200,0.9999896761719899,5.845832789316773
7403,algoQD,74,200,0.9999896761719899,5.955986910033971
7404,algoQD,74,200,0.9999896761719899,5.293008862994611
7405,algoQD,74,200,0.9999896761719899,4.909800352994353
7406,algoQD,74,200,0.9999896761719899,5.118955252226442
7407,algoQD,74,200,0.9999896761719899,4.930266629904509
7408,algoQD,74,200,0.9999896761719899,4.908051119651645
7409,algoQD,74,200,0.9999896761719899,5.84259831905365
7410,algoQD,74,200,0.9999896761719899,4.817397131118923
7411,algoQD,74,200,0.9999896761719899,5.203427331056446
7412,algoQD,74,200,0.9999896761719899,5.797354601789266
7413,algoQD,74,200,0.9999896761719899,5.418371594976634
7414,algoQD,74,200,0.9999896761719899,4.996415603440255
7415,algoQD,74,200,0.9999896761719899,4.790435162838548
7416,algoQD,74,200,0.9999896761719899,5.027147022075951
7417,algoQD,74,200,0.9999896761719899,5.013501793146133
7418,algoQD,74,200,0.9999896761719899,5.46752143278718
7419,algoQD,74,200,0.9999896761719899,5.936242606956512
7420,algoQD,74,200,0.9999896761719899,5.9653867282904685
7421,algoQD,74,200,0.9999896761719899,5.612449228297919
7422,algoQD,74,200,0.9999896761719899,5.367905392777175
7423,algoQD,74,200,0.9999896761719899,6.01066133286804
7424,algoQD,74,200,0.9999896761719899,6.016294846776873
7425,algoQD,74,200,0.9999896761719899,5.416462620254606
7426,algoQD,74,200,0.9999896761719899,5.685145238880068
7427,algoQD,74,200,0.9999896761719899,5.530338159296662
7428,algoQD,74,200,0.9999896761719899,6.133654789067805
7429,algoQD,74,200,0.9999896761719899,5.478269918821752
7430,algoQD,74,200,0.9999896761719899,5.614532984793186
7431,algoQD,74,200,0.9999896761719899,5.259093509055674
7432,algoQD,74,200,0.9999896761719899,5.3160460172221065
7433,algoQD,74,200,0.9999896761719899,5.248927160631865
7434,algoQD,74,200,0.9999896761719899,5.783392555080354
7435,algoQD,74,200,0.9999896761719899,5.069512381218374
7436,algoQD,74,200,0.9999896761719899,5.46908996719867
7437,algoQD,74,200,0.9999896761719899,6.181225101929158
7438,algoQD,74,200,0.9999896761719899,5.575286307837814
7439,algoQD,74,200,0.9999896761719899,5.532672559376806
7440,algoQD,74,200,0.9999896761719899,6.496246368158609
7441,algoQD,74,200,0.9999896761719899,6.181771964300424
7442,algoQD,74,200,0.9999896761719899,5.642490764614195
7443,algoQD,74,200,0.9999896761719899,5.636211721692234
7444,algoQD,74,200,0.9999896761719899,5.595206904225051
7445,algoQD,74,200,0.9999896761719899,5.717625764198601
7446,algoQD,74,200,0.9999896761719899,5.233904169406742
7447,algoQD,74,200,0.9999896761719899,5.570573814213276
7448,algoQD,74,200,0.9999896761719899,5.4186736471019685
7449,algoQD,74,200,0.9999896761719899,5.360749233979732
7450,algoQD,74,200,0.9999896761719899,5.34319124976173
7451,algoQD,74,200,0.9999896761719899,5.9758929568342865
7452,algoQD,74,200,0.9999896761719899,6.017439789138734
7453,algoQD,74,200,0.9999896761719899,5.423468907363713
7454,algoQD,74,200,0.9999896761719899,5.519087693654001
7455,algoQD,74,200,0.9999896761719899,6.354394623078406
7456,algoQD,74,200,0.9999896761719899,5.6454439531080425
7457,algoQD,74,200,0.9999896761719899,5.502778041642159
7458,algoQD,74,200,0.9999896761719899,6.189949654974043
7459,algoQD,74,200,0.9999896761719899,5.490808438044041
7460,algoQD,74,200,0.9999896761719899,6.142259786836803
7461,algoQD,74,200,0.9999896761719899,5.964210125152022
7462,algoQD,74,200,0.9999896761719899,6.259748984128237
7463,algoQD,74,200,0.9999896761719899,5.477749526966363
7464,algoQD,74,200,0.9999896761719899,6.217085813172162
7465,algoQD,74,200,0.9999896761719899,5.297252289950848
7466,algoQD,74,200,0.9999896761719899,5.584427087102085
7467,algoQD,74,200,0.9999896761719899,5.469308788888156
7468,algoQD,74,200,0.9999896761719899,6.446371310856193
7469,algoQD,74,200,0.9999896761719899,5.986385500058532
7470,algoQD,74,200,0.9999896761719899,6.3225578758865595
7471,algoQD,74,200,0.9999896761719899,6.049516160041094
7472,algoQD,74,200,0.9999896761719899,5.685657135676593
7473,algoQD,74,200,0.9999896761719899,5.553139416966587
7474,algoQD,74,200,0.9999896761719899,6.524604133795947
7475,algoQD,74,200,0.9999896761719899,6.182535749394447
7476,algoQD,74,200,0.9999896761719899,6.590791677124798
7477,algoQD,74,200,0.9999896761719899,5.919886094983667
7478,algoQD,74,200,0.9999896761719899,6.877204606775194
7479,algoQD,74,200,0.9999896761719899,6.360409868415445
7480,algoQD,74,200,0.9999896761719899,6.401896938215941
7481,algoQD,74,200,0.9999896761719899,5.644626971334219
7482,algoQD,74,200,0.9999896761719899,6.860202504787594
7483,algoQD,74,200,0.9999896761719899,6.118199340999126
7484,algoQD,74,200,0.9999896761719899,6.194826208986342
7485,algoQD,74,200,0.9999896761719899,6.3040378163568676
7486,algoQD,74,200,0.9999896761719899,6.014853504020721
7487,algoQD,74,200,0.9999896761719899,5.455650013871491
7488,algoQD,74,200,0.9999896761719899,6.316243163775653
7489,algoQD,74,200,0.9999896761719899,6.562196374870837
7490,algoQD,74,200,0.9999896761719899,6.211660834029317
7491,algoQD,74,200,0.9999896761719899,5.503355992026627
7492,algoQD,74,200,0.9999896761719899,6.647735700942576
7493,algoQD,74,200,0.9999896761719899,5.52519045304507
7494,algoQD,74,200,0.9999896761719899,6.696775599848479
7495,algoQD,74,200,0.9999896761719899,6.462645397055894
7496,algoQD,74,200,0.9999896761719899,6.379672760609537
7497,algoQD,74,200,0.9999896761719899,5.982259714975953
7498,algoQD,74,200,0.9999896761719899,5.790200376883149
7499,algoQD,74,200,0.9999896761719899,5.47924032388255
7500,algoQD,75,200,0.9999896761719899,6.548541804775596
7501,algoQD,75,200,0.9999896761719899,5.953214744105935
7502,algoQD,75,200,0.9999896761719899,6.384647666011006
7503,algoQD,75,200,0.9999896761719899,6.3770967507734895
7504,algoQD,75,200,0.9999896761719899,6.311143157072365
7505,algoQD,75,200,0.9999896761719899,6.421188041102141
7506,algoQD,75,200,0.9999896761719899,6.111809023655951
7507,algoQD,75,200,0.9999896761719899,6.1974847060628235
7508,algoQD,75,200,0.9999896761719899,6.379507134202868
7509,algoQD,75,200,0.9999896761719899,5.336297038011253
7510,algoQD,75,200,0.9999896761719899,5.6603340888395905
7511,algoQD,75,200,0.9999896761719899,5.993335253093392
7512,algoQD,75,200,0.9999896761719899,6.253085177857429
7513,algoQD,75,200,0.9999896761719899,6.37648733984679
7514,algoQD,75,200,0.9999896761719899,6.5044363578781486
7515,algoQD,75,200,0.9999896761719899,5.698744655121118
7516,algoQD,75,200,0.9999896761719899,5.694062621332705
7517,algoQD,75,200,0.9999896761719899,5.345119887031615
7518,algoQD,75,200,0.9999896761719899,6.112541457172483
7519,algoQD,75,200,0.9999896761719899,6.82203308166936
7520,algoQD,75,200,0.9999896761719899,5.67735699005425
7521,algoQD,75,200,0.9999896761719899,5.156543776858598
7522,algoQD,75,200,0.9999896761719899,5.745217856019735
7523,algoQD,75,200,0.9999896761719899,5.5536831971257925
7524,algoQD,75,200,0.9999896761719899,6.383420757949352
7525,algoQD,75,200,0.9999896761719899,5.648341702762991
7526,algoQD,75,200,0.9999896761719899,5.3656002399511635
7527,algoQD,75,200,0.9999896761719899,6.342804533895105
7528,algoQD,75,200,0.9999896761719899,5.896046321373433
7529,algoQD,75,200,0.9999896761719899,5.391474311705679
7530,algoQD,75,200,0.9999896761719899,5.517153552733362
7531,algoQD,75,200,0.9999896761719899,6.241531862877309
7532,algoQD,75,200,0.9999896761719899,6.073540994897485
7533,algoQD,75,200,0.9999896761719899,5.774464290123433
7534,algoQD,75,200,0.9999896761719899,6.061132901813835
7535,algoQD,75,200,0.9999896761719899,6.251388764940202
7536,algoQD,75,200,0.9999896761719899,5.5068309600465
7537,algoQD,75,200,0.9999896761719899,6.210543878376484
7538,algoQD,75,200,0.9999896761719899,5.2909878878854215
7539,algoQD,75,200,0.9999896761719899,6.1144988550804555
7540,algoQD,75,200,0.9999896761719899,5.55936171580106
7541,algoQD,75,200,0.9999896761719899,5.679370925296098
7542,algoQD,75,200,0.9999896761719899,5.1264111888594925
7543,algoQD,75,200,0.9999896761719899,6.517722410149872
7544,algoQD,75,200,0.9999896761719899,5.575700954999775
7545,algoQD,75,200,0.9999896761719899,6.489367228932679
7546,algoQD,75,200,0.9999896761719899,5.252095378935337
7547,algoQD,75,200,0.9999896761719899,5.925994751043618
7548,algoQD,75,200,0.9999896761719899,5.548977166879922
7549,algoQD,75,200,0.9999896761719899,5.53182256501168
7550,algoQD,75,200,0.9999896761719899,5.711429812014103
7551,algoQD,75,200,0.9999896761719899,4.984039471950382
7552,algoQD,75,200,0.9999896761719899,5.69025421468541
7553,algoQD,75,200,0.9999896761719899,5.399840687867254
7554,algoQD,75,200,0.9999896761719899,5.672923033125699
7555,algoQD,75,200,0.9999896761719899,5.608734263107181
7556,algoQD,75,200,0.9999896761719899,5.242649492807686
7557,algoQD,75,200,0.9999896761719899,5.854042564053088
7558,algoQD,75,200,0.9999896761719899,5.588533909060061
7559,algoQD,75,200,0.9999896761719899,5.339780179783702
7560,algoQD,75,200,0.9999896761719899,5.031413032207638
7561,algoQD,75,200,0.9999896761719899,5.049734275788069
7562,algoQD,75,200,0.9999896761719899,5.149162701331079
7563,algoQD,75,200,0.9999896761719899,5.619107389356941
7564,algoQD,75,200,0.9999896761719899,4.936153492890298
7565,algoQD,75,200,0.9999896761719899,5.703087001107633
7566,algoQD,75,200,0.9999896761719899,5.8460748521611094
7567,algoQD,75,200,0.9999896761719899,5.852650894783437
7568,algoQD,75,200,0.9999896761719899,5.978744808584452
7569,algoQD,75,200,0.9999896761719899,5.7652833252213895
7570,algoQD,75,200,0.9999896761719899,4.786600619088858
7571,algoQD,75,200,0.9999896761719899,5.449605628382415
7572,algoQD,75,200,0.9999896761719899,5.168187594972551
7573,algoQD,75,200,0.9999896761719899,5.759822888765484
7574,algoQD,75,200,0.9999896761719899,5.67109503922984
7575,algoQD,75,200,0.9999896761719899,5.428405384998769
7576,algoQD,75,200,0.9999896761719899,5.015637840144336
7577,algoQD,75,200,0.9999896761719899,5.156404796056449
7578,algoQD,75,200,0.9999896761719899,5.361835355870426
7579,algoQD,75,200,0.9999896761719899,5.397119197063148
7580,algoQD,75,200,0.9999896761719899,5.938145467080176
7581,algoQD,75,200,0.9999896761719899,6.006228854879737
7582,algoQD,75,200,0.9999896761719899,5.760409257374704
7583,algoQD,75,200,0.9999896761719899,5.573475219774991
7584,algoQD,75,200,0.9999896761719899,5.838951633777469
7585,algoQD,75,200,0.9999896761719899,5.487697834149003
7586,algoQD,75,201,0.9999896761719899,5.794883066788316
7587,algoQD,75,201,0.9999896761719899,5.7788428431376815
7588,algoQD,75,202,0.9999896761719899,5.895772911142558
7589,algoQD,75,202,0.9999896761719899,5.454661278054118
7590,algoQD,75,202,0.9999896761719899,5.020023385062814
7591,algoQD,75,202,0.9999896761719899,5.434913691133261
7592,algoQD,75,202,0.9999896761719899,5.959971110802144
7593,algoQD,75,202,0.9999896761719899,5.518914930988103
7594,algoQD,75,202,0.9999896761719899,5.082826946862042
7595,algoQD,75,202,0.9999896761719899,5.876050564926118
7596,algoQD,75,202,0.9999896761719899,5.517676922027022
7597,algoQD,75,202,0.9999896761719899,5.099723218008876
7598,algoQD,75,202,0.9999896761719899,5.627808399032801
7599,algoQD,75,202,0.9999896761719899,5.034708067774773
7600,algoQD,76,202,0.9999896761719899,5.456948359962553
7601,algoQD,76,202,0.9999896761719899,5.641724499873817
7602,algoQD,76,202,0.9999896761719899,5.933215701952577
7603,algoQD,76,202,0.9999896761719899,5.917436410672963
7604,algoQD,76,202,0.9999896761719899,5.228113500867039
7605,algoQD,76,202,0.9999896761719899,5.37133931228891
7606,algoQD,76,202,0.9999896761719899,5.740653472952545
7607,algoQD,76,202,0.9999896761719899,5.292100650258362
7608,algoQD,76,202,0.9999896761719899,5.218080405145884
7609,algoQD,76,202,0.9999896761719899,5.683954595122486
7610,algoQD,76,202,0.9999896761719899,5.459842756856233
7611,algoQD,76,202,0.9999896761719899,5.932482867967337
7612,algoQD,76,202,0.9999896761719899,5.810102431103587
7613,algoQD,76,202,0.9999896761719899,5.817748376168311
7614,algoQD,76,202,0.9999896761719899,5.8318645833060145
7615,algoQD,76,202,0.9999896761719899,5.258521089330316
7616,algoQD,76,202,0.9999896761719899,4.768074146006256
7617,algoQD,76,202,0.9999896761719899,5.353696661069989
7618,algoQD,76,202,0.9999896761719899,5.859727595001459
7619,algoQD,76,202,0.9999896761719899,5.417783667799085
7620,algoQD,76,202,0.9999896761719899,5.400158818811178
7621,algoQD,76,202,0.9999896761719899,5.530888393055648
7622,algoQD,76,202,0.9999896761719899,5.1735116839408875
7623,algoQD,76,202,0.9999896761719899,4.939093837048858
7624,algoQD,76,202,0.9999896761719899,5.378371226601303
7625,algoQD,76,202,0.9999896761719899,4.821304542943835
7626,algoQD,76,202,0.9999896761719899,5.45766514306888
7627,algoQD,76,202,0.9999896761719899,4.646178033202887
7628,algoQD,76,202,0.9999896761719899,4.98779569612816
7629,algoQD,76,202,0.9999896761719899,5.262492530979216
7630,algoQD,76,202,0.9999896761719899,5.417856222949922
7631,algoQD,76,202,0.9999896761719899,5.314600407145917
7632,algoQD,76,202,0.9999896761719899,4.682073628995568
7633,algoQD,76,202,0.9999896761719899,5.586681970860809
7634,algoQD,76,202,0.9999896761719899,4.6272656340152025
7635,algoQD,76,202,0.9999896761719899,5.62724619731307
7636,algoQD,76,202,0.9999896761719899,5.480730820912868
7637,algoQD,76,202,0.9999896761719899,4.792745278216898
7638,algoQD,76,202,0.9999896761719899,5.040816328022629
7639,algoQD,76,202,0.9999896761719899,5.311106957960874
7640,algoQD,76,202,0.9999896761719899,5.723784443922341
7641,algoQD,76,202,0.9999896761719899,5.739765064790845
7642,algoQD,76,202,0.9999896761719899,5.554344255011529
7643,algoQD,76,202,0.9999896761719899,5.0061457748524845
7644,algoQD,76,202,0.9999896761719899,4.7104105851612985
7645,algoQD,76,202,0.9999896761719899,4.894029540009797
7646,algoQD,76,202,0.9999896761719899,4.7618352603167295
7647,algoQD,76,202,0.9999896761719899,5.10250676702708
7648,algoQD,76,202,0.9999896761719899,4.97613093117252
7649,algoQD,76,202,0.9999896761719899,5.356779565103352
7650,algoQD,76,202,0.9999896761719899,4.7226133700460196
7651,algoQD,76,202,0.9999896761719899,5.660414489917457
7652,algoQD,76,202,0.9999896761719899,5.184875043109059
7653,algoQD,76,202,0.9999896761719899,5.236279788892716
7654,algoQD,76,202,0.9999896761719899,5.09361371723935
7655,algoQD,76,202,0.9999896761719899,4.544865888077766
7656,algoQD,76,202,0.9999896761719899,4.4332093596458435
7657,algoQD,76,202,0.9999896761719899,4.455302848946303
7658,algoQD,76,202,0.9999896761719899,4.8074919283390045
7659,algoQD,76,203,0.9999896761719899,4.847940707113594
7660,algoQD,76,203,0.9999896761719899,6.156017534900457
7661,algoQD,76,203,0.9999896761719899,6.900853333063424
7662,algoQD,76,203,0.9999896761719899,6.26158943772316
7663,algoQD,76,203,0.9999896761719899,5.498972303699702
7664,algoQD,76,203,0.9999896761719899,5.259371656924486
7665,algoQD,76,203,0.9999896761719899,5.984956645872444
7666,algoQD,76,203,0.9999896761719899,6.331466753967106
7667,algoQD,76,203,0.9999896761719899,5.955407150089741
7668,algoQD,76,203,0.9999896761719899,5.536070311907679
7669,algoQD,76,203,0.9999896761719899,5.5901900180615485
7670,algoQD,76,203,0.9999896761719899,5.887308112345636
7671,algoQD,76,203,0.9999896761719899,5.596580330748111
7672,algoQD,76,203,0.9999896761719899,5.82872614543885
7673,algoQD,76,203,0.9999896761719899,5.562713538296521
7674,algoQD,76,203,0.9999896761719899,5.254262953996658
7675,algoQD,76,203,0.9999896761719899,5.788106532767415
7676,algoQD,76,203,0.9999896761719899,5.6785433306358755
7677,algoQD,76,203,0.9999896761719899,5.289158380124718
7678,algoQD,76,203,0.9999896761719899,5.589387873187661
7679,algoQD,76,203,0.9999896761719899,4.990432620048523
7680,algoQD,76,203,0.9999896761719899,5.003460242878646
7681,algoQD,76,203,0.9999896761719899,5.23737008869648
7682,algoQD,76,203,0.9999896761719899,5.102107183076441
7683,algoQD,76,203,0.9999896761719899,5.869906254578382
7684,algoQD,76,203,0.9999896761719899,5.808906821068376
7685,algoQD,76,203,0.9999896761719899,5.209021030925214
7686,algoQD,76,203,0.9999896761719899,5.558590698987246
7687,algoQD,76,203,0.9999896761719899,5.732002571690828
7688,algoQD,76,203,0.9999896761719899,5.9043497033417225
7689,algoQD,76,203,0.9999896761719899,5.482599378097802
7690,algoQD,76,203,0.9999896761719899,5.4355977098457515
7691,algoQD,76,203,0.9999896761719899,5.915295602753758
7692,algoQD,76,203,0.9999896761719899,5.629385435022414
7693,algoQD,76,203,0.9999896761719899,5.163559620268643
7694,algoQD,76,203,0.9999896761719899,5.0731963198632
7695,algoQD,76,203,0.9999896761719899,5.380645699799061
7696,algoQD,76,203,0.9999896761719899,5.953093349933624
7697,algoQD,76,203,0.9999896761719899,5.635135757736862
7698,algoQD,76,203,0.9999896761719899,5.200486835092306
7699,algoQD,76,203,0.9999896761719899,5.190107204951346
7700,algoQD,77,203,0.9999896761719899,4.713391076307744
7701,algoQD,77,203,0.9999896761719899,6.162880794610828
7702,algoQD,77,203,0.9999896761719899,5.278140272945166
7703,algoQD,77,203,0.9999896761719899,5.552153093274683
7704,algoQD,77,203,0.9999896761719899,5.888639641925693
7705,algoQD,77,203,0.9999896761719899,5.955692010931671
7706,algoQD,77,203,0.9999896761719899,5.557057828176767
7707,algoQD,77,203,0.9999896761719899,6.214276013895869
7708,algoQD,77,203,0.9999896761719899,6.478445876855403
7709,algoQD,77,203,0.9999896761719899,6.412928266916424
7710,algoQD,77,203,0.9999896761719899,6.24777871882543
7711,algoQD,77,203,0.9999896761719899,5.696467369794846
7712,algoQD,77,203,0.9999896761719899,6.1825400167144835
7713,algoQD,77,203,0.9999896761719899,5.393438841216266
7714,algoQD,77,204,0.9999896761719899,6.477200214751065
7715,algoQD,77,204,0.9999896761719899,5.701300721149892
7716,algoQD,77,204,0.9999896761719899,5.486311170272529
7717,algoQD,77,204,0.9999896761719899,6.4804821237921715
7718,algoQD,77,204,0.9999896761719899,5.6309582171961665
7719,algoQD,77,204,0.9999896761719899,6.5453743622638285
7720,algoQD,77,204,0.9999896761719899,5.340061296708882
7721,algoQD,77,204,0.9999896761719899,6.005818733014166
7722,algoQD,77,204,0.9999896761719899,6.406759673263878
7723,algoQD,77,204,0.9999896761719899,6.558100967202336
7724,algoQD,77,204,0.9999896761719899,6.386086006183177
7725,algoQD,77,204,0.9999896761719899,5.536689797881991
7726,algoQD,77,204,0.9999896761719899,5.894291821401566
7727,algoQD,77,204,0.9999896761719899,5.643683948088437
7728,algoQD,77,204,0.9999896761719899,5.952142645139247
7729,algoQD,77,204,0.9999896761719899,5.893080973997712
7730,algoQD,77,204,0.9999896761719899,6.318759951274842
7731,algoQD,77,204,0.9999896761719899,6.5705577209591866
7732,algoQD,77,204,0.9999896761719899,5.494781142100692
7733,algoQD,77,204,0.9999896761719899,5.9686558111570776
7734,algoQD,77,204,0.9999896761719899,6.715397839900106
7735,algoQD,77,204,0.9999896761719899,6.887998397927731
7736,algoQD,77,204,0.9999896761719899,6.500137839931995
7737,algoQD,77,204,0.9999896761719899,6.425381386186928
7738,algoQD,77,204,0.9999896761719899,6.245738172903657
7739,algoQD,77,204,0.9999896761719899,6.413851051125675
7740,algoQD,77,204,0.9999896761719899,5.88904721243307
7741,algoQD,77,204,0.9999896761719899,5.904645330738276
7742,algoQD,77,204,0.9999896761719899,6.640350167173892
7743,algoQD,77,204,0.9999896761719899,6.580403892323375
7744,algoQD,77,204,0.9999896761719899,5.55384438438341
7745,algoQD,77,204,0.9999896761719899,5.733420233242214
7746,algoQD,77,204,0.9999896761719899,6.751711707096547
7747,algoQD,77,204,0.9999896761719899,6.434302820358425
7748,algoQD,77,204,0.9999896761719899,5.5948789939284325
7749,algoQD,77,205,0.9999896761719899,6.606912434101105
7750,algoQD,77,206,0.9999896761719899,6.5919519192539155
7751,algoQD,77,206,0.9999896761719899,6.434492309112102
7752,algoQD,77,206,0.9999896761719899,6.06366890668869
7753,algoQD,77,206,0.9999896761719899,5.9480454148724675
7754,algoQD,77,206,0.9999896761719899,5.7188987378031015
7755,algoQD,77,206,0.9999896761719899,5.840072627179325
7756,algoQD,77,206,0.9999896761719899,6.749886196106672
7757,algoQD,77,206,0.9999896761719899,6.3889526426792145
7758,algoQD,77,206,0.9999896761719899,6.155044348910451
7759,algoQD,77,206,0.9999896761719899,6.427585459314287
7760,algoQD,77,206,0.9999896761719899,6.653368272352964
7761,algoQD,77,206,0.9999896761719899,5.814564926084131
7762,algoQD,77,206,0.9999896761719899,6.303243114612997
7763,algoQD,77,206,0.9999896761719899,5.672357439994812
7764,algoQD,77,206,0.9999896761719899,5.832395141012967
7765,algoQD,77,206,0.9999896761719899,5.79022558266297
7766,algoQD,77,206,0.9999896761719899,5.835065397433937
7767,algoQD,77,206,0.9999896761719899,6.4529753173701465
7768,algoQD,77,206,0.9999896761719899,5.462967648170888
7769,algoQD,77,206,0.9999896761719899,5.467315373010933
7770,algoQD,77,206,0.9999896761719899,5.43915735417977
7771,algoQD,77,206,0.9999896761719899,5.62832305720076
7772,algoQD,77,206,0.9999896761719899,5.994421340990812
7773,algoQD,77,206,0.9999896761719899,5.8128072349354625
7774,algoQD,77,206,0.9999896761719899,6.395590632688254
7775,algoQD,77,206,0.9999896761719899,6.410044940654188
7776,algoQD,77,206,0.9999896761719899,5.434195509646088
7777,algoQD,77,206,0.9999896761719899,5.469430439174175
7778,algoQD,77,206,0.9999896761719899,6.209955520927906
7779,algoQD,77,206,0.9999896761719899,5.724365327041596
7780,algoQD,77,206,0.9999896761719899,5.776190675795078
7781,algoQD,77,206,0.9999896761719899,5.094389720354229
7782,algoQD,77,206,0.9999896761719899,5.657674218993634
7783,algoQD,77,206,0.9999896761719899,5.548572388943285
7784,algoQD,77,206,0.9999896761719899,6.140358493197709
7785,algoQD,77,206,0.9999896761719899,6.332738457713276
7786,algoQD,77,206,0.9999896761719899,6.270285848993808
7787,algoQD,77,206,0.9999896761719899,5.693225604947656
7788,algoQD,77,206,0.9999896761719899,5.19164913892746
7789,algoQD,77,206,0.9999896761719899,5.405458940193057
7790,algoQD,77,206,0.9999896761719899,6.195548051036894
7791,algoQD,77,206,0.9999896761719899,5.82734789699316
7792,algoQD,77,206,0.9999896761719899,6.280234024859965
7793,algoQD,77,206,0.9999896761719899,5.920127741061151
7794,algoQD,77,206,0.9999896761719899,6.126200456172228
7795,algoQD,77,206,0.9999896761719899,6.146235927939415
7796,algoQD,77,206,0.9999896761719899,6.616840781643987
7797,algoQD,77,206,0.9999896761719899,5.565457497723401
7798,algoQD,77,206,0.9999896761719899,6.258380237966776
7799,algoQD,77,206,0.9999896761719899,5.386485173832625
7800,algoQD,78,206,0.9999896761719899,6.216928343754262
7801,algoQD,78,206,0.9999896761719899,6.169320169836283
7802,algoQD,78,206,0.9999896761719899,5.246157317887992
7803,algoQD,78,206,0.9999896761719899,6.3016456863842905
7804,algoQD,78,206,0.9999896761719899,6.146295069716871
7805,algoQD,78,206,0.9999896761719899,6.046562549192458
7806,algoQD,78,206,0.9999896761719899,5.061115395277739
7807,algoQD,78,206,0.9999896761719899,6.1010753670707345
7808,algoQD,78,207,0.9999896761719899,6.04774338984862
7809,algoQD,78,207,0.9999896761719899,5.442638632375747
7810,algoQD,78,207,0.9999896761719899,5.439838350750506
7811,algoQD,78,207,0.9999896761719899,5.423701365943998
7812,algoQD,78,207,0.9999896761719899,5.441227225121111
7813,algoQD,78,207,0.9999896761719899,5.1463791420683265
7814,algoQD,78,207,0.9999896761719899,5.910208431072533
7815,algoQD,78,207,0.9999896761719899,5.279159898404032
7816,algoQD,78,207,0.9999896761719899,6.055890331976116
7817,algoQD,78,207,0.9999896761719899,4.977708140388131
7818,algoQD,78,207,0.9999896761719899,5.459581159986556
7819,algoQD,78,207,0.9999896761719899,5.247415153775364
7820,algoQD,78,207,0.9999896761719899,5.0914156208746135
7821,algoQD,78,207,0.9999896761719899,4.726293492130935
7822,algoQD,78,207,0.9999896761719899,5.133292227983475
7823,algoQD,78,207,0.9999896761719899,5.060215617064387
7824,algoQD,78,207,0.9999896761719899,4.902895187959075
7825,algoQD,78,207,0.9999896761719899,6.078092236071825
7826,algoQD,78,207,0.9999896761719899,5.411595202982426
7827,algoQD,78,207,0.9999896761719899,6.003338728100061
7828,algoQD,78,207,0.9999896761719899,5.5439468789845705
7829,algoQD,78,207,0.9999896761719899,5.2809948772192
7830,algoQD,78,207,0.9999896761719899,6.0214510769583285
7831,algoQD,78,207,0.9999896761719899,5.501620652619749
7832,algoQD,78,207,0.9999896761719899,5.676566631998867
7833,algoQD,78,207,0.9999896761719899,5.215865077916533
7834,algoQD,78,207,0.9999896761719899,5.892846539616585
7835,algoQD,78,207,0.9999896761719899,5.7998320129700005
7836,algoQD,78,207,0.9999896761719899,5.716863393317908
7837,algoQD,78,207,0.9999896761719899,5.06517693027854
7838,algoQD,78,207,0.9999896761719899,5.222998023964465
7839,algoQD,78,207,0.9999896761719899,5.85194134991616
7840,algoQD,78,207,0.9999896761719899,5.414968576282263
7841,algoQD,78,207,0.9999896761719899,5.987775325309485
7842,algoQD,78,207,0.9999896761719899,5.693139533046633
7843,algoQD,78,207,0.9999896761719899,4.875756315886974
7844,algoQD,78,207,0.9999896761719899,5.310916956979781
7845,algoQD,78,207,0.9999896761719899,4.858910128008574
7846,algoQD,78,207,0.9999896761719899,5.1588165876455605
7847,algoQD,78,207,0.9999896761719899,5.328543657902628
7848,algoQD,78,207,0.9999896761719899,5.691366943065077
7849,algoQD,78,207,0.9999896761719899,6.176465088035911
7850,algoQD,78,207,0.9999896761719899,6.25121945887804
7851,algoQD,78,207,0.9999896761719899,5.185243126004934
7852,algoQD,78,207,0.9999896761719899,5.39336033212021
7853,algoQD,78,207,0.9999896761719899,4.986806858796626
7854,algoQD,78,207,0.9999896761719899,6.006152966059744
7855,algoQD,78,207,0.9999896761719899,5.328317639417946
7856,algoQD,78,207,0.9999896761719899,6.202948230784386
7857,algoQD,78,207,0.9999896761719899,5.490310274995863
7858,algoQD,78,207,0.9999896761719899,5.192885122727603
7859,algoQD,78,207,0.9999896761719899,5.725582073908299
7860,algoQD,78,207,0.9999896761719899,5.925369964912534
7861,algoQD,78,207,0.9999896761719899,5.356481197755784
7862,algoQD,78,207,0.9999896761719899,5.325500328093767
7863,algoQD,78,207,0.9999896761719899,5.887250117026269
7864,algoQD,78,207,0.9999896761719899,4.797608216293156
7865,algoQD,78,207,0.9999896761719899,5.4572909362614155
7866,algoQD,78,207,0.9999896761719899,5.333076723385602
7867,algoQD,78,207,0.9999896761719899,5.508758874144405
7868,algoQD,78,207,0.9999896761719899,5.8134582177735865
7869,algoQD,78,207,0.9999896761719899,5.804624108131975
7870,algoQD,78,207,0.9999896761719899,6.069006664678454
7871,algoQD,78,207,0.9999896761719899,5.803160041105002
7872,algoQD,78,207,0.9999896761719899,5.90804075775668
7873,algoQD,78,207,0.9999896761719899,5.41340314084664
7874,algoQD,78,207,0.9999896761719899,5.32338871108368
7875,algoQD,78,207,0.9999896761719899,4.962173943873495
7876,algoQD,78,207,0.9999896761719899,4.873689253348857
7877,algoQD,78,207,0.9999896761719899,4.903409170918167
7878,algoQD,78,207,0.9999896761719899,5.447284712921828
7879,algoQD,78,207,0.9999896761719899,5.360677999909967
7880,algoQD,78,207,0.9999896761719899,4.964348722714931
7881,algoQD,78,207,0.9999896761719899,5.505936610046774
7882,algoQD,78,208,0.9999896761719899,5.955669341143221
7883,algoQD,78,208,0.9999896761719899,4.820401409175247
7884,algoQD,78,208,0.9999896761719899,5.419619362801313
7885,algoQD,78,208,0.9999896761719899,4.951842322945595
7886,algoQD,78,208,0.9999896761719899,5.585690095089376
7887,algoQD,78,208,0.9999896761719899,5.975854846648872
7888,algoQD,78,208,0.9999896761719899,5.1541551551781595
7889,algoQD,78,208,0.9999896761719899,5.701979876961559
7890,algoQD,78,208,0.9999896761719899,4.853474522009492
7891,algoQD,78,208,0.9999896761719899,5.412247978150845
7892,algoQD,78,208,0.9999896761719899,5.35280320327729
7893,algoQD,78,208,0.9999896761719899,5.364089786075056
7894,algoQD,78,208,0.9999896761719899,5.151372107677162
7895,algoQD,78,208,0.9999896761719899,5.207530544139445
7896,algoQD,78,208,0.9999896761719899,5.299389691092074
7897,algoQD,78,208,0.9999896761719899,6.076366159133613
7898,algoQD,78,208,0.9999896761719899,6.464993483852595
7899,algoQD,78,208,0.9999896761719899,6.063440929166973
7900,algoQD,79,208,0.9999896761719899,5.644675844814628
7901,algoQD,79,208,0.9999896761719899,5.358974149916321
7902,algoQD,79,208,0.9999896761719899,5.915070860181004
7903,algoQD,79,208,0.9999896761719899,5.4763436312787235
7904,algoQD,79,208,0.9999896761719899,5.7818132932297885
7905,algoQD,79,208,0.9999896761719899,5.962572834454477
7906,algoQD,79,208,0.9999896761719899,5.249754967633635
7907,algoQD,79,208,0.9999896761719899,6.11143030365929
7908,algoQD,79,208,0.9999896761719899,5.773258000146598
7909,algoQD,79,208,0.9999896761719899,5.05918413028121
7910,algoQD,79,208,0.9999896761719899,5.93357720086351
7911,algoQD,79,208,0.9999896761719899,6.048106147907674
7912,algoQD,79,208,0.9999896761719899,5.906206332147121
7913,algoQD,79,208,0.9999896761719899,5.6696100709959865
7914,algoQD,79,208,0.9999896761719899,5.068326742853969
7915,algoQD,79,208,0.9999896761719899,5.282705910969526
7916,algoQD,79,208,0.9999896761719899,5.321190476883203
7917,algoQD,79,208,0.9999896761719899,5.20292206807062
7918,algoQD,79,208,0.9999896761719899,5.064016840886325
7919,algoQD,79,208,0.9999896761719899,5.725407416932285
7920,algoQD,79,208,0.9999896761719899,5.485126776155084
7921,algoQD,79,208,0.9999896761719899,5.820902122184634
7922,algoQD,79,208,0.9999896761719899,6.003273899201304
7923,algoQD,79,208,0.9999896761719899,5.878669417928904
7924,algoQD,79,208,0.9999896761719899,6.020518026314676
7925,algoQD,79,209,0.9999896761719899,6.131137707270682
7926,algoQD,79,209,0.9999896761719899,5.883806244004518
7927,algoQD,79,209,0.9999896761719899,6.117203651927412
7928,algoQD,79,209,0.9999896761719899,6.34038942726329
7929,algoQD,79,209,0.9999896761719899,5.415575594175607
7930,algoQD,79,209,0.9999896761719899,6.064988743979484
7931,algoQD,79,209,0.9999896761719899,5.465906204190105
7932,algoQD,79,209,0.9999896761719899,5.5260935430414975
7933,algoQD,79,209,0.9999896761719899,5.194100101944059
7934,algoQD,79,209,0.9999896761719899,5.936790014151484
7935,algoQD,79,209,0.9999896761719899,6.012898990884423
7936,algoQD,79,209,0.9999896761719899,6.234411875251681
7937,algoQD,79,209,0.9999896761719899,6.094949197024107
7938,algoQD,79,209,0.9999896761719899,6.001107355114073
7939,algoQD,79,209,0.9999896761719899,5.431546429172158
7940,algoQD,79,209,0.9999896761719899,5.624896477907896
7941,algoQD,79,209,0.9999896761719899,6.3170787882991135
7942,algoQD,79,209,0.9999896761719899,6.006904647685587
7943,algoQD,79,209,0.9999896761719899,6.165704912971705
7944,algoQD,79,209,0.9999896761719899,5.253732642624527
7945,algoQD,79,209,0.9999896761719899,5.981704718898982
7946,algoQD,79,209,0.9999896761719899,5.788235534913838
7947,algoQD,79,209,0.9999896761719899,5.744665851816535
7948,algoQD,79,209,0.9999896761719899,5.015876860823482
7949,algoQD,79,209,0.9999896761719899,5.177534193731844
7950,algoQD,79,209,0.9999896761719899,5.748970964923501
7951,algoQD,79,209,0.9999896761719899,6.059099597856402
7952,algoQD,79,209,0.9999896761719899,5.579542802181095
7953,algoQD,79,209,0.9999896761719899,5.501634383108467
7954,algoQD,79,209,0.9999896761719899,5.465574054047465
7955,algoQD,79,209,0.9999896761719899,5.690651603974402
7956,algoQD,79,209,0.9999896761719899,5.179014400113374
7957,algoQD,79,209,0.9999896761719899,5.240788988769054
7958,algoQD,79,209,0.9999896761719899,6.094990324694663
7959,algoQD,79,209,0.9999896761719899,5.146005808841437
7960,algoQD,79,209,0.9999896761719899,6.021933081094176
7961,algoQD,79,209,0.9999896761719899,5.352040910162032
7962,algoQD,79,209,0.9999896761719899,5.9878060962073505
7963,algoQD,79,209,0.9999896761719899,6.277031306177378
7964,algoQD,79,209,0.9999896761719899,5.453646651934832
7965,algoQD,79,210,0.9999896761719899,5.38815677491948
7966,algoQD,79,210,0.9999896761719899,5.762776936870068
7967,algoQD,79,210,0.9999896761719899,6.076886220835149
7968,algoQD,79,210,0.9999896761719899,5.281385025009513
7969,algoQD,79,210,0.9999896761719899,5.490353439934552
7970,algoQD,79,210,0.9999896761719899,5.291347757913172
7971,algoQD,79,210,0.9999896761719899,5.666947361081839
7972,algoQD,79,210,0.9999896761719899,6.103443324100226
7973,algoQD,79,210,0.9999896761719899,6.274766810238361
7974,algoQD,79,210,0.9999896761719899,5.180848161689937
7975,algoQD,79,210,0.9999896761719899,5.83955731568858
7976,algoQD,79,210,0.9999896761719899,5.490987707860768
7977,algoQD,79,210,0.9999896761719899,5.392597133293748
7978,algoQD,79,210,0.9999896761719899,5.662014381960034
7979,algoQD,79,210,0.9999896761719899,5.246714252978563
7980,algoQD,79,210,0.9999896761719899,5.697023734916002
7981,algoQD,79,210,0.9999896761719899,5.423464979976416
7982,algoQD,79,210,0.9999896761719899,5.238867488224059
7983,algoQD,79,210,0.9999896761719899,6.451245782896876
7984,algoQD,79,210,0.9999896761719899,6.02636868134141
7985,algoQD,79,210,0.9999896761719899,5.573013425804675
7986,algoQD,79,210,0.9999896761719899,6.353949666023254
7987,algoQD,79,210,0.9999896761719899,5.1452497211284935
7988,algoQD,79,210,0.9999896761719899,6.063282600138336
7989,algoQD,79,210,0.9999896761719899,4.832960555329919
7990,algoQD,79,210,0.9999896761719899,5.156843081582338
7991,algoQD,79,210,0.9999896761719899,5.340638120193034
7992,algoQD,79,210,0.9999896761719899,5.83526506787166
7993,algoQD,79,210,0.9999896761719899,6.583983989898115
7994,algoQD,79,210,0.9999896761719899,5.2049946947954595
7995,algoQD,79,210,0.9999896761719899,6.263580404687673
7996,algoQD,79,210,0.9999896761719899,5.3297889032401145
7997,algoQD,79,210,0.9999896761719899,5.15260344510898
7998,algoQD,79,210,0.9999896761719899,5.897342566866428
7999,algoQD,79,210,0.9999896761719899,6.152001621667296
8000,algoQD,80,210,0.9999896761719899,5.229075930081308
8001,algoQD,80,210,0.9999896761719899,5.612945708911866
8002,algoQD,80,210,0.9999896761719899,5.751146874856204
8003,algoQD,80,211,0.9999896761719899,5.989800344221294
8004,algoQD,80,211,0.9999896761719899,5.177694556768984
8005,algoQD,80,211,0.9999896761719899,5.281633393839002
8006,algoQD,80,211,0.9999896761719899,5.734626985155046
8007,algoQD,80,211,0.9999896761719899,6.0269234091974795
8008,algoQD,80,211,0.9999896761719899,5.621483197901398
8009,algoQD,80,211,0.9999896761719899,5.583667854778469
8010,algoQD,80,211,0.9999896761719899,5.635240418370813
8011,algoQD,80,211,0.9999896761719899,5.27006170200184
8012,algoQD,80,211,0.9999896761719899,5.921485717408359
8013,algoQD,80,211,0.9999896761719899,5.902618291787803
8014,algoQD,80,211,0.9999896761719899,5.441206729970872
8015,algoQD,80,211,0.9999896761719899,5.1825998038984835
8016,algoQD,80,211,0.9999896761719899,5.860482409130782
8017,algoQD,80,212,0.9999896761719899,5.637853405904025
8018,algoQD,80,212,0.9999896761719899,5.452038021758199
8019,algoQD,80,212,0.9999896761719899,5.6245586490258574
8020,algoQD,80,212,0.9999896761719899,5.257532821968198
8021,algoQD,80,212,0.9999896761719899,5.633770572021604
8022,algoQD,80,212,0.9999896761719899,5.20038218004629
8023,algoQD,80,212,0.9999896761719899,5.2498931479640305
8024,algoQD,80,212,0.9999896761719899,5.356860647909343
8025,algoQD,80,212,0.9999896761719899,5.015498036053032
8026,algoQD,80,212,0.9999896761719899,5.651700065005571
8027,algoQD,80,212,0.9999896761719899,5.5081321080215275
8028,algoQD,80,212,0.9999896761719899,4.921281547285616
8029,algoQD,80,212,0.9999896761719899,5.7050391170196235
8030,algoQD,80,212,0.9999896761719899,5.0051146084442735
8031,algoQD,80,212,0.9999896761719899,5.607752959243953
8032,algoQD,80,212,0.9999896761719899,4.945580753963441
8033,algoQD,80,212,0.9999896761719899,5.6511460789479315
8034,algoQD,80,212,0.9999896761719899,5.2301894230768085
8035,algoQD,80,212,0.9999896761719899,5.226828183047473
8036,algoQD,80,212,0.9999896761719899,6.042712057009339
8037,algoQD,80,212,0.9999896761719899,5.205880837049335
8038,algoQD,80,212,0.9999896761719899,5.502218335866928
8039,algoQD,80,212,0.9999896761719899,5.719784051645547
8040,algoQD,80,212,0.9999896761719899,5.821731327101588
8041,algoQD,80,212,0.9999896761719899,5.078446742147207
8042,algoQD,80,212,0.9999896761719899,4.766522637102753
8043,algoQD,80,212,0.9999896761719899,5.7392173376865685
8044,algoQD,80,212,0.9999896761719899,5.7866156958043575
8045,algoQD,80,212,0.9999896761719899,5.371719719842076
8046,algoQD,80,212,0.9999896761719899,4.9847795609384775
8047,algoQD,80,212,0.9999896761719899,5.121776313055307
8048,algoQD,80,212,0.9999896761719899,5.134217356797308
8049,algoQD,80,212,0.9999896761719899,4.811925205402076
8050,algoQD,80,212,0.9999896761719899,5.055735770147294
8051,algoQD,80,212,0.9999896761719899,5.960602454375476
8052,algoQD,80,212,0.9999896761719899,4.991647974122316
8053,algoQD,80,212,0.9999896761719899,4.960752961225808
8054,algoQD,80,212,0.9999896761719899,5.468599326908588
8055,algoQD,80,212,0.9999896761719899,5.627150422893465
8056,algoQD,80,212,0.9999896761719899,5.687110269907862
8057,algoQD,80,212,0.9999896761719899,6.2252887529321015
8058,algoQD,80,212,0.9999896761719899,5.459095872938633
8059,algoQD,80,212,0.9999896761719899,5.602219863329083
8060,algoQD,80,212,0.9999896761719899,5.646765761077404
8061,algoQD,80,212,0.9999896761719899,5.429200535174459
8062,algoQD,80,212,0.9999896761719899,4.954521534964442
8063,algoQD,80,212,0.9999896761719899,5.294580397196114
8064,algoQD,80,212,0.9999896761719899,5.621935341041535
8065,algoQD,80,212,0.9999896761719899,5.8513408759608865
8066,algoQD,80,212,0.9999896761719899,5.7890209928154945
8067,algoQD,80,212,0.9999896761719899,5.317589798010886
8068,algoQD,80,212,0.9999896761719899,5.445029388181865
8069,algoQD,80,212,0.9999896761719899,5.504074746742845
8070,algoQD,80,212,0.9999896761719899,5.568474041763693
8071,algoQD,80,212,0.9999896761719899,5.6038595121353865
8072,algoQD,80,212,0.9999896761719899,5.581164245028049
8073,algoQD,80,212,0.9999896761719899,5.075202457141131
8074,algoQD,80,212,0.9999896761719899,5.865043112076819
8075,algoQD,80,212,0.9999896761719899,5.607019962277263
8076,algoQD,80,212,0.9999896761719899,5.42602084716782
8077,algoQD,80,212,0.9999896761719899,5.2874760972335935
8078,algoQD,80,212,0.9999896761719899,5.336101619992405
8079,algoQD,80,212,0.9999896761719899,4.663724611978978
8080,algoQD,80,212,0.9999896761719899,4.97642691899091
8081,algoQD,80,212,0.9999896761719899,5.589678911026567
8082,algoQD,80,212,0.9999896761719899,5.087644231040031
8083,algoQD,80,212,0.9999896761719899,5.136958267074078
8084,algoQD,80,212,0.9999896761719899,5.760973513126373
8085,algoQD,80,212,0.9999896761719899,5.420983450952917
8086,algoQD,80,212,0.9999896761719899,5.148594900034368
8087,algoQD,80,212,0.9999896761719899,5.072510270867497
8088,algoQD,80,212,0.9999896761719899,5.600779893342406
8089,algoQD,80,212,0.9999896761719899,5.891669103875756
8090,algoQD,80,212,0.9999896761719899,5.1115325121209025
8091,algoQD,80,212,0.9999896761719899,6.016216500662267
8092,algoQD,80,212,0.9999896761719899,5.377830435056239
8093,algoQD,80,212,0.9999896761719899,5.645899295806885
8094,algoQD,80,212,0.9999896761719899,5.269219316076487
8095,algoQD,80,212,0.9999896761719899,4.987706467974931
8096,algoQD,80,212,0.9999896761719899,5.013793983962387
8097,algoQD,80,212,0.9999896761719899,4.82753653312102
8098,algoQD,80,212,0.9999896761719899,4.961244645994157
8099,algoQD,80,212,0.9999896761719899,4.636683302000165
8100,algoQD,81,212,0.9999896761719899,5.804343387950212
8101,algoQD,81,212,0.9999896761719899,5.460385899990797
8102,algoQD,81,212,0.9999896761719899,5.666995148174465
8103,algoQD,81,212,0.9999896761719899,6.194268158171326
8104,algoQD,81,213,0.9999896761719899,6.3349777879193425
8105,algoQD,81,213,0.9999896761719899,5.988813290372491
8106,algoQD,81,213,0.9999896761719899,5.0887546627782285
8107,algoQD,81,213,0.9999896761719899,6.11991115193814
8108,algoQD,81,213,0.9999896761719899,5.457803489640355
8109,algoQD,81,213,0.9999896761719899,6.099170568864793
8110,algoQD,81,213,0.9999896761719899,5.347752371802926
8111,algoQD,81,213,0.9999896761719899,6.242211562115699
8112,algoQD,81,213,0.9999896761719899,5.506540135014802
8113,algoQD,81,213,0.9999896761719899,6.677233471069485
8114,algoQD,81,213,0.9999896761719899,5.840564004611224
8115,algoQD,81,213,0.9999896761719899,6.138075178023428
8116,algoQD,81,213,0.9999896761719899,6.454502406064421
8117,algoQD,81,213,0.9999896761719899,5.656411231961101
8118,algoQD,81,213,0.9999896761719899,5.554100516717881
8119,algoQD,81,213,0.9999896761719899,5.473625394050032
8120,algoQD,81,213,0.9999896761719899,5.658897229935974
8121,algoQD,81,213,0.9999896761719899,6.483171436935663
8122,algoQD,81,213,0.9999896761719899,6.10398537479341
8123,algoQD,81,213,0.9999896761719899,6.006994730327278
8124,algoQD,81,213,0.9999896761719899,5.3067083288915455
8125,algoQD,81,213,0.9999896761719899,5.927571129985154
8126,algoQD,81,213,0.9999896761719899,6.289648432284594
8127,algoQD,81,213,0.9999896761719899,5.88620781712234
8128,algoQD,81,213,0.9999896761719899,5.282105450984091
8129,algoQD,81,213,0.9999896761719899,5.5340166529640555
8130,algoQD,81,213,0.9999896761719899,6.29317191708833
8131,algoQD,81,213,0.9999896761719899,6.501744258217514
8132,algoQD,81,213,0.9999896761719899,5.808584870304912
8133,algoQD,81,213,0.9999896761719899,6.600402140058577
8134,algoQD,81,214,0.9999896761719899,6.373189327772707
8135,algoQD,81,214,0.9999896761719899,5.850425207056105
8136,algoQD,81,214,0.9999896761719899,5.588318621274084
8137,algoQD,81,214,0.9999896761719899,6.681706161238253
8138,algoQD,81,214,0.9999896761719899,6.447763203177601
8139,algoQD,81,214,0.9999896761719899,6.984121927060187
8140,algoQD,81,214,0.9999896761719899,5.7309165499173105
8141,algoQD,81,214,0.9999896761719899,5.720359945204109
8142,algoQD,81,214,0.9999896761719899,6.727850467897952
8143,algoQD,81,214,0.9999896761719899,5.7456964729353786
8144,algoQD,81,214,0.9999896761719899,6.456494268961251
8145,algoQD,81,214,0.9999896761719899,5.919930004980415
8146,algoQD,81,214,0.9999896761719899,6.803594794124365
8147,algoQD,81,214,0.9999896761719899,5.619663058314472
8148,algoQD,81,214,0.9999896761719899,6.521977137774229
8149,algoQD,81,214,0.9999896761719899,6.268400058150291
8150,algoQD,81,214,0.9999896761719899,6.216254464816302
8151,algoQD,81,214,0.9999896761719899,5.871320652309805
8152,algoQD,81,214,0.9999896761719899,6.621035852003843
8153,algoQD,81,214,0.9999896761719899,5.674735851120204
8154,algoQD,81,214,0.9999896761719899,6.273386591114104
8155,algoQD,81,214,0.9999896761719899,6.37134266924113
8156,algoQD,81,214,0.9999896761719899,6.048533905763179
8157,algoQD,81,214,0.9999896761719899,6.46833020914346
8158,algoQD,81,214,0.9999896761719899,6.637760447803885
8159,algoQD,81,214,0.9999896761719899,6.623338231816888
8160,algoQD,81,214,0.9999896761719899,6.5440418240614235
8161,algoQD,81,214,0.9999896761719899,5.892912252806127
8162,algoQD,81,214,0.9999896761719899,6.524319464340806
8163,algoQD,81,214,0.9999896761719899,6.34233406605199
8164,algoQD,81,214,0.9999896761719899,6.215616699773818
8165,algoQD,81,214,0.9999896761719899,5.497640000656247
8166,algoQD,81,214,0.9999896761719899,5.523102765902877
8167,algoQD,81,214,0.9999896761719899,5.745150259695947
8168,algoQD,81,214,0.9999896761719899,5.989970546215773
8169,algoQD,81,214,0.9999896761719899,6.671665211673826
8170,algoQD,81,214,0.9999896761719899,5.722043356392533
8171,algoQD,81,214,0.9999896761719899,5.782960411161184
8172,algoQD,81,214,0.9999896761719899,5.323666838929057
8173,algoQD,81,214,0.9999896761719899,6.382771600969136
8174,algoQD,81,214,0.9999896761719899,6.000632919836789
8175,algoQD,81,214,0.9999896761719899,5.737288997974247
8176,algoQD,81,214,0.9999896761719899,5.346871667075902
8177,algoQD,81,214,0.9999896761719899,6.245562843047082
8178,algoQD,81,214,0.9999896761719899,6.139244868885726
8179,algoQD,81,214,0.9999896761719899,6.233037221245468
8180,algoQD,81,214,0.9999896761719899,5.287088443990797
8181,algoQD,81,214,0.9999896761719899,5.476758470758796
8182,algoQD,81,214,0.9999896761719899,6.151138215791434
8183,algoQD,81,214,0.9999896761719899,6.283531033899635
8184,algoQD,81,214,0.9999896761719899,5.2572816126048565
8185,algoQD,81,214,0.9999896761719899,5.076986416708678
8186,algoQD,81,214,0.9999896761719899,5.314855522010475
8187,algoQD,81,214,0.9999896761719899,5.171342986635864
8188,algoQD,81,214,0.9999896761719899,5.942353689111769
8189,algoQD,81,214,0.9999896761719899,5.233234531711787
8190,algoQD,81,214,0.9999896761719899,5.945359536912292
8191,algoQD,81,214,0.9999896761719899,5.51570699410513
8192,algoQD,81,214,0.9999896761719899,5.749935769941658
8193,algoQD,81,214,0.9999896761719899,5.170555438380688
8194,algoQD,81,215,0.9999896761719899,6.147123201284558
8195,algoQD,81,215,0.9999896761719899,5.027141970116645
8196,algoQD,81,215,0.9999896761719899,5.25815396104008
8197,algoQD,81,215,0.9999896761719899,6.168294798117131
8198,algoQD,81,215,0.9999896761719899,5.390505610965192
8199,algoQD,81,215,0.9999896761719899,5.423634758219123
8200,algoQD,82,215,0.9999896761719899,5.981987083796412
8201,algoQD,82,215,0.9999896761719899,5.7826117323711514
8202,algoQD,82,215,0.9999896761719899,5.197952558286488
8203,algoQD,82,215,0.9999896761719899,5.784066781401634
8204,algoQD,82,215,0.9999896761719899,5.152527442201972
8205,algoQD,82,215,0.9999896761719899,5.6098881820216775
8206,algoQD,82,215,0.9999896761719899,5.649124015122652
8207,algoQD,82,215,0.9999896761719899,5.123606632929295
8208,algoQD,82,215,0.9999896761719899,5.114718751981854
8209,algoQD,82,215,0.9999896761719899,5.05609448812902
8210,algoQD,82,215,0.9999896761719899,5.389999705832452
8211,algoQD,82,215,0.9999896761719899,5.4764570808038116
8212,algoQD,82,215,0.9999896761719899,6.026468608994037
8213,algoQD,82,215,0.9999896761719899,5.929184117820114
8214,algoQD,82,215,0.9999896761719899,6.155387483071536
8215,algoQD,82,215,0.9999896761719899,5.193827254232019
8216,algoQD,82,215,0.9999896761719899,5.709741004277021
8217,algoQD,82,215,0.9999896761719899,5.631293240003288
8218,algoQD,82,215,0.9999896761719899,5.496024928987026
8219,algoQD,82,215,0.9999896761719899,6.288971792906523
8220,algoQD,82,215,0.9999896761719899,5.927944326773286
8221,algoQD,82,215,0.9999896761719899,5.56940608099103
8222,algoQD,82,215,0.9999896761719899,5.34220310812816
8223,algoQD,82,215,0.9999896761719899,6.016965174116194
8224,algoQD,82,215,0.9999896761719899,5.143267216160893
8225,algoQD,82,215,0.9999896761719899,5.434277086053044
8226,algoQD,82,215,0.9999896761719899,6.22369494009763
8227,algoQD,82,215,0.9999896761719899,5.691603077109903
8228,algoQD,82,215,0.9999896761719899,6.137901439331472
8229,algoQD,82,215,0.9999896761719899,6.459199368022382
8230,algoQD,82,215,0.9999896761719899,5.499969715252519
8231,algoQD,82,215,0.9999896761719899,6.354563297238201
8232,algoQD,82,215,0.9999896761719899,5.467942940071225
8233,algoQD,82,215,0.9999896761719899,6.296866826713085
8234,algoQD,82,215,0.9999896761719899,5.703461238183081
8235,algoQD,82,215,0.9999896761719899,5.518035183195025
8236,algoQD,82,215,0.9999896761719899,6.102996869012713
8237,algoQD,82,215,0.9999896761719899,5.861473846249282
8238,algoQD,82,215,0.9999896761719899,5.624270912259817
8239,algoQD,82,215,0.9999896761719899,5.166010041255504
8240,algoQD,82,215,0.9999896761719899,5.541307479143143
8241,algoQD,82,215,0.9999896761719899,6.488517021294683
8242,algoQD,82,215,0.9999896761719899,6.202617593109608
8243,algoQD,82,215,0.9999896761719899,5.701700243167579
8244,algoQD,82,215,0.9999896761719899,5.278562402818352
8245,algoQD,82,215,0.9999896761719899,5.096080930903554
8246,algoQD,82,215,0.9999896761719899,5.979231873061508
8247,algoQD,82,215,0.9999896761719899,6.10774599108845
8248,algoQD,82,215,0.9999896761719899,5.731002268847078
8249,algoQD,82,215,0.9999896761719899,5.912243599072099
8250,algoQD,82,215,0.9999896761719899,5.319780230987817
8251,algoQD,82,215,0.9999896761719899,5.3962323646992445
8252,algoQD,82,215,0.9999896761719899,5.220618756953627
8253,algoQD,82,215,0.9999896761719899,5.845338763203472
8254,algoQD,82,215,0.9999896761719899,5.807597030885518
8255,algoQD,82,215,0.9999896761719899,6.222947238013148
8256,algoQD,82,215,0.9999896761719899,5.260528715327382
8257,algoQD,82,215,0.9999896761719899,6.384456472005695
8258,algoQD,82,215,0.9999896761719899,5.290323192253709
8259,algoQD,82,215,0.9999896761719899,6.129664769861847
8260,algoQD,82,215,0.9999896761719899,6.318003599066287
8261,algoQD,82,215,0.9999896761719899,5.966356087941676
8262,algoQD,82,215,0.9999896761719899,5.359327001962811
8263,algoQD,82,215,0.9999896761719899,5.797351425979286
8264,algoQD,82,215,0.9999896761719899,5.273793763946742
8265,algoQD,82,215,0.9999896761719899,5.423475652001798
8266,algoQD,82,215,0.9999896761719899,5.614305235911161
8267,algoQD,82,215,0.9999896761719899,6.466542817186564
8268,algoQD,82,215,0.9999896761719899,5.723197025246918
8269,algoQD,82,215,0.9999896761719899,5.617396196350455
8270,algoQD,82,215,0.9999896761719899,5.376913127023727
8271,algoQD,82,215,0.9999896761719899,6.36586654977873
8272,algoQD,82,215,0.9999896761719899,5.559508163947612
8273,algoQD,82,215,0.9999896761719899,6.2525525889359415
8274,algoQD,82,216,0.9999896761719899,6.450933509040624
8275,algoQD,82,216,0.9999896761719899,6.371712172869593
8276,algoQD,82,216,0.9999896761719899,5.377048091031611
8277,algoQD,82,216,0.9999896761719899,5.289661881979555
8278,algoQD,82,216,0.9999896761719899,5.954400580842048
8279,algoQD,82,216,0.9999896761719899,6.26610031304881
8280,algoQD,82,216,0.9999896761719899,5.393523506820202
8281,algoQD,82,217,0.9999896761719899,6.142348472028971
8282,algoQD,82,217,0.9999896761719899,6.161348135676235
8283,algoQD,82,217,0.9999896761719899,6.365257810801268
8284,algoQD,82,217,0.9999896761719899,5.851748101878911
8285,algoQD,82,217,0.9999896761719899,5.096967025194317
8286,algoQD,82,217,0.9999896761719899,5.678966102655977
8287,algoQD,82,217,0.9999896761719899,6.068331227637827
8288,algoQD,82,217,0.9999896761719899,5.975184406153858
8289,algoQD,82,217,0.9999896761719899,5.315629369113594
8290,algoQD,82,217,0.9999896761719899,5.159865851979703
8291,algoQD,82,217,0.9999896761719899,4.790315269958228
8292,algoQD,82,217,0.9999896761719899,5.667277880944312
8293,algoQD,82,217,0.9999896761719899,5.6024879100732505
8294,algoQD,82,217,0.9999896761719899,5.411390150897205
8295,algoQD,82,217,0.9999896761719899,5.951114553958178
8296,algoQD,82,217,0.9999896761719899,5.880223175976425
8297,algoQD,82,217,0.9999896761719899,5.013438964262605
8298,algoQD,82,217,0.9999896761719899,5.090478947386146
8299,algoQD,82,217,0.9999896761719899,5.242181321140379
8300,algoQD,83,218,0.9999896761719899,5.700607737991959
8301,algoQD,83,218,0.9999896761719899,6.058826633263379
8302,algoQD,83,218,0.9999896761719899,5.371964157093316
8303,algoQD,83,218,0.9999896761719899,5.784595618024468
8304,algoQD,83,218,0.9999896761719899,5.934954363852739
8305,algoQD,83,218,0.9999896761719899,5.568584360182285
8306,algoQD,83,218,0.9999896761719899,4.907577600795776
8307,algoQD,83,218,0.9999896761719899,5.189868683926761
8308,algoQD,83,218,0.9999896761719899,5.123705369886011
8309,algoQD,83,218,0.9999896761719899,5.543729655910283
8310,algoQD,83,218,0.9999896761719899,5.363224976696074
8311,algoQD,83,218,0.9999896761719899,5.71118894778192
8312,algoQD,83,218,0.9999896761719899,5.650737895164639
8313,algoQD,83,218,0.9999896761719899,5.83846676023677
8314,algoQD,83,218,0.9999896761719899,5.637987034860998
8315,algoQD,83,219,0.9999896761719899,5.653111899271607
8316,algoQD,83,219,0.9999896761719899,4.727541398257017
8317,algoQD,83,219,0.9999896761719899,5.305121096782386
8318,algoQD,83,219,0.9999896761719899,5.092627627309412
8319,algoQD,83,219,0.9999896761719899,5.872331858146936
8320,algoQD,83,219,0.9999896761719899,5.5879414500668645
8321,algoQD,83,219,0.9999896761719899,5.619533734861761
8322,algoQD,83,219,0.9999896761719899,5.346065348945558
8323,algoQD,83,219,0.9999896761719899,5.399753907229751
8324,algoQD,83,219,0.9999896761719899,5.333111345767975
8325,algoQD,83,219,0.9999896761719899,5.426521195098758
8326,algoQD,83,219,0.9999896761719899,4.9688054216094315
8327,algoQD,83,219,0.9999896761719899,4.841475341003388
8328,algoQD,83,219,0.9999896761719899,5.1577913742512465
8329,algoQD,83,219,0.9999896761719899,5.812084218952805
8330,algoQD,83,219,0.9999896761719899,4.9963301117531955
8331,algoQD,83,220,0.9999896761719899,5.318005729001015
8332,algoQD,83,220,0.9999896761719899,5.4374316381290555
8333,algoQD,83,220,0.9999896761719899,5.15995382796973
8334,algoQD,83,220,0.9999896761719899,5.667283562012017
8335,algoQD,83,220,0.9999896761719899,5.575854605063796
8336,algoQD,83,220,0.9999896761719899,5.143068178091198
8337,algoQD,83,220,0.9999896761719899,5.170236213132739
8338,algoQD,83,220,0.9999896761719899,5.421255378052592
8339,algoQD,83,220,0.9999896761719899,5.791794086806476
8340,algoQD,83,220,0.9999896761719899,4.551188142038882
8341,algoQD,83,220,0.9999896761719899,5.183942568022758
8342,algoQD,83,220,0.9999896761719899,4.719711947254837
8343,algoQD,83,220,0.9999896761719899,4.916189701296389
8344,algoQD,83,220,0.9999896761719899,4.553819383028895
8345,algoQD,83,220,0.9999896761719899,5.088931825011969
8346,algoQD,83,220,0.9999896761719899,4.789119211025536
8347,algoQD,83,220,0.9999896761719899,5.2239960860461
8348,algoQD,83,221,0.9999896761719899,5.542541090864688
8349,algoQD,83,221,0.9999896761719899,5.704811859875917
8350,algoQD,83,221,0.9999896761719899,4.776400341652334
8351,algoQD,83,221,0.9999896761719899,5.107505363877863
8352,algoQD,83,221,0.9999896761719899,5.685961960349232
8353,algoQD,83,221,0.9999896761719899,5.404482079669833
8354,algoQD,83,221,0.9999896761719899,5.798127582296729
8355,algoQD,83,221,0.9999896761719899,5.664803376886994
8356,algoQD,83,221,0.9999896761719899,4.406280973926187
8357,algoQD,83,221,0.9999896761719899,5.7880103890784085
8358,algoQD,83,221,0.9999896761719899,5.279089869000018
8359,algoQD,83,221,0.9999896761719899,5.556687305215746
8360,algoQD,83,221,0.9999896761719899,4.784619068261236
8361,algoQD,83,221,0.9999896761719899,4.9506846498698
8362,algoQD,83,221,0.9999896761719899,5.209342202637345
8363,algoQD,83,221,0.9999896761719899,4.845902885310352
8364,algoQD,83,221,0.9999896761719899,4.7792962016537786
8365,algoQD,83,221,0.9999896761719899,5.011732209008187
8366,algoQD,83,221,0.9999896761719899,4.971206479240209
8367,algoQD,83,221,0.9999896761719899,4.981332308147103
8368,algoQD,83,221,0.9999896761719899,4.855995581950992
8369,algoQD,83,221,0.9999896761719899,5.408526631072164
8370,algoQD,83,221,0.9999896761719899,4.999180485960096
8371,algoQD,83,221,0.9999896761719899,5.611026231199503
8372,algoQD,83,221,0.9999896761719899,5.251235296018422
8373,algoQD,83,221,0.9999896761719899,5.456226143985987
8374,algoQD,83,221,0.9999896761719899,5.508248162921518
8375,algoQD,83,221,0.9999896761719899,5.315449240151793
8376,algoQD,83,221,0.9999896761719899,4.596317071001977
8377,algoQD,83,222,0.9999896761719899,5.33997863996774
8378,algoQD,83,222,0.9999896761719899,5.146457340568304
8379,algoQD,83,222,0.9999896761719899,4.935899205971509
8380,algoQD,83,222,0.9999896761719899,4.800515130162239
8381,algoQD,83,222,0.9999896761719899,4.787204564083368
8382,algoQD,83,222,0.9999896761719899,5.642794336657971
8383,algoQD,83,222,0.9999896761719899,5.567518127150834
8384,algoQD,83,222,0.9999896761719899,4.9488525982014835
8385,algoQD,83,222,0.9999896761719899,5.816973716951907
8386,algoQD,83,222,0.9999896761719899,5.040919969789684
8387,algoQD,83,222,0.9999896761719899,5.444335660897195
8388,algoQD,83,222,0.9999896761719899,5.6373757012188435
8389,algoQD,83,222,0.9999896761719899,5.320703816600144
8390,algoQD,83,222,0.9999896761719899,5.112972612027079
8391,algoQD,83,222,0.9999896761719899,6.28824709309265
8392,algoQD,83,222,0.9999896761719899,5.2929400857537985
8393,algoQD,83,222,0.9999896761719899,5.21789890807122
8394,algoQD,83,222,0.9999896761719899,5.447310720104724
8395,algoQD,83,222,0.9999896761719899,5.69410090520978
8396,algoQD,83,222,0.9999896761719899,6.095904881134629
8397,algoQD,83,222,0.9999896761719899,5.335338464938104
8398,algoQD,83,222,0.9999896761719899,5.584432189818472
8399,algoQD,83,222,0.9999896761719899,5.060882984194905
8400,algoQD,84,222,0.9999896761719899,5.169733935967088
8401,algoQD,84,222,0.9999896761719899,5.726832099724561
8402,algoQD,84,222,0.9999896761719899,5.175608544144779
8403,algoQD,84,222,0.9999896761719899,5.5515298820100725
8404,algoQD,84,222,0.9999896761719899,6.04382636398077
8405,algoQD,84,222,0.9999896761719899,6.136980511248112
8406,algoQD,84,222,0.9999896761719899,6.095702507998794
8407,algoQD,84,222,0.9999896761719899,5.4667771477252245
8408,algoQD,84,222,0.9999896761719899,5.912964630872011
8409,algoQD,84,222,0.9999896761719899,6.055448670871556
8410,algoQD,84,222,0.9999896761719899,6.194793510250747
8411,algoQD,84,222,0.9999896761719899,5.830678626894951
8412,algoQD,84,222,0.9999896761719899,5.493104022927582
8413,algoQD,84,222,0.9999896761719899,5.427758522797376
8414,algoQD,84,222,0.9999896761719899,5.1660575699061155
8415,algoQD,84,222,0.9999896761719899,5.8525475920178
8416,algoQD,84,222,0.9999896761719899,6.097468513995409
8417,algoQD,84,222,0.9999896761719899,5.7635091613046825
8418,algoQD,84,222,0.9999896761719899,5.269309733062983
8419,algoQD,84,222,0.9999896761719899,6.0603266810067
8420,algoQD,84,222,0.9999896761719899,5.641511464957148
8421,algoQD,84,222,0.9999896761719899,5.501626937184483
8422,algoQD,84,222,0.9999896761719899,5.844445226248354
8423,algoQD,84,222,0.9999896761719899,5.86528706131503
8424,algoQD,84,222,0.9999896761719899,5.539728618226945
8425,algoQD,84,222,0.9999896761719899,6.384821068029851
8426,algoQD,84,222,0.9999896761719899,6.160680033266544
8427,algoQD,84,222,0.9999896761719899,5.286449335049838
8428,algoQD,84,222,0.9999896761719899,5.3218770157545805
8429,algoQD,84,222,0.9999896761719899,6.2569501949474216
8430,algoQD,84,222,0.9999896761719899,6.17347505595535
8431,algoQD,84,222,0.9999896761719899,5.977954850997776
8432,algoQD,84,222,0.9999896761719899,5.235275438986719
8433,algoQD,84,222,0.9999896761719899,5.9883281690999866
8434,algoQD,84,222,0.9999896761719899,5.323414461221546
8435,algoQD,84,222,0.9999896761719899,5.928941555786878
8436,algoQD,84,222,0.9999896761719899,4.995880426373333
8437,algoQD,84,222,0.9999896761719899,5.248555367346853
8438,algoQD,84,222,0.9999896761719899,6.363452690187842
8439,algoQD,84,222,0.9999896761719899,5.723649921361357
8440,algoQD,84,222,0.9999896761719899,5.2459649331867695
8441,algoQD,84,222,0.9999896761719899,5.400669428985566
8442,algoQD,84,222,0.9999896761719899,5.253880557138473
8443,algoQD,84,222,0.9999896761719899,5.772210602182895
8444,algoQD,84,222,0.9999896761719899,6.1092948680743575
8445,algoQD,84,222,0.9999896761719899,5.7596737472340465
8446,algoQD,84,222,0.9999896761719899,5.207537276204675
8447,algoQD,84,222,0.9999896761719899,5.738358567934483
8448,algoQD,84,222,0.9999896761719899,6.078212276101112
8449,algoQD,84,222,0.9999896761719899,6.012477560900152
8450,algoQD,84,222,0.9999896761719899,5.891720036976039
8451,algoQD,84,222,0.9999896761719899,5.230135198216885
8452,algoQD,84,222,0.9999896761719899,5.187489490956068
8453,algoQD,84,222,0.9999896761719899,5.350634704343975
8454,algoQD,84,222,0.9999896761719899,5.502028826158494
8455,algoQD,84,222,0.9999896761719899,5.6014194139279425
8456,algoQD,84,222,0.9999896761719899,6.18541475199163
8457,algoQD,84,222,0.9999896761719899,5.5991249000653625
8458,algoQD,84,222,0.9999896761719899,5.297606904990971
8459,algoQD,84,222,0.9999896761719899,6.3770246701315045
8460,algoQD,84,222,0.9999896761719899,5.695818542968482
8461,algoQD,84,222,0.9999896761719899,5.3895897581242025
8462,algoQD,84,222,0.9999896761719899,5.194521597120911
8463,algoQD,84,222,0.9999896761719899,5.777191021014005
8464,algoQD,84,222,0.9999896761719899,5.667484674137086
8465,algoQD,84,222,0.9999896761719899,6.185756958089769
8466,algoQD,84,222,0.9999896761719899,5.294918836094439
8467,algoQD,84,222,0.9999896761719899,5.697816759347916
8468,algoQD,84,222,0.9999896761719899,5.350056902039796
8469,algoQD,84,222,0.9999896761719899,6.161554206162691
8470,algoQD,84,222,0.9999896761719899,6.2082208269275725
8471,algoQD,84,222,0.9999896761719899,6.423292278312147
8472,algoQD,84,222,0.9999896761719899,5.330847181845456
8473,algoQD,84,222,0.9999896761719899,5.691529439296573
8474,algoQD,84,222,0.9999896761719899,5.935511328279972
8475,algoQD,84,222,0.9999896761719899,6.344343518838286
8476,algoQD,84,222,0.9999896761719899,6.094152961857617
8477,algoQD,84,222,0.9999896761719899,6.316730903927237
8478,algoQD,84,222,0.9999896761719899,5.92420639982447
8479,algoQD,84,222,0.9999896761719899,6.1921069556847215
8480,algoQD,84,223,0.9999896761719899,6.138832700904459
8481,algoQD,84,223,0.9999896761719899,5.964503189083189
8482,algoQD,84,223,0.9999896761719899,5.596759209875017
8483,algoQD,84,223,0.9999896761719899,5.733188149984926
8484,algoQD,84,223,0.9999896761719899,5.413611860945821
8485,algoQD,84,223,0.9999896761719899,6.7084946488030255
8486,algoQD,84,223,0.9999896761719899,6.1622952851466835
8487,algoQD,84,223,0.9999896761719899,5.805035313591361
8488,algoQD,84,223,0.9999896761719899,6.426607101224363
8489,algoQD,84,223,0.9999896761719899,6.3569185845553875
8490,algoQD,84,223,0.9999896761719899,5.9479662966914475
8491,algoQD,84,223,0.9999896761719899,6.221781156025827
8492,algoQD,84,224,0.9999896761719899,6.572303599212319
8493,algoQD,84,224,0.9999896761719899,5.816316915675998
8494,algoQD,84,225,0.9999896761719899,6.250558520667255
8495,algoQD,84,225,0.9999896761719899,5.329853354021907
8496,algoQD,84,225,0.9999896761719899,5.612783041782677
8497,algoQD,84,225,0.9999896761719899,5.586951792240143
8498,algoQD,84,225,0.9999896761719899,5.5235502938739955
8499,algoQD,84,225,0.9999896761719899,5.611727416981012
8500,algoQD,85,225,0.9999896761719899,5.289954638108611
8501,algoQD,85,225,0.9999896761719899,5.892557278741151
8502,algoQD,85,225,0.9999896761719899,5.338599937967956
8503,algoQD,85,225,0.9999896761719899,5.5532576772384346
8504,algoQD,85,225,0.9999896761719899,5.619671055115759
8505,algoQD,85,225,0.9999896761719899,6.034333982970566
8506,algoQD,85,225,0.9999896761719899,5.724585639312863
8507,algoQD,85,225,0.9999896761719899,5.962632254231721
8508,algoQD,85,225,0.9999896761719899,5.625732486136258
8509,algoQD,85,225,0.9999896761719899,6.378739709034562
8510,algoQD,85,225,0.9999896761719899,7.079931242857128
8511,algoQD,85,225,0.9999896761719899,5.968630916904658
8512,algoQD,85,225,0.9999896761719899,7.112082992680371
8513,algoQD,85,225,0.9999896761719899,6.263941314071417
8514,algoQD,85,225,0.9999896761719899,6.597178301308304
8515,algoQD,85,225,0.9999896761719899,6.216065276879817
8516,algoQD,85,225,0.9999896761719899,5.944635814987123
8517,algoQD,85,225,0.9999896761719899,6.65155261522159
8518,algoQD,85,225,0.9999896761719899,5.619167021941394
8519,algoQD,85,225,0.9999896761719899,6.486657667905092
8520,algoQD,85,225,0.9999896761719899,6.415488786064088
8521,algoQD,85,225,0.9999896761719899,6.492543397005647
8522,algoQD,85,225,0.9999896761719899,6.666387920733541
8523,algoQD,85,225,0.9999896761719899,5.907856612931937
8524,algoQD,85,225,0.9999896761719899,5.988597126211971
8525,algoQD,85,225,0.9999896761719899,6.540485778823495
8526,algoQD,85,225,0.9999896761719899,6.636152191087604
8527,algoQD,85,225,0.9999896761719899,5.51985822012648
8528,algoQD,85,225,0.9999896761719899,6.336565915029496
8529,algoQD,85,225,0.9999896761719899,6.027319128625095
8530,algoQD,85,225,0.9999896761719899,6.278099141083658
8531,algoQD,85,225,0.9999896761719899,6.078990777023137
8532,algoQD,85,225,0.9999896761719899,6.224860331043601
8533,algoQD,85,225,0.9999896761719899,5.869223807007074
8534,algoQD,85,225,0.9999896761719899,5.667891472578049
8535,algoQD,85,225,0.9999896761719899,6.343636493198574
8536,algoQD,85,225,0.9999896761719899,5.587330346927047
8537,algoQD,85,225,0.9999896761719899,6.205427609849721
8538,algoQD,85,225,0.9999896761719899,5.481056946795434
8539,algoQD,85,225,0.9999896761719899,5.294318463187665
8540,algoQD,85,225,0.9999896761719899,6.232404224108905
8541,algoQD,85,225,0.9999896761719899,5.47976681869477
8542,algoQD,85,225,0.9999896761719899,6.11074714967981
8543,algoQD,85,225,0.9999896761719899,5.397684880066663
8544,algoQD,85,225,0.9999896761719899,6.468856667168438
8545,algoQD,85,225,0.9999896761719899,6.360726409126073
8546,algoQD,85,225,0.9999896761719899,5.396752780303359
8547,algoQD,85,225,0.9999896761719899,6.188416944816709
8548,algoQD,85,225,0.9999896761719899,6.347451701294631
8549,algoQD,85,225,0.9999896761719899,5.538109569810331
8550,algoQD,85,225,0.9999896761719899,5.841169687919319
8551,algoQD,85,225,0.9999896761719899,5.714392901863903
8552,algoQD,85,225,0.9999896761719899,5.737382565159351
8553,algoQD,85,225,0.9999896761719899,5.829418869223446
8554,algoQD,85,225,0.9999896761719899,5.335485003888607
8555,algoQD,85,225,0.9999896761719899,5.88370364299044
8556,algoQD,85,225,0.9999896761719899,5.571156350895762
8557,algoQD,85,225,0.9999896761719899,5.844677665270865
8558,algoQD,85,225,0.9999896761719899,5.9048749399371445
8559,algoQD,85,225,0.9999896761719899,5.4781509870663285
8560,algoQD,85,225,0.9999896761719899,5.408752860035747
8561,algoQD,85,225,0.9999896761719899,5.3315336792729795
8562,algoQD,85,225,0.9999896761719899,5.010150184854865
8563,algoQD,85,225,0.9999896761719899,5.3622715482488275
8564,algoQD,85,225,0.9999896761719899,5.927528074942529
8565,algoQD,85,225,0.9999896761719899,5.062768270261586
8566,algoQD,85,225,0.9999896761719899,5.833106243982911
8567,algoQD,85,225,0.9999896761719899,5.927250741049647
8568,algoQD,85,225,0.9999896761719899,5.1936260759830475
8569,algoQD,85,225,0.9999896761719899,5.7532989527098835
8570,algoQD,85,225,0.9999896761719899,5.332655157893896
8571,algoQD,85,225,0.9999896761719899,6.10690307803452
8572,algoQD,85,225,0.9999896761719899,6.036588540766388
8573,algoQD,85,225,0.9999896761719899,5.49777252599597
8574,algoQD,85,225,0.9999896761719899,5.658610529266298
8575,algoQD,85,225,0.9999896761719899,6.332591807004064
8576,algoQD,85,225,0.9999896761719899,5.562844840344042
8577,algoQD,85,226,0.9999896761719899,5.978911527898163
8578,algoQD,85,226,0.9999896761719899,5.873013127129525
8579,algoQD,85,226,0.9999896761719899,5.349198471754789
8580,algoQD,85,226,0.9999896761719899,5.816963457968086
8581,algoQD,85,226,0.9999896761719899,5.184642592910677
8582,algoQD,85,226,0.9999896761719899,5.598727087955922
8583,algoQD,85,226,0.9999896761719899,5.25171276088804
8584,algoQD,85,226,0.9999896761719899,6.233210257254541
8585,algoQD,85,226,0.9999896761719899,5.939360498916358
8586,algoQD,85,226,0.9999896761719899,6.140201986767352
8587,algoQD,85,226,0.9999896761719899,5.619236985221505
8588,algoQD,85,226,0.9999896761719899,6.2025921028107405
8589,algoQD,85,226,0.9999896761719899,5.685286385007203
8590,algoQD,85,226,0.9999896761719899,5.3329964419826865
8591,algoQD,85,226,0.9999896761719899,5.064320361241698
8592,algoQD,85,226,0.9999896761719899,6.11264331266284
8593,algoQD,85,226,0.9999896761719899,5.152295003179461
8594,algoQD,85,226,0.9999896761719899,5.444651450030506
8595,algoQD,85,226,0.9999896761719899,5.358829605858773
8596,algoQD,85,226,0.9999896761719899,6.188949480187148
8597,algoQD,85,226,0.9999896761719899,5.187187165021896
8598,algoQD,85,226,0.9999896761719899,6.327075377106667
8599,algoQD,85,226,0.9999896761719899,5.301689716055989
8600,algoQD,86,226,0.9999896761719899,5.975568882655352
8601,algoQD,86,226,0.9999896761719899,5.4731767028570175
8602,algoQD,86,226,0.9999896761719899,5.217674962710589
8603,algoQD,86,226,0.9999896761719899,5.353667713701725
8604,algoQD,86,226,0.9999896761719899,5.70022091967985
8605,algoQD,86,226,0.9999896761719899,5.8409067071042955
8606,algoQD,86,226,0.9999896761719899,5.658207968808711
8607,algoQD,86,226,0.9999896761719899,5.723761403001845
8608,algoQD,86,226,0.9999896761719899,5.866314376704395
8609,algoQD,86,226,0.9999896761719899,5.617734725121409
8610,algoQD,86,226,0.9999896761719899,5.062596375122666
8611,algoQD,86,226,0.9999896761719899,5.25321102887392
8612,algoQD,86,226,0.9999896761719899,5.370457864366472
8613,algoQD,86,226,0.9999896761719899,5.595430257264525
8614,algoQD,86,226,0.9999896761719899,5.790773693937808
8615,algoQD,86,226,0.9999896761719899,4.931982857640833
8616,algoQD,86,226,0.9999896761719899,5.153685453347862
8617,algoQD,86,227,0.9999896761719899,5.889376628212631
8618,algoQD,86,227,0.9999896761719899,5.466687903739512
8619,algoQD,86,227,0.9999896761719899,5.6725824740715325
8620,algoQD,86,227,0.9999896761719899,5.212316800374538
8621,algoQD,86,227,0.9999896761719899,6.281210836954415
8622,algoQD,86,227,0.9999896761719899,5.636135237291455
8623,algoQD,86,227,0.9999896761719899,5.3877780749462545
8624,algoQD,86,227,0.9999896761719899,5.519340637139976
8625,algoQD,86,227,0.9999896761719899,5.932427759282291
8626,algoQD,86,227,0.9999896761719899,5.275991035159677
8627,algoQD,86,227,0.9999896761719899,5.586569285951555
8628,algoQD,86,228,0.9999896761719899,6.187545894179493
8629,algoQD,86,228,0.9999896761719899,6.031739831902087
8630,algoQD,86,228,0.9999896761719899,5.425776152871549
8631,algoQD,86,228,0.9999896761719899,6.548660048749298
8632,algoQD,86,228,0.9999896761719899,5.835858718957752
8633,algoQD,86,228,0.9999896761719899,6.411167134996504
8634,algoQD,86,228,0.9999896761719899,6.402470754925162
8635,algoQD,86,228,0.9999896761719899,5.621403565630317
8636,algoQD,86,228,0.9999896761719899,5.358056725934148
8637,algoQD,86,228,0.9999896761719899,5.38780373474583
8638,algoQD,86,228,0.9999896761719899,6.392054526135325
8639,algoQD,86,228,0.9999896761719899,5.241336754988879
8640,algoQD,86,228,0.9999896761719899,5.3296135095879436
8641,algoQD,86,228,0.9999896761719899,5.86005192482844
8642,algoQD,86,228,0.9999896761719899,5.361606441903859
8643,algoQD,86,229,0.9999896761719899,6.2077545542269945
8644,algoQD,86,229,0.9999896761719899,5.513815908692777
8645,algoQD,86,229,0.9999896761719899,5.928034921176732
8646,algoQD,86,229,0.9999896761719899,6.010687910951674
8647,algoQD,86,229,0.9999896761719899,5.486724126152694
8648,algoQD,86,229,0.9999896761719899,6.4639794188551605
8649,algoQD,86,229,0.9999896761719899,6.069723270833492
8650,algoQD,86,229,0.9999896761719899,5.754834025166929
8651,algoQD,86,229,0.9999896761719899,6.110799592919648
8652,algoQD,86,229,0.9999896761719899,6.2415980710648
8653,algoQD,86,229,0.9999896761719899,5.90241297474131
8654,algoQD,86,229,0.9999896761719899,5.654104215092957
8655,algoQD,86,229,0.9999896761719899,5.558805996086448
8656,algoQD,86,229,0.9999896761719899,5.374092730693519
8657,algoQD,86,229,0.9999896761719899,5.490463500842452
8658,algoQD,86,229,0.9999896761719899,6.138335416093469
8659,algoQD,86,229,0.9999896761719899,6.244299774989486
8660,algoQD,86,229,0.9999896761719899,6.208405843004584
8661,algoQD,86,229,0.9999896761719899,5.869271453935653
8662,algoQD,86,229,0.9999896761719899,5.8867205092683434
8663,algoQD,86,229,0.9999896761719899,5.567527100909501
8664,algoQD,86,229,0.9999896761719899,6.1267182058654726
8665,algoQD,86,229,0.9999896761719899,5.903127394616604
8666,algoQD,86,229,0.9999896761719899,5.418140487279743
8667,algoQD,86,229,0.9999896761719899,6.200387467164546
8668,algoQD,86,229,0.9999896761719899,5.385647241026163
8669,algoQD,86,229,0.9999896761719899,5.39123650919646
8670,algoQD,86,230,0.9999896761719899,6.300670782104135
8671,algoQD,86,231,0.9999896761719899,6.278425124939531
8672,algoQD,86,231,0.9999896761719899,5.6896989909000695
8673,algoQD,86,231,0.9999896761719899,5.3795939036644995
8674,algoQD,86,232,0.9999896761719899,6.439953547902405
8675,algoQD,86,232,0.9999896761719899,6.053758639842272
8676,algoQD,86,232,0.9999896761719899,6.247236443217844
8677,algoQD,86,232,0.9999896761719899,5.642122549004853
8678,algoQD,86,232,0.9999896761719899,5.571814230643213
8679,algoQD,86,232,0.9999896761719899,5.447532325051725
8680,algoQD,86,232,0.9999896761719899,5.594918170012534
8681,algoQD,86,232,0.9999896761719899,5.875791079830378
8682,algoQD,86,232,0.9999896761719899,6.037609430961311
8683,algoQD,86,232,0.9999896761719899,6.508396722842008
8684,algoQD,86,232,0.9999896761719899,5.8795381099916995
8685,algoQD,86,232,0.9999896761719899,5.282217527739704
8686,algoQD,86,232,0.9999896761719899,6.1212296090088785
8687,algoQD,86,232,0.9999896761719899,6.230189647059888
8688,algoQD,86,232,0.9999896761719899,6.094234288204461
8689,algoQD,86,232,0.9999896761719899,6.190682348795235
8690,algoQD,86,232,0.9999896761719899,5.64893984887749
8691,algoQD,86,232,0.9999896761719899,5.291527458000928
8692,algoQD,86,232,0.9999896761719899,6.373642943799496
8693,algoQD,86,232,0.9999896761719899,5.846386869903654
8694,algoQD,86,232,0.9999896761719899,5.891023387666792
8695,algoQD,86,232,0.9999896761719899,6.177927002310753
8696,algoQD,86,232,0.9999896761719899,5.772705137729645
8697,algoQD,86,232,0.9999896761719899,5.905694704968482
8698,algoQD,86,232,0.9999896761719899,6.000106911174953
8699,algoQD,86,232,0.9999896761719899,5.6398832076229155
8700,algoQD,87,232,0.9999896761719899,6.167613196652383
8701,algoQD,87,232,0.9999896761719899,5.349814975168556
8702,algoQD,87,232,0.9999896761719899,6.111758945975453
8703,algoQD,87,232,0.9999896761719899,6.006837947294116
8704,algoQD,87,232,0.9999896761719899,6.060770418960601
8705,algoQD,87,232,0.9999896761719899,5.797297379001975
8706,algoQD,87,232,0.9999896761719899,5.478896770160645
8707,algoQD,87,232,0.9999896761719899,5.5731031452305615
8708,algoQD,87,232,0.9999896761719899,5.63761694682762
8709,algoQD,87,232,0.9999896761719899,5.157763386610895
8710,algoQD,87,232,0.9999896761719899,5.288217925000936
8711,algoQD,87,232,0.9999896761719899,5.148926733061671
8712,algoQD,87,232,0.9999896761719899,5.591970270033926
8713,algoQD,87,232,0.9999896761719899,5.223466434050351
8714,algoQD,87,232,0.9999896761719899,5.553653070703149
8715,algoQD,87,232,0.9999896761719899,5.930633490905166
8716,algoQD,87,232,0.9999896761719899,5.577736979350448
8717,algoQD,87,232,0.9999896761719899,5.774165659211576
8718,algoQD,87,232,0.9999896761719899,5.280309916008264
8719,algoQD,87,232,0.9999896761719899,5.152899838984013
8720,algoQD,87,232,0.9999896761719899,5.798120994120836
8721,algoQD,87,232,0.9999896761719899,6.047868812922388
8722,algoQD,87,232,0.9999896761719899,5.533980203792453
8723,algoQD,87,232,0.9999896761719899,5.342694583814591
8724,algoQD,87,232,0.9999896761719899,6.021399557124823
8725,algoQD,87,232,0.9999896761719899,6.084024457726628
8726,algoQD,87,232,0.9999896761719899,5.893813468050212
8727,algoQD,87,232,0.9999896761719899,6.085374108981341
8728,algoQD,87,232,0.9999896761719899,5.2691944651305676
8729,algoQD,87,232,0.9999896761719899,5.530519384890795
8730,algoQD,87,232,0.9999896761719899,5.218709399923682
8731,algoQD,87,233,0.9999896761719899,6.127027782145888
8732,algoQD,87,233,0.9999896761719899,5.729098035022616
8733,algoQD,87,233,0.9999896761719899,5.2524248831905425
8734,algoQD,87,233,0.9999896761719899,5.832224323879927
8735,algoQD,87,233,0.9999896761719899,5.524284625891596
8736,algoQD,87,233,0.9999896761719899,6.1643194649368525
8737,algoQD,87,233,0.9999896761719899,5.926788676995784
8738,algoQD,87,233,0.9999896761719899,5.170091999229044
8739,algoQD,87,233,0.9999896761719899,6.168690472841263
8740,algoQD,87,233,0.9999896761719899,6.3594166757538915
8741,algoQD,87,233,0.9999896761719899,5.634159775916487
8742,algoQD,87,234,0.9999896761719899,6.381789896637201
8743,algoQD,87,234,0.9999896761719899,5.812717741820961
8744,algoQD,87,234,0.9999896761719899,5.904218636918813
8745,algoQD,87,234,0.9999896761719899,5.64809424104169
8746,algoQD,87,234,0.9999896761719899,5.8221053262241185
8747,algoQD,87,234,0.9999896761719899,5.302010181359947
8748,algoQD,87,234,0.9999896761719899,5.060751770157367
8749,algoQD,87,234,0.9999896761719899,5.61882005399093
8750,algoQD,87,235,0.9999896761719899,5.913498108275235
8751,algoQD,87,235,0.9999896761719899,6.112190410960466
8752,algoQD,87,235,0.9999896761719899,5.89345355797559
8753,algoQD,87,235,0.9999896761719899,5.896324191708118
8754,algoQD,87,235,0.9999896761719899,5.301483957096934
8755,algoQD,87,235,0.9999896761719899,5.065080071799457
8756,algoQD,87,235,0.9999896761719899,5.398791742976755
8757,algoQD,87,235,0.9999896761719899,5.22110341116786
8758,algoQD,87,235,0.9999896761719899,5.847509500104934
8759,algoQD,87,235,0.9999896761719899,5.198379220440984
8760,algoQD,87,235,0.9999896761719899,6.258249558974057
8761,algoQD,87,235,0.9999896761719899,6.104326364584267
8762,algoQD,87,235,0.9999896761719899,5.77676206221804
8763,algoQD,87,235,0.9999896761719899,6.367017365992069
8764,algoQD,87,235,0.9999896761719899,5.970007235184312
8765,algoQD,87,235,0.9999896761719899,6.394128966145217
8766,algoQD,87,235,0.9999896761719899,5.347523405682296
8767,algoQD,87,235,0.9999896761719899,6.305168620310724
8768,algoQD,87,235,0.9999896761719899,5.332196441944689
8769,algoQD,87,235,0.9999896761719899,6.084754328243434
8770,algoQD,87,235,0.9999896761719899,5.969075324945152
8771,algoQD,87,235,0.9999896761719899,6.291386852040887
8772,algoQD,87,235,0.9999896761719899,5.481199349742383
8773,algoQD,87,235,0.9999896761719899,5.655727812089026
8774,algoQD,87,235,0.9999896761719899,5.6415790021419525
8775,algoQD,87,235,0.9999896761719899,5.744158137124032
8776,algoQD,87,235,0.9999896761719899,5.730316699016839
8777,algoQD,87,235,0.9999896761719899,5.228042426053435
8778,algoQD,87,235,0.9999896761719899,5.174033609684557
8779,algoQD,87,235,0.9999896761719899,6.007126547861844
8780,algoQD,87,235,0.9999896761719899,5.91979905590415
8781,algoQD,87,235,0.9999896761719899,5.137071080040187
8782,algoQD,87,235,0.9999896761719899,4.9007031647488475
8783,algoQD,87,236,0.9999896761719899,6.1998454998247325
8784,algoQD,87,236,0.9999896761719899,5.667385829146951
8785,algoQD,87,236,0.9999896761719899,5.55023586563766
8786,algoQD,87,236,0.9999896761719899,5.494129015132785
8787,algoQD,87,236,0.9999896761719899,5.141251256689429
8788,algoQD,87,237,0.9999896761719899,6.188970725052059
8789,algoQD,87,237,0.9999896761719899,5.353061326313764
8790,algoQD,87,237,0.9999896761719899,5.740903911180794
8791,algoQD,87,237,0.9999896761719899,5.732316628098488
8792,algoQD,87,237,0.9999896761719899,5.487008973956108
8793,algoQD,87,237,0.9999896761719899,5.726623822934926
8794,algoQD,87,237,0.9999896761719899,5.411870440933853
8795,algoQD,87,237,0.9999896761719899,6.2323099030181766
8796,algoQD,87,237,0.9999896761719899,5.361391755286604
8797,algoQD,87,237,0.9999896761719899,5.629399572964758
8798,algoQD,87,237,0.9999896761719899,5.755899922922254
8799,algoQD,87,237,0.9999896761719899,5.698883065022528
8800,algoQD,88,237,0.9999896761719899,5.694482039194554
8801,algoQD,88,238,0.9999896761719899,5.9021792388521135
8802,algoQD,88,238,0.9999896761719899,5.982614359818399
8803,algoQD,88,238,0.9999896761719899,6.0838826186954975
8804,algoQD,88,238,0.9999896761719899,5.1593500492163
8805,algoQD,88,238,0.9999896761719899,5.581072061788291
8806,algoQD,88,238,0.9999896761719899,5.033317354973406
8807,algoQD,88,238,0.9999896761719899,5.491600971203297
8808,algoQD,88,238,0.9999896761719899,5.56519518699497
8809,algoQD,88,238,0.9999896761719899,4.834460377227515
8810,algoQD,88,238,0.9999896761719899,5.594883474987
8811,algoQD,88,238,0.9999896761719899,5.851513890083879
8812,algoQD,88,238,0.9999896761719899,5.594232155010104
8813,algoQD,88,238,0.9999896761719899,5.595632989890873
8814,algoQD,88,238,0.9999896761719899,4.830224584788084
8815,algoQD,88,238,0.9999896761719899,5.836020650342107
8816,algoQD,88,238,0.9999896761719899,5.248293565120548
8817,algoQD,88,238,0.9999896761719899,5.311016935389489
8818,algoQD,88,238,0.9999896761719899,5.017428818158805
8819,algoQD,88,238,0.9999896761719899,4.472811157815158
8820,algoQD,88,238,0.9999896761719899,5.206197878345847
8821,algoQD,88,238,0.9999896761719899,4.430817101150751
8822,algoQD,88,238,0.9999896761719899,4.51071265200153
8823,algoQD,88,238,0.9999896761719899,4.612515130080283
8824,algoQD,88,238,0.9999896761719899,4.625668941065669
8825,algoQD,88,238,0.9999896761719899,5.432532906997949
8826,algoQD,88,238,0.9999896761719899,5.383874099235982
8827,algoQD,88,238,0.9999896761719899,5.492250084877014
8828,algoQD,88,238,0.9999896761719899,4.985045848879963
8829,algoQD,88,238,0.9999896761719899,4.970862072892487
8830,algoQD,88,238,0.9999896761719899,4.350612565875053
8831,algoQD,88,238,0.9999896761719899,4.55770688643679
8832,algoQD,88,238,0.9999896761719899,4.524244568310678
8833,algoQD,88,238,0.9999896761719899,4.818192082922906
8834,algoQD,88,238,0.9999896761719899,4.6365098231472075
8835,algoQD,88,238,0.9999896761719899,4.714770574122667
8836,algoQD,88,238,0.9999896761719899,4.667640666011721
8837,algoQD,88,238,0.9999896761719899,4.711839698720723
8838,algoQD,88,238,0.9999896761719899,4.858626200817525
8839,algoQD,88,238,0.9999896761719899,5.483552955091
8840,algoQD,88,238,0.9999896761719899,4.659637046046555
8841,algoQD,88,238,0.9999896761719899,5.02444537403062
8842,algoQD,88,238,0.9999896761719899,5.458840899169445
8843,algoQD,88,238,0.9999896761719899,5.527953187003732
8844,algoQD,88,238,0.9999896761719899,4.969120852649212
8845,algoQD,88,238,0.9999896761719899,5.124395202845335
8846,algoQD,88,238,0.9999896761719899,5.66622450388968
8847,algoQD,88,238,0.9999896761719899,4.98133324412629
8848,algoQD,88,238,0.9999896761719899,5.145289035979658
8849,algoQD,88,238,0.9999896761719899,5.5188740361481905
8850,algoQD,88,238,0.9999896761719899,5.763043920043856
8851,algoQD,88,238,0.9999896761719899,5.3305865759029984
8852,algoQD,88,238,0.9999896761719899,5.270459821913391
8853,algoQD,88,238,0.9999896761719899,5.831433512736112
8854,algoQD,88,238,0.9999896761719899,5.844377638306469
8855,algoQD,88,238,0.9999896761719899,5.064404806122184
8856,algoQD,88,238,0.9999896761719899,5.739280092995614
8857,algoQD,88,238,0.9999896761719899,5.841079756617546
8858,algoQD,88,238,0.9999896761719899,4.982180364895612
8859,algoQD,88,238,0.9999896761719899,5.0564164239913225
8860,algoQD,88,238,0.9999896761719899,5.499399813823402
8861,algoQD,88,238,0.9999896761719899,4.880368599202484
8862,algoQD,88,238,0.9999896761719899,4.945690276101232
8863,algoQD,88,238,0.9999896761719899,5.311694575008005
8864,algoQD,88,238,0.9999896761719899,5.606961742974818
8865,algoQD,88,238,0.9999896761719899,5.323727246839553
8866,algoQD,88,238,0.9999896761719899,5.468832585029304
8867,algoQD,88,238,0.9999896761719899,5.531651394907385
8868,algoQD,88,238,0.9999896761719899,5.500428708270192
8869,algoQD,88,238,0.9999896761719899,5.596580971963704
8870,algoQD,88,238,0.9999896761719899,5.144404505379498
8871,algoQD,88,238,0.9999896761719899,5.798343949019909
8872,algoQD,88,238,0.9999896761719899,5.242168522905558
8873,algoQD,88,238,0.9999896761719899,5.307506151031703
8874,algoQD,88,238,0.9999896761719899,5.9250883692875504
8875,algoQD,88,238,0.9999896761719899,5.718365409877151
8876,algoQD,88,238,0.9999896761719899,6.233723062090576
8877,algoQD,88,238,0.9999896761719899,5.999221905134618
8878,algoQD,88,238,0.9999896761719899,5.642855043988675
8879,algoQD,88,238,0.9999896761719899,5.6056496552191675
8880,algoQD,88,238,0.9999896761719899,6.340871821157634
8881,algoQD,88,238,0.9999896761719899,6.711105989757925
8882,algoQD,88,238,0.9999896761719899,5.98643188085407
8883,algoQD,88,238,0.9999896761719899,5.227720758877695
8884,algoQD,88,238,0.9999896761719899,5.358047113753855
8885,algoQD,88,238,0.9999896761719899,5.6207065200433135
8886,algoQD,88,238,0.9999896761719899,5.712085826788098
8887,algoQD,88,238,0.9999896761719899,6.306637906003743
8888,algoQD,88,238,0.9999896761719899,5.883391323965043
8889,algoQD,88,238,0.9999896761719899,6.387701453175396
8890,algoQD,88,238,0.9999896761719899,5.3009800631552935
8891,algoQD,88,238,0.9999896761719899,5.445161083713174
8892,algoQD,88,238,0.9999896761719899,6.047702146228403
8893,algoQD,88,238,0.9999896761719899,5.613700232934207
8894,algoQD,88,238,0.9999896761719899,5.643678720109165
8895,algoQD,88,238,0.9999896761719899,6.109171756077558
8896,algoQD,88,238,0.9999896761719899,5.55634135985747
8897,algoQD,88,238,0.9999896761719899,6.24394165771082
8898,algoQD,88,238,0.9999896761719899,5.854252974968404
8899,algoQD,88,238,0.9999896761719899,6.426914436277002
8900,algoQD,89,238,0.9999896761719899,5.990560854319483
8901,algoQD,89,238,0.9999896761719899,5.851704408880323
8902,algoQD,89,238,0.9999896761719899,6.468578919768333
8903,algoQD,89,238,0.9999896761719899,6.420215270016342
8904,algoQD,89,239,0.9999896761719899,6.516026480123401
8905,algoQD,89,239,0.9999896761719899,5.656506896018982
8906,algoQD,89,239,0.9999896761719899,6.613491232972592
8907,algoQD,89,239,0.9999896761719899,6.415076191071421
8908,algoQD,89,240,0.9999896761719899,6.443204992916435
8909,algoQD,89,240,0.9999896761719899,5.690944897942245
8910,algoQD,89,241,0.9999896761719899,6.678754861000925
8911,algoQD,89,241,0.9999896761719899,6.62238704925403
8912,algoQD,89,241,0.9999896761719899,6.199670820962638
8913,algoQD,89,241,0.9999896761719899,5.8807045691646636
8914,algoQD,89,241,0.9999896761719899,5.644277992658317
8915,algoQD,89,241,0.9999896761719899,6.484950739890337
8916,algoQD,89,241,0.9999896761719899,6.8138454793952405
8917,algoQD,89,241,0.9999896761719899,6.664747287053615
8918,algoQD,89,241,0.9999896761719899,5.528138457797468
8919,algoQD,89,241,0.9999896761719899,6.058574907016009
8920,algoQD,89,241,0.9999896761719899,6.13241575891152
8921,algoQD,89,241,0.9999896761719899,6.094432270154357
8922,algoQD,89,241,0.9999896761719899,6.264913677703589
8923,algoQD,89,241,0.9999896761719899,6.495074865873903
8924,algoQD,89,241,0.9999896761719899,6.690585032105446
8925,algoQD,89,241,0.9999896761719899,6.120440585073084
8926,algoQD,89,241,0.9999896761719899,5.542625967878848
8927,algoQD,89,241,0.9999896761719899,6.3336092620156705
8928,algoQD,89,241,0.9999896761719899,5.526610963046551
8929,algoQD,89,241,0.9999896761719899,5.632648090831935
8930,algoQD,89,241,0.9999896761719899,6.254628026857972
8931,algoQD,89,241,0.9999896761719899,6.0177537449635565
8932,algoQD,89,241,0.9999896761719899,6.489360390231013
8933,algoQD,89,241,0.9999896761719899,6.414858108852059
8934,algoQD,89,241,0.9999896761719899,5.583169755060226
8935,algoQD,89,241,0.9999896761719899,6.518079217988998
8936,algoQD,89,241,0.9999896761719899,6.158210410736501
8937,algoQD,89,241,0.9999896761719899,5.7744848327711225
8938,algoQD,89,241,0.9999896761719899,6.419429155066609
8939,algoQD,89,241,0.9999896761719899,6.021207120269537
8940,algoQD,89,241,0.9999896761719899,6.316496460232884
8941,algoQD,89,241,0.9999896761719899,6.146582434885204
8942,algoQD,89,241,0.9999896761719899,6.368971628136933
8943,algoQD,89,241,0.9999896761719899,6.638927950058132
8944,algoQD,89,241,0.9999896761719899,6.295951324980706
8945,algoQD,89,241,0.9999896761719899,5.566962895914912
8946,algoQD,89,241,0.9999896761719899,5.99445893522352
8947,algoQD,89,241,0.9999896761719899,5.34576572291553
8948,algoQD,89,241,0.9999896761719899,5.960688176099211
8949,algoQD,89,241,0.9999896761719899,5.6306084780953825
8950,algoQD,89,241,0.9999896761719899,5.324799743015319
8951,algoQD,89,241,0.9999896761719899,5.505958414636552
8952,algoQD,89,241,0.9999896761719899,6.46460678614676
8953,algoQD,89,241,0.9999896761719899,5.612016251776367
8954,algoQD,89,241,0.9999896761719899,5.752649170812219
8955,algoQD,89,241,0.9999896761719899,6.683521206025034
8956,algoQD,89,241,0.9999896761719899,5.491411041002721
8957,algoQD,89,241,0.9999896761719899,6.5265681953169405
8958,algoQD,89,241,0.9999896761719899,6.182980997953564
8959,algoQD,89,242,0.9999896761719899,6.531624713912606
8960,algoQD,89,242,0.9999896761719899,5.586990450974554
8961,algoQD,89,242,0.9999896761719899,6.368624210823327
8962,algoQD,89,242,0.9999896761719899,5.921774446032941
8963,algoQD,89,242,0.9999896761719899,6.396471410989761
8964,algoQD,89,242,0.9999896761719899,6.222463389392942
8965,algoQD,89,242,0.9999896761719899,5.875783588271588
8966,algoQD,89,242,0.9999896761719899,5.803111814893782
8967,algoQD,89,242,0.9999896761719899,5.375372623093426
8968,algoQD,89,242,0.9999896761719899,5.45633495086804
8969,algoQD,89,242,0.9999896761719899,5.531837583053857
8970,algoQD,89,242,0.9999896761719899,5.6024084580130875
8971,algoQD,89,242,0.9999896761719899,6.099330642260611
8972,algoQD,89,242,0.9999896761719899,5.745460739824921
8973,algoQD,89,242,0.9999896761719899,5.311215695925057
8974,algoQD,89,242,0.9999896761719899,5.9610775099135935
8975,algoQD,89,243,0.9999896761719899,6.184701278340071
8976,algoQD,89,243,0.9999896761719899,6.041811685077846
8977,algoQD,89,243,0.9999896761719899,6.390689526684582
8978,algoQD,89,243,0.9999896761719899,6.076202668249607
8979,algoQD,89,243,0.9999896761719899,5.348903818055987
8980,algoQD,89,243,0.9999896761719899,5.92957594525069
8981,algoQD,89,243,0.9999896761719899,6.067289487924427
8982,algoQD,89,243,0.9999896761719899,5.935397433117032
8983,algoQD,89,244,0.9999896761719899,6.350009152200073
8984,algoQD,89,244,0.9999896761719899,5.930148295126855
8985,algoQD,89,244,0.9999896761719899,5.507801381871104
8986,algoQD,89,244,0.9999896761719899,6.153526871930808
8987,algoQD,89,244,0.9999896761719899,5.4847467970103025
8988,algoQD,89,244,0.9999896761719899,5.966978757176548
8989,algoQD,89,244,0.9999896761719899,5.981811400037259
8990,algoQD,89,244,0.9999896761719899,5.879465264733881
8991,algoQD,89,244,0.9999896761719899,5.732650164980441
8992,algoQD,89,244,0.9999896761719899,5.711059144232422
8993,algoQD,89,244,0.9999896761719899,5.479254972189665
8994,algoQD,89,244,0.9999896761719899,6.0707004819996655
8995,algoQD,89,244,0.9999896761719899,6.2745326100848615
8996,algoQD,89,244,0.9999896761719899,5.383447378873825
8997,algoQD,89,244,0.9999896761719899,6.08659896068275
8998,algoQD,89,245,0.9999896761719899,6.41467181686312
8999,algoQD,89,245,0.9999896761719899,5.262845463119447
9000,algoQD,90,245,0.9999896761719899,5.665181410964578
9001,algoQD,90,245,0.9999896761719899,5.836308640893549
9002,algoQD,90,245,0.9999896761719899,5.785594690125436
9003,algoQD,90,245,0.9999896761719899,5.197520588990301
9004,algoQD,90,245,0.9999896761719899,4.946066441014409
9005,algoQD,90,245,0.9999896761719899,5.15789663977921
9006,algoQD,90,245,0.9999896761719899,5.819484797306359
9007,algoQD,90,245,0.9999896761719899,5.263855950906873
9008,algoQD,90,245,0.9999896761719899,5.3272177069447935
9009,algoQD,90,245,0.9999896761719899,5.582439742051065
9010,algoQD,90,245,0.9999896761719899,5.341817348264158
9011,algoQD,90,245,0.9999896761719899,5.669874919112772
9012,algoQD,90,245,0.9999896761719899,5.820066385902464
9013,algoQD,90,245,0.9999896761719899,5.830356877762824
9014,algoQD,90,245,0.9999896761719899,5.044834087137133
9015,algoQD,90,245,0.9999896761719899,5.567861550021917
9016,algoQD,90,245,0.9999896761719899,6.033291687723249
9017,algoQD,90,245,0.9999896761719899,6.171481933444738
9018,algoQD,90,245,0.9999896761719899,5.453998355194926
9019,algoQD,90,245,0.9999896761719899,5.5574190630577505
9020,algoQD,90,245,0.9999896761719899,5.53752668062225
9021,algoQD,90,245,0.9999896761719899,5.9356023501604795
9022,algoQD,90,245,0.9999896761719899,5.414991722907871
9023,algoQD,90,245,0.9999896761719899,6.061917040962726
9024,algoQD,90,245,0.9999896761719899,5.286070920992643
9025,algoQD,90,245,0.9999896761719899,6.256538523826748
9026,algoQD,90,245,0.9999896761719899,4.9930098401382565
9027,algoQD,90,245,0.9999896761719899,5.956887233071029
9028,algoQD,90,245,0.9999896761719899,5.860621182713658
9029,algoQD,90,245,0.9999896761719899,5.159382767044008
9030,algoQD,90,245,0.9999896761719899,6.07924615778029
9031,algoQD,90,246,0.9999896761719899,6.091708512976766
9032,algoQD,90,246,0.9999896761719899,5.909098458010703
9033,algoQD,90,246,0.9999896761719899,5.344563086051494
9034,algoQD,90,246,0.9999896761719899,5.588380927219987
9035,algoQD,90,246,0.9999896761719899,5.076517726294696
9036,algoQD,90,246,0.9999896761719899,5.1662533693015575
9037,algoQD,90,246,0.9999896761719899,5.151761380024254
9038,algoQD,90,246,0.9999896761719899,5.201950858812779
9039,algoQD,90,246,0.9999896761719899,5.452609652187675
9040,algoQD,90,246,0.9999896761719899,5.850274565164
9041,algoQD,90,246,0.9999896761719899,4.98851907486096
9042,algoQD,90,246,0.9999896761719899,5.0742371478118
9043,algoQD,90,246,0.9999896761719899,5.820756549015641
9044,algoQD,90,246,0.9999896761719899,5.978228421881795
9045,algoQD,90,246,0.9999896761719899,6.1446103560738266
9046,algoQD,90,246,0.9999896761719899,5.384668375365436
9047,algoQD,90,246,0.9999896761719899,5.1256436961703
9048,algoQD,90,246,0.9999896761719899,5.632759267929941
9049,algoQD,90,246,0.9999896761719899,5.3072037803940475
9050,algoQD,90,246,0.9999896761719899,6.13933669263497
9051,algoQD,90,246,0.9999896761719899,6.101970438845456
9052,algoQD,90,246,0.9999896761719899,5.359625021927059
9053,algoQD,90,246,0.9999896761719899,6.168177931103855
9054,algoQD,90,246,0.9999896761719899,6.085453344043344
9055,algoQD,90,246,0.9999896761719899,5.753832714166492
9056,algoQD,90,246,0.9999896761719899,6.212284449022263
9057,algoQD,90,246,0.9999896761719899,5.207293260842562
9058,algoQD,90,246,0.9999896761719899,6.00376402400434
9059,algoQD,90,246,0.9999896761719899,5.785730085801333
9060,algoQD,90,246,0.9999896761719899,5.902927599847317
9061,algoQD,90,246,0.9999896761719899,5.714800273999572
9062,algoQD,90,246,0.9999896761719899,5.287486486602575
9063,algoQD,90,246,0.9999896761719899,5.332991045899689
9064,algoQD,90,246,0.9999896761719899,5.927466630004346
9065,algoQD,90,246,0.9999896761719899,5.389858690556139
9066,algoQD,90,246,0.9999896761719899,5.283386509865522
9067,algoQD,90,246,0.9999896761719899,5.456148457713425
9068,algoQD,90,246,0.9999896761719899,5.787279474083334
9069,algoQD,90,246,0.9999896761719899,6.16692710807547
9070,algoQD,90,246,0.9999896761719899,6.445745201781392
9071,algoQD,90,246,0.9999896761719899,5.152723296079785
9072,algoQD,90,246,0.9999896761719899,6.247751925140619
9073,algoQD,90,246,0.9999896761719899,5.373063821811229
9074,algoQD,90,246,0.9999896761719899,6.109442050103098
9075,algoQD,90,246,0.9999896761719899,5.409176086075604
9076,algoQD,90,246,0.9999896761719899,5.691464256029576
9077,algoQD,90,247,0.9999896761719899,5.992889598943293
9078,algoQD,90,247,0.9999896761719899,5.427661549765617
9079,algoQD,90,247,0.9999896761719899,5.694231314118952
9080,algoQD,90,247,0.9999896761719899,5.780591467395425
9081,algoQD,90,247,0.9999896761719899,6.1265013930387795
9082,algoQD,90,247,0.9999896761719899,5.261652258690447
9083,algoQD,90,247,0.9999896761719899,5.807101061102003
9084,algoQD,90,247,0.9999896761719899,5.557918967213482
9085,algoQD,90,247,0.9999896761719899,5.720185697078705
9086,algoQD,90,247,0.9999896761719899,5.464984851889312
9087,algoQD,90,247,0.9999896761719899,5.311659515835345
9088,algoQD,90,247,0.9999896761719899,5.217915639746934
9089,algoQD,90,247,0.9999896761719899,5.733733902685344
9090,algoQD,90,247,0.9999896761719899,6.016110219061375
9091,algoQD,90,247,0.9999896761719899,6.059800168965012
9092,algoQD,90,247,0.9999896761719899,5.521884027868509
9093,algoQD,90,247,0.9999896761719899,5.1359286569058895
9094,algoQD,90,247,0.9999896761719899,5.579987069126219
9095,algoQD,90,247,0.9999896761719899,5.79720904212445
9096,algoQD,90,247,0.9999896761719899,4.957608358003199
9097,algoQD,90,247,0.9999896761719899,5.9397480031475425
9098,algoQD,90,247,0.9999896761719899,4.978909289930016
9099,algoQD,90,247,0.9999896761719899,5.653458714019507
9100,algoQD,91,247,0.9999896761719899,5.962006824091077
9101,algoQD,91,247,0.9999896761719899,5.154516495298594
9102,algoQD,91,247,0.9999896761719899,5.925875413697213
9103,algoQD,91,247,0.9999896761719899,5.596925008110702
9104,algoQD,91,247,0.9999896761719899,5.500560152344406
9105,algoQD,91,247,0.9999896761719899,4.961406724061817
9106,algoQD,91,247,0.9999896761719899,5.511139820329845
9107,algoQD,91,247,0.9999896761719899,5.976819760166109
9108,algoQD,91,247,0.9999896761719899,5.50892588775605
9109,algoQD,91,247,0.9999896761719899,4.776670171879232
9110,algoQD,91,247,0.9999896761719899,4.870965769980103
9111,algoQD,91,247,0.9999896761719899,4.891592147760093
9112,algoQD,91,247,0.9999896761719899,5.308458587154746
9113,algoQD,91,247,0.9999896761719899,5.446733400691301
9114,algoQD,91,247,0.9999896761719899,5.490112625062466
9115,algoQD,91,247,0.9999896761719899,4.699349957983941
9116,algoQD,91,247,0.9999896761719899,4.9939742712304
9117,algoQD,91,247,0.9999896761719899,4.809449089225382
9118,algoQD,91,247,0.9999896761719899,5.869544782210141
9119,algoQD,91,247,0.9999896761719899,6.0855575618334115
9120,algoQD,91,247,0.9999896761719899,5.226163902785629
9121,algoQD,91,247,0.9999896761719899,5.387343890033662
9122,algoQD,91,247,0.9999896761719899,6.115427121985704
9123,algoQD,91,247,0.9999896761719899,5.191665005870163
9124,algoQD,91,247,0.9999896761719899,5.156947146169841
9125,algoQD,91,247,0.9999896761719899,5.7906548688188195
9126,algoQD,91,247,0.9999896761719899,5.946582274045795
9127,algoQD,91,248,0.9999896761719899,5.824828721117228
9128,algoQD,91,248,0.9999896761719899,5.742136027198285
9129,algoQD,91,248,0.9999896761719899,5.2937477747909725
9130,algoQD,91,248,0.9999896761719899,5.678891553077847
9131,algoQD,91,248,0.9999896761719899,5.218268165830523
9132,algoQD,91,248,0.9999896761719899,5.52902259491384
9133,algoQD,91,248,0.9999896761719899,5.324421745259315
9134,algoQD,91,248,0.9999896761719899,5.827947363723069
9135,algoQD,91,248,0.9999896761719899,5.038175017107278
9136,algoQD,91,248,0.9999896761719899,5.233535298611969
9137,algoQD,91,248,0.9999896761719899,4.9985012440010905
9138,algoQD,91,249,0.9999896761719899,5.936832323670387
9139,algoQD,91,249,0.9999896761719899,4.829584390856326
9140,algoQD,91,249,0.9999896761719899,5.131825014948845
9141,algoQD,91,249,0.9999896761719899,5.150350323878229
9142,algoQD,91,249,0.9999896761719899,4.957202190998942
9143,algoQD,91,249,0.9999896761719899,5.4586574379354715
9144,algoQD,91,249,0.9999896761719899,5.569839607924223
9145,algoQD,91,249,0.9999896761719899,5.35821127705276
9146,algoQD,91,249,0.9999896761719899,6.126819058321416
9147,algoQD,91,249,0.9999896761719899,5.721653134096414
9148,algoQD,91,249,0.9999896761719899,5.895368793047965
9149,algoQD,91,249,0.9999896761719899,6.023956254590303
9150,algoQD,91,249,0.9999896761719899,5.632388340774924
9151,algoQD,91,249,0.9999896761719899,5.7966669127345085
9152,algoQD,91,249,0.9999896761719899,6.2920127171091735
9153,algoQD,91,249,0.9999896761719899,6.450001897290349
9154,algoQD,91,249,0.9999896761719899,5.807265013922006
9155,algoQD,91,249,0.9999896761719899,5.943840149324387
9156,algoQD,91,249,0.9999896761719899,5.5862702443264425
9157,algoQD,91,249,0.9999896761719899,6.171928780153394
9158,algoQD,91,249,0.9999896761719899,6.04066946124658
9159,algoQD,91,249,0.9999896761719899,6.5092377457767725
9160,algoQD,91,249,0.9999896761719899,6.298266713041812
9161,algoQD,91,249,0.9999896761719899,5.515966685023159
9162,algoQD,91,249,0.9999896761719899,6.231283946428448
9163,algoQD,91,249,0.9999896761719899,5.983466109726578
9164,algoQD,91,249,0.9999896761719899,5.753592985216528
9165,algoQD,91,249,0.9999896761719899,5.876557536423206
9166,algoQD,91,249,0.9999896761719899,6.304316450841725
9167,algoQD,91,249,0.9999896761719899,6.231792006641626
9168,algoQD,91,249,0.9999896761719899,6.522514779120684
9169,algoQD,91,249,0.9999896761719899,5.557542100083083
9170,algoQD,91,249,0.9999896761719899,5.6130566000938416
9171,algoQD,91,249,0.9999896761719899,5.956129725556821
9172,algoQD,91,249,0.9999896761719899,5.523251696955413
9173,algoQD,91,249,0.9999896761719899,6.432383710052818
9174,algoQD,91,249,0.9999896761719899,6.531972668133676
9175,algoQD,91,249,0.9999896761719899,6.245270200073719
9176,algoQD,91,249,0.9999896761719899,5.6712860288098454
9177,algoQD,91,249,0.9999896761719899,5.545408647041768
9178,algoQD,91,249,0.9999896761719899,6.298046325799078
9179,algoQD,91,249,0.9999896761719899,6.334420755971223
9180,algoQD,91,249,0.9999896761719899,5.292798328213394
9181,algoQD,91,249,0.9999896761719899,5.542728003114462
9182,algoQD,91,249,0.9999896761719899,5.516402377746999
9183,algoQD,91,250,0.9999896761719899,6.65480320295319
9184,algoQD,91,250,0.9999896761719899,6.331827866844833
9185,algoQD,91,250,0.9999896761719899,5.393281783908606
9186,algoQD,91,250,0.9999896761719899,6.204159149900079
9187,algoQD,91,250,0.9999896761719899,6.557028914801776
9188,algoQD,91,250,0.9999896761719899,6.28821433102712
9189,algoQD,91,250,0.9999896761719899,6.093577928841114
9190,algoQD,91,250,0.9999896761719899,6.592297255061567
9191,algoQD,91,250,0.9999896761719899,6.423496870789677
9192,algoQD,91,250,0.9999896761719899,5.603918926790357
9193,algoQD,91,251,0.9999896761719899,6.567996335215867
9194,algoQD,91,251,0.9999896761719899,5.545227664988488
9195,algoQD,91,251,0.9999896761719899,5.8563990807160735
9196,algoQD,91,251,0.9999896761719899,5.6288016168400645
9197,algoQD,91,251,0.9999896761719899,5.466240529902279
9198,algoQD,91,251,0.9999896761719899,6.054122345987707
9199,algoQD,91,251,0.9999896761719899,5.75262775272131
9200,algoQD,92,251,0.9999896761719899,6.02240533567965
9201,algoQD,92,251,0.9999896761719899,6.369182228110731
9202,algoQD,92,251,0.9999896761719899,5.400187299121171
9203,algoQD,92,251,0.9999896761719899,6.603260627947748
9204,algoQD,92,251,0.9999896761719899,5.917480057105422
9205,algoQD,92,251,0.9999896761719899,5.802184474654496
9206,algoQD,92,251,0.9999896761719899,5.290572642348707
9207,algoQD,92,251,0.9999896761719899,5.562043754849583
9208,algoQD,92,251,0.9999896761719899,5.859899454750121
9209,algoQD,92,251,0.9999896761719899,6.04978745803237
9210,algoQD,92,251,0.9999896761719899,5.621741076931357
9211,algoQD,92,251,0.9999896761719899,6.12445256812498
9212,algoQD,92,251,0.9999896761719899,5.5128680798225105
9213,algoQD,92,251,0.9999896761719899,5.6791638331487775
9214,algoQD,92,251,0.9999896761719899,5.481562878005207
9215,algoQD,92,251,0.9999896761719899,5.788981111720204
9216,algoQD,92,251,0.9999896761719899,5.068157778121531
9217,algoQD,92,251,0.9999896761719899,5.595224930904806
9218,algoQD,92,251,0.9999896761719899,6.1598335900343955
9219,algoQD,92,251,0.9999896761719899,5.73483383608982
9220,algoQD,92,251,0.9999896761719899,5.848395320121199
9221,algoQD,92,251,0.9999896761719899,5.309420931152999
9222,algoQD,92,251,0.9999896761719899,6.3983534700237215
9223,algoQD,92,251,0.9999896761719899,5.354296992067248
9224,algoQD,92,251,0.9999896761719899,5.222398494835943
9225,algoQD,92,251,0.9999896761719899,5.993685677181929
9226,algoQD,92,251,0.9999896761719899,6.105774318333715
9227,algoQD,92,251,0.9999896761719899,5.580537846311927
9228,algoQD,92,251,0.9999896761719899,5.939805786125362
9229,algoQD,92,251,0.9999896761719899,5.028261244297028
9230,algoQD,92,251,0.9999896761719899,5.428644532803446
9231,algoQD,92,251,0.9999896761719899,6.0353023409843445
9232,algoQD,92,251,0.9999896761719899,5.85191254504025
9233,algoQD,92,251,0.9999896761719899,4.963606256060302
9234,algoQD,92,251,0.9999896761719899,5.737735317088664
9235,algoQD,92,251,0.9999896761719899,5.467981329187751
9236,algoQD,92,251,0.9999896761719899,4.907354593742639
9237,algoQD,92,251,0.9999896761719899,5.25362282525748
9238,algoQD,92,251,0.9999896761719899,5.643687188159674
9239,algoQD,92,251,0.9999896761719899,5.172866627108306
9240,algoQD,92,251,0.9999896761719899,5.948776347097009
9241,algoQD,92,251,0.9999896761719899,5.701024672016501
9242,algoQD,92,251,0.9999896761719899,5.930969170760363
9243,algoQD,92,251,0.9999896761719899,4.958275333978236
9244,algoQD,92,251,0.9999896761719899,5.3799889497458935
9245,algoQD,92,251,0.9999896761719899,4.840916354674846
9246,algoQD,92,251,0.9999896761719899,4.907531627919525
9247,algoQD,92,251,0.9999896761719899,5.600220981054008
9248,algoQD,92,251,0.9999896761719899,6.046564797870815
9249,algoQD,92,251,0.9999896761719899,4.974013126920909
9250,algoQD,92,251,0.9999896761719899,5.198887097649276
9251,algoQD,92,252,0.9999896761719899,5.517576616257429
9252,algoQD,92,252,0.9999896761719899,5.255639194045216
9253,algoQD,92,253,0.9999896761719899,5.774017001967877
9254,algoQD,92,253,0.9999896761719899,5.254481500014663
9255,algoQD,92,253,0.9999896761719899,5.257581394165754
9256,algoQD,92,253,0.9999896761719899,5.736057196743786
9257,algoQD,92,253,0.9999896761719899,5.882539676036686
9258,algoQD,92,253,0.9999896761719899,4.995372920297086
9259,algoQD,92,253,0.9999896761719899,5.002050917129964
9260,algoQD,92,253,0.9999896761719899,4.817589405924082
9261,algoQD,92,253,0.9999896761719899,4.8626007731072605
9262,algoQD,92,253,0.9999896761719899,4.650344850961119
9263,algoQD,92,254,0.9999896761719899,5.842547342181206
9264,algoQD,92,254,0.9999896761719899,5.397978676948696
9265,algoQD,92,254,0.9999896761719899,5.675751234870404
9266,algoQD,92,254,0.9999896761719899,5.346057686954737
9267,algoQD,92,254,0.9999896761719899,5.889515068847686
9268,algoQD,92,254,0.9999896761719899,6.08437737589702
9269,algoQD,92,254,0.9999896761719899,6.348290538880974
9270,algoQD,92,254,0.9999896761719899,5.761284959036857
9271,algoQD,92,254,0.9999896761719899,5.419135437812656
9272,algoQD,92,254,0.9999896761719899,5.828434698749334
9273,algoQD,92,254,0.9999896761719899,5.965139837935567
9274,algoQD,92,254,0.9999896761719899,5.80438108695671
9275,algoQD,92,254,0.9999896761719899,6.508901240304112
9276,algoQD,92,254,0.9999896761719899,5.409760585986078
9277,algoQD,92,254,0.9999896761719899,6.614648691844195
9278,algoQD,92,254,0.9999896761719899,6.517554558813572
9279,algoQD,92,254,0.9999896761719899,5.973186421208084
9280,algoQD,92,254,0.9999896761719899,5.97999003296718
9281,algoQD,92,254,0.9999896761719899,6.208233557641506
9282,algoQD,92,254,0.9999896761719899,6.658195021096617
9283,algoQD,92,254,0.9999896761719899,5.958547273185104
9284,algoQD,92,254,0.9999896761719899,6.463548389263451
9285,algoQD,92,254,0.9999896761719899,5.861329784616828
9286,algoQD,92,254,0.9999896761719899,6.11408845661208
9287,algoQD,92,254,0.9999896761719899,5.80369053222239
9288,algoQD,92,254,0.9999896761719899,5.528624197933823
9289,algoQD,92,254,0.9999896761719899,5.919501545839012
9290,algoQD,92,254,0.9999896761719899,5.8512969519943
9291,algoQD,92,254,0.9999896761719899,6.666094018146396
9292,algoQD,92,254,0.9999896761719899,5.994868972804397
9293,algoQD,92,254,0.9999896761719899,6.6699495879001915
9294,algoQD,92,254,0.9999896761719899,6.124093546997756
9295,algoQD,92,254,0.9999896761719899,6.495539877563715
9296,algoQD,92,254,0.9999896761719899,5.716709733940661
9297,algoQD,92,254,0.9999896761719899,6.613463572692126
9298,algoQD,92,254,0.9999896761719899,5.506941282656044
9299,algoQD,92,254,0.9999896761719899,6.0361241940408945
9300,algoQD,93,254,0.9999896761719899,6.428046066779643
9301,algoQD,93,254,0.9999896761719899,6.28280418086797
9302,algoQD,93,254,0.9999896761719899,5.171060406137258
9303,algoQD,93,254,0.9999896761719899,6.024795761797577
9304,algoQD,93,254,0.9999896761719899,5.900130679830909
9305,algoQD,93,254,0.9999896761719899,6.104426553007215
9306,algoQD,93,255,0.9999896761719899,6.244840407278389
9307,algoQD,93,255,0.9999896761719899,6.373758212663233
9308,algoQD,93,255,0.9999896761719899,6.149351446889341
9309,algoQD,93,255,0.9999896761719899,5.4449743228033185
9310,algoQD,93,255,0.9999896761719899,6.268532787915319
9311,algoQD,93,255,0.9999896761719899,6.359616746194661
9312,algoQD,93,255,0.9999896761719899,5.5438899281434715
9313,algoQD,93,255,0.9999896761719899,5.645839403849095
9314,algoQD,93,255,0.9999896761719899,5.546975627075881
9315,algoQD,93,255,0.9999896761719899,5.491727429907769
9316,algoQD,93,255,0.9999896761719899,5.813288716133684
9317,algoQD,93,255,0.9999896761719899,5.5545001230202615
9318,algoQD,93,255,0.9999896761719899,6.471974638290703
9319,algoQD,93,255,0.9999896761719899,6.3828877909109
9320,algoQD,93,255,0.9999896761719899,6.603353982791305
9321,algoQD,93,256,0.9999896761719899,6.521509692072868
9322,algoQD,93,256,0.9999896761719899,6.013952376320958
9323,algoQD,93,256,0.9999896761719899,5.367389807943255
9324,algoQD,93,256,0.9999896761719899,5.706130609381944
9325,algoQD,93,256,0.9999896761719899,5.6192205040715635
9326,algoQD,93,256,0.9999896761719899,6.30582196591422
9327,algoQD,93,256,0.9999896761719899,5.3347790581174195
9328,algoQD,93,256,0.9999896761719899,5.334791301283985
9329,algoQD,93,256,0.9999896761719899,6.121242993976921
9330,algoQD,93,257,0.9999896761719899,6.090258265845478
9331,algoQD,93,257,0.9999896761719899,5.870445447973907
9332,algoQD,93,257,0.9999896761719899,5.9716567900031805
9333,algoQD,93,257,0.9999896761719899,6.3054697923362255
9334,algoQD,93,257,0.9999896761719899,5.3755395147018135
9335,algoQD,93,257,0.9999896761719899,5.767217946704477
9336,algoQD,93,257,0.9999896761719899,5.713805598206818
9337,algoQD,93,257,0.9999896761719899,5.378044487442821
9338,algoQD,93,257,0.9999896761719899,6.091921548359096
9339,algoQD,93,257,0.9999896761719899,5.706347198225558
9340,algoQD,93,257,0.9999896761719899,6.080250038765371
9341,algoQD,93,257,0.9999896761719899,5.9436888112686574
9342,algoQD,93,257,0.9999896761719899,5.956911451648921
9343,algoQD,93,257,0.9999896761719899,6.043167550116777
9344,algoQD,93,257,0.9999896761719899,5.646136284805834
9345,algoQD,93,257,0.9999896761719899,6.292120550759137
9346,algoQD,93,257,0.9999896761719899,5.335278172045946
9347,algoQD,93,257,0.9999896761719899,5.976409919094294
9348,algoQD,93,257,0.9999896761719899,5.9577975161373615
9349,algoQD,93,257,0.9999896761719899,5.829556037206203
9350,algoQD,93,257,0.9999896761719899,6.068933106958866
9351,algoQD,93,257,0.9999896761719899,5.49202334927395
9352,algoQD,93,257,0.9999896761719899,5.4757233071140945
9353,algoQD,93,257,0.9999896761719899,5.575249854940921
9354,algoQD,93,257,0.9999896761719899,5.888557386118919
9355,algoQD,93,257,0.9999896761719899,5.429438832681626
9356,algoQD,93,257,0.9999896761719899,5.183184942230582
9357,algoQD,93,257,0.9999896761719899,5.491450127214193
9358,algoQD,93,257,0.9999896761719899,5.039630863815546
9359,algoQD,93,257,0.9999896761719899,4.788921244908124
9360,algoQD,93,258,0.9999896761719899,5.799079491291195
9361,algoQD,93,258,0.9999896761719899,5.452006949111819
9362,algoQD,93,258,0.9999896761719899,5.713423094712198
9363,algoQD,93,258,0.9999896761719899,6.029805195983499
9364,algoQD,93,258,0.9999896761719899,5.712125914636999
9365,algoQD,93,258,0.9999896761719899,4.887678360100836
9366,algoQD,93,258,0.9999896761719899,5.7849110956303775
9367,algoQD,93,258,0.9999896761719899,4.816467105876654
9368,algoQD,93,258,0.9999896761719899,5.459899660665542
9369,algoQD,93,258,0.9999896761719899,4.98813264304772
9370,algoQD,93,258,0.9999896761719899,5.359042136929929
9371,algoQD,93,258,0.9999896761719899,5.768036214169115
9372,algoQD,93,258,0.9999896761719899,5.832378331106156
9373,algoQD,93,258,0.9999896761719899,5.400894715916365
9374,algoQD,93,258,0.9999896761719899,5.2047847281210124
9375,algoQD,93,258,0.9999896761719899,5.267313790973276
9376,algoQD,93,258,0.9999896761719899,6.001351440325379
9377,algoQD,93,258,0.9999896761719899,6.0927433907054365
9378,algoQD,93,258,0.9999896761719899,5.8654959769919515
9379,algoQD,93,258,0.9999896761719899,5.23833989398554
9380,algoQD,93,258,0.9999896761719899,5.515065561980009
9381,algoQD,93,258,0.9999896761719899,6.129605843219906
9382,algoQD,93,258,0.9999896761719899,5.68253419874236
9383,algoQD,93,258,0.9999896761719899,5.503316423855722
9384,algoQD,93,258,0.9999896761719899,5.4581866837106645
9385,algoQD,93,258,0.9999896761719899,5.4170650048181415
9386,algoQD,93,258,0.9999896761719899,5.984032179694623
9387,algoQD,93,258,0.9999896761719899,5.969790352974087
9388,algoQD,93,258,0.9999896761719899,6.057823849841952
9389,algoQD,93,258,0.9999896761719899,6.126562062650919
9390,algoQD,93,258,0.9999896761719899,5.621099283918738
9391,algoQD,93,258,0.9999896761719899,5.362920784857124
9392,algoQD,93,258,0.9999896761719899,5.924407836049795
9393,algoQD,93,258,0.9999896761719899,5.361212987918407
9394,algoQD,93,258,0.9999896761719899,5.359426804818213
9395,algoQD,93,258,0.9999896761719899,5.321906447876245
9396,algoQD,93,258,0.9999896761719899,5.550900693051517
9397,algoQD,93,258,0.9999896761719899,6.2093896442092955
9398,algoQD,93,258,0.9999896761719899,6.293878081254661
9399,algoQD,93,258,0.9999896761719899,6.360982527025044
9400,algoQD,94,258,0.9999896761719899,6.1698881248012185
9401,algoQD,94,259,0.9999896761719899,6.305689385160804
9402,algoQD,94,259,0.9999896761719899,5.003315344918519
9403,algoQD,94,259,0.9999896761719899,6.286383140832186
9404,algoQD,94,259,0.9999896761719899,5.630897869355977
9405,algoQD,94,259,0.9999896761719899,6.145021296106279
9406,algoQD,94,259,0.9999896761719899,6.041258624289185
9407,algoQD,94,259,0.9999896761719899,5.368254000786692
9408,algoQD,94,259,0.9999896761719899,5.4466171860694885
9409,algoQD,94,259,0.9999896761719899,5.359407315962017
9410,algoQD,94,259,0.9999896761719899,5.695721874013543
9411,algoQD,94,259,0.9999896761719899,6.059980574063957
9412,algoQD,94,259,0.9999896761719899,6.52268254570663
9413,algoQD,94,259,0.9999896761719899,5.493242282886058
9414,algoQD,94,259,0.9999896761719899,5.462450540158898
9415,algoQD,94,259,0.9999896761719899,5.585575052071363
9416,algoQD,94,259,0.9999896761719899,5.163550808094442
9417,algoQD,94,259,0.9999896761719899,5.368917684070766
9418,algoQD,94,259,0.9999896761719899,5.35784019716084
9419,algoQD,94,259,0.9999896761719899,5.567029223777354
9420,algoQD,94,259,0.9999896761719899,5.916630079969764
9421,algoQD,94,259,0.9999896761719899,6.036176863126457
9422,algoQD,94,259,0.9999896761719899,5.591910148970783
9423,algoQD,94,259,0.9999896761719899,5.9680667063221335
9424,algoQD,94,259,0.9999896761719899,5.461393633391708
9425,algoQD,94,259,0.9999896761719899,6.463557264767587
9426,algoQD,94,259,0.9999896761719899,6.317746554035693
9427,algoQD,94,259,0.9999896761719899,5.3987861019559205
9428,algoQD,94,259,0.9999896761719899,6.595549018122256
9429,algoQD,94,259,0.9999896761719899,6.566904101986438
9430,algoQD,94,259,0.9999896761719899,5.172984742093831
9431,algoQD,94,259,0.9999896761719899,5.986143789254129
9432,algoQD,94,259,0.9999896761719899,5.667006503790617
9433,algoQD,94,259,0.9999896761719899,6.111364619806409
9434,algoQD,94,259,0.9999896761719899,5.396548766642809
9435,algoQD,94,259,0.9999896761719899,5.227689020801336
9436,algoQD,94,259,0.9999896761719899,5.482388786971569
9437,algoQD,94,259,0.9999896761719899,6.319405718240887
9438,algoQD,94,259,0.9999896761719899,6.222162093035877
9439,algoQD,94,259,0.9999896761719899,5.79745577275753
9440,algoQD,94,259,0.9999896761719899,5.794214200228453
9441,algoQD,94,259,0.9999896761719899,5.980984941590577
9442,algoQD,94,259,0.9999896761719899,5.577283376827836
9443,algoQD,94,259,0.9999896761719899,5.415109983179718
9444,algoQD,94,259,0.9999896761719899,5.753026695922017
9445,algoQD,94,259,0.9999896761719899,5.648927447851747
9446,algoQD,94,259,0.9999896761719899,6.342501451727003
9447,algoQD,94,259,0.9999896761719899,5.347894066013396
9448,algoQD,94,259,0.9999896761719899,5.37465830007568
9449,algoQD,94,259,0.9999896761719899,6.0864531779661775
9450,algoQD,94,259,0.9999896761719899,5.2061873390339315
9451,algoQD,94,259,0.9999896761719899,6.088109175674617
9452,algoQD,94,259,0.9999896761719899,6.390933210961521
9453,algoQD,94,259,0.9999896761719899,5.614586380310357
9454,algoQD,94,259,0.9999896761719899,5.9971259366720915
9455,algoQD,94,259,0.9999896761719899,5.3173940340057015
9456,algoQD,94,259,0.9999896761719899,5.905549608170986
9457,algoQD,94,259,0.9999896761719899,6.356769348029047
9458,algoQD,94,259,0.9999896761719899,6.3571053221821785
9459,algoQD,94,260,0.9999896761719899,6.327218669932336
9460,algoQD,94,261,0.9999896761719899,6.3082202966324985
9461,algoQD,94,262,0.9999896761719899,6.484035201836377
9462,algoQD,94,262,0.9999896761719899,5.5460748760961
9463,algoQD,94,262,0.9999896761719899,5.630814899224788
9464,algoQD,94,262,0.9999896761719899,6.617362940683961
9465,algoQD,94,262,0.9999896761719899,5.491190345957875
9466,algoQD,94,262,0.9999896761719899,5.4421855341643095
9467,algoQD,94,262,0.9999896761719899,5.494770019315183
9468,algoQD,94,262,0.9999896761719899,5.441954388283193
9469,algoQD,94,262,0.9999896761719899,6.15982230938971
9470,algoQD,94,262,0.9999896761719899,6.172762907110155
9471,algoQD,94,262,0.9999896761719899,5.763647312298417
9472,algoQD,94,262,0.9999896761719899,6.236552451271564
9473,algoQD,94,262,0.9999896761719899,5.466122627258301
9474,algoQD,94,263,0.9999896761719899,5.845364673994482
9475,algoQD,94,263,0.9999896761719899,6.125551814213395
9476,algoQD,94,263,0.9999896761719899,6.054836376104504
9477,algoQD,94,263,0.9999896761719899,5.943261434324086
9478,algoQD,94,263,0.9999896761719899,5.220779947936535
9479,algoQD,94,263,0.9999896761719899,5.3841058681719005
9480,algoQD,94,263,0.9999896761719899,5.349163715261966
9481,algoQD,94,263,0.9999896761719899,5.675904513802379
9482,algoQD,94,263,0.9999896761719899,5.203754734247923
9483,algoQD,94,263,0.9999896761719899,5.707178307697177
9484,algoQD,94,263,0.9999896761719899,5.3688581408932805
9485,algoQD,94,263,0.9999896761719899,5.650245198048651
9486,algoQD,94,263,0.9999896761719899,5.908161823172122
9487,algoQD,94,263,0.9999896761719899,5.311051031108946
9488,algoQD,94,263,0.9999896761719899,5.374893624335527
9489,algoQD,94,263,0.9999896761719899,6.015144467819482
9490,algoQD,94,263,0.9999896761719899,5.673943159170449
9491,algoQD,94,263,0.9999896761719899,6.241539991926402
9492,algoQD,94,263,0.9999896761719899,5.874685519374907
9493,algoQD,94,263,0.9999896761719899,6.088946619071066
9494,algoQD,94,263,0.9999896761719899,5.168691620696336
9495,algoQD,94,263,0.9999896761719899,5.706911334302276
9496,algoQD,94,263,0.9999896761719899,5.405930219218135
9497,algoQD,94,263,0.9999896761719899,5.345526661723852
9498,algoQD,94,263,0.9999896761719899,6.173953535966575
9499,algoQD,94,263,0.9999896761719899,5.669123913161457
9500,algoQD,95,263,0.9999896761719899,5.392466163262725
9501,algoQD,95,263,0.9999896761719899,5.023552628234029
9502,algoQD,95,263,0.9999896761719899,5.958442184142768
9503,algoQD,95,263,0.9999896761719899,5.924597562290728
9504,algoQD,95,263,0.9999896761719899,5.585453611332923
9505,algoQD,95,263,0.9999896761719899,5.575888037215918
9506,algoQD,95,263,0.9999896761719899,5.225592149887234
9507,algoQD,95,263,0.9999896761719899,5.709123496897519
9508,algoQD,95,263,0.9999896761719899,5.131858843844384
9509,algoQD,95,263,0.9999896761719899,5.803883993066847
9510,algoQD,95,263,0.9999896761719899,6.084344124887139
9511,algoQD,95,263,0.9999896761719899,5.259309921879321
9512,algoQD,95,263,0.9999896761719899,5.3298190520145
9513,algoQD,95,263,0.9999896761719899,6.234430218115449
9514,algoQD,95,263,0.9999896761719899,6.316598384641111
9515,algoQD,95,263,0.9999896761719899,5.4391731400974095
9516,algoQD,95,263,0.9999896761719899,6.108660615980625
9517,algoQD,95,263,0.9999896761719899,5.6441148282028735
9518,algoQD,95,263,0.9999896761719899,5.500178331974894
9519,algoQD,95,263,0.9999896761719899,6.4040264268405735
9520,algoQD,95,263,0.9999896761719899,6.038289136253297
9521,algoQD,95,263,0.9999896761719899,5.274642508942634
9522,algoQD,95,263,0.9999896761719899,6.3131331373006105
9523,algoQD,95,263,0.9999896761719899,5.865848059300333
9524,algoQD,95,263,0.9999896761719899,5.7935402020812035
9525,algoQD,95,263,0.9999896761719899,5.250466764904559
9526,algoQD,95,263,0.9999896761719899,5.0222479701042175
9527,algoQD,95,263,0.9999896761719899,6.595464744139463
9528,algoQD,95,264,0.9999896761719899,6.030401193071157
9529,algoQD,95,264,0.9999896761719899,5.527859793044627
9530,algoQD,95,264,0.9999896761719899,5.8073438187129796
9531,algoQD,95,264,0.9999896761719899,5.3897104021161795
9532,algoQD,95,264,0.9999896761719899,5.747755270916969
9533,algoQD,95,264,0.9999896761719899,6.123682626057416
9534,algoQD,95,264,0.9999896761719899,5.584370085038245
9535,algoQD,95,264,0.9999896761719899,6.034619431942701
9536,algoQD,95,264,0.9999896761719899,5.332470440771431
9537,algoQD,95,264,0.9999896761719899,6.137824315112084
9538,algoQD,95,264,0.9999896761719899,5.586187929846346
9539,algoQD,95,264,0.9999896761719899,5.6260845749638975
9540,algoQD,95,264,0.9999896761719899,6.287713663186878
9541,algoQD,95,264,0.9999896761719899,5.288005374837667
9542,algoQD,95,264,0.9999896761719899,5.9914785590954125
9543,algoQD,95,264,0.9999896761719899,5.8436699961312115
9544,algoQD,95,264,0.9999896761719899,6.348903956823051
9545,algoQD,95,264,0.9999896761719899,5.547205269802362
9546,algoQD,95,264,0.9999896761719899,5.24401835212484
9547,algoQD,95,264,0.9999896761719899,5.303474269807339
9548,algoQD,95,264,0.9999896761719899,6.2919174949638546
9549,algoQD,95,264,0.9999896761719899,5.845420717727393
9550,algoQD,95,264,0.9999896761719899,5.6454405430704355
9551,algoQD,95,264,0.9999896761719899,5.856767916120589
9552,algoQD,95,264,0.9999896761719899,5.729740686714649
9553,algoQD,95,264,0.9999896761719899,5.266976646147668
9554,algoQD,95,264,0.9999896761719899,5.553917622659355
9555,algoQD,95,264,0.9999896761719899,4.9213184379041195
9556,algoQD,95,264,0.9999896761719899,5.831858021672815
9557,algoQD,95,264,0.9999896761719899,5.192959567997605
9558,algoQD,95,264,0.9999896761719899,5.121658741962165
9559,algoQD,95,264,0.9999896761719899,5.432794981170446
9560,algoQD,95,264,0.9999896761719899,5.164209151174873
9561,algoQD,95,264,0.9999896761719899,5.555093293078244
9562,algoQD,95,264,0.9999896761719899,5.141864286269993
9563,algoQD,95,264,0.9999896761719899,5.190938830841333
9564,algoQD,95,264,0.9999896761719899,4.9383949702605605
9565,algoQD,95,264,0.9999896761719899,4.7347086342051625
9566,algoQD,95,264,0.9999896761719899,4.977114953100681
9567,algoQD,95,264,0.9999896761719899,5.652959980070591
9568,algoQD,95,264,0.9999896761719899,5.79525009309873
9569,algoQD,95,264,0.9999896761719899,5.281116561032832
9570,algoQD,95,264,0.9999896761719899,5.834794289898127
9571,algoQD,95,264,0.9999896761719899,5.618266412988305
9572,algoQD,95,264,0.9999896761719899,5.498868600931019
9573,algoQD,95,264,0.9999896761719899,5.5390820149332285
9574,algoQD,95,264,0.9999896761719899,5.466240628156811
9575,algoQD,95,264,0.9999896761719899,5.721283760853112
9576,algoQD,95,264,0.9999896761719899,5.090549028944224
9577,algoQD,95,264,0.9999896761719899,4.903162317350507
9578,algoQD,95,264,0.9999896761719899,5.458699711132795
9579,algoQD,95,264,0.9999896761719899,5.2307792897336185
9580,algoQD,95,264,0.9999896761719899,5.52593438513577
9581,algoQD,95,264,0.9999896761719899,5.735533492639661
9582,algoQD,95,264,0.9999896761719899,5.3261682339943945
9583,algoQD,95,264,0.9999896761719899,6.347063028253615
9584,algoQD,95,264,0.9999896761719899,5.397885025944561
9585,algoQD,95,264,0.9999896761719899,5.2296574199572206
9586,algoQD,95,264,0.9999896761719899,6.073216142132878
9587,algoQD,95,264,0.9999896761719899,5.081792363896966
9588,algoQD,95,264,0.9999896761719899,5.448272369801998
9589,algoQD,95,264,0.9999896761719899,5.661538836080581
9590,algoQD,95,264,0.9999896761719899,5.753262216690928
9591,algoQD,95,264,0.9999896761719899,5.42411150643602
9592,algoQD,95,264,0.9999896761719899,5.008758024312556
9593,algoQD,95,264,0.9999896761719899,6.026781986001879
9594,algoQD,95,264,0.9999896761719899,5.96104697464034
9595,algoQD,95,264,0.9999896761719899,5.163151232991368
9596,algoQD,95,264,0.9999896761719899,5.626137914136052
9597,algoQD,95,264,0.9999896761719899,5.2058139140717685
9598,algoQD,95,264,0.9999896761719899,5.915094377938658
9599,algoQD,95,264,0.9999896761719899,5.965877380687743
9600,algoQD,96,264,0.9999896761719899,5.151089305058122
9601,algoQD,96,264,0.9999896761719899,6.1761346510611475
9602,algoQD,96,264,0.9999896761719899,5.090627106837928
9603,algoQD,96,264,0.9999896761719899,5.831313345115632
9604,algoQD,96,264,0.9999896761719899,4.923646004870534
9605,algoQD,96,264,0.9999896761719899,5.89944843063131
9606,algoQD,96,264,0.9999896761719899,5.486726670991629
9607,algoQD,96,264,0.9999896761719899,5.489844241179526
9608,algoQD,96,264,0.9999896761719899,5.458769102115184
9609,algoQD,96,264,0.9999896761719899,5.570541807916015
9610,algoQD,96,264,0.9999896761719899,5.576361173763871
9611,algoQD,96,264,0.9999896761719899,4.786650945898145
9612,algoQD,96,264,0.9999896761719899,5.755503781139851
9613,algoQD,96,264,0.9999896761719899,5.290052571799606
9614,algoQD,96,264,0.9999896761719899,5.196215100120753
9615,algoQD,96,264,0.9999896761719899,5.311257554218173
9616,algoQD,96,264,0.9999896761719899,5.4248888338916
9617,algoQD,96,264,0.9999896761719899,5.7296957317739725
9618,algoQD,96,264,0.9999896761719899,5.638030764181167
9619,algoQD,96,264,0.9999896761719899,5.940637126099318
9620,algoQD,96,264,0.9999896761719899,5.82107497099787
9621,algoQD,96,264,0.9999896761719899,5.3780358559452
9622,algoQD,96,264,0.9999896761719899,5.805712718050927
9623,algoQD,96,264,0.9999896761719899,5.1783039309084415
9624,algoQD,96,264,0.9999896761719899,5.6489062500186265
9625,algoQD,96,264,0.9999896761719899,5.3797096982598305
9626,algoQD,96,264,0.9999896761719899,5.084635578095913
9627,algoQD,96,264,0.9999896761719899,4.766915360931307
9628,algoQD,96,264,0.9999896761719899,4.954513362143189
9629,algoQD,96,264,0.9999896761719899,5.014902372844517
9630,algoQD,96,264,0.9999896761719899,5.272330411244184
9631,algoQD,96,264,0.9999896761719899,5.002987111918628
9632,algoQD,96,264,0.9999896761719899,4.762995795812458
9633,algoQD,96,264,0.9999896761719899,5.295313601847738
9634,algoQD,96,264,0.9999896761719899,5.578018064144999
9635,algoQD,96,264,0.9999896761719899,5.124205844011158
9636,algoQD,96,264,0.9999896761719899,6.040185058023781
9637,algoQD,96,264,0.9999896761719899,5.7754919631406665
9638,algoQD,96,264,0.9999896761719899,5.159666520077735
9639,algoQD,96,264,0.9999896761719899,5.690739725250751
9640,algoQD,96,264,0.9999896761719899,6.1634322428144515
9641,algoQD,96,264,0.9999896761719899,6.2049512239173055
9642,algoQD,96,264,0.9999896761719899,6.066380969248712
9643,algoQD,96,264,0.9999896761719899,6.407356570009142
9644,algoQD,96,264,0.9999896761719899,6.259232715703547
9645,algoQD,96,265,0.9999896761719899,6.376858179923147
9646,algoQD,96,265,0.9999896761719899,5.326679380144924
9647,algoQD,96,265,0.9999896761719899,5.993362116161734
9648,algoQD,96,265,0.9999896761719899,5.870968881994486
9649,algoQD,96,265,0.9999896761719899,5.683351906947792
9650,algoQD,96,265,0.9999896761719899,6.4318987359292805
9651,algoQD,96,265,0.9999896761719899,6.59765433287248
9652,algoQD,96,265,0.9999896761719899,5.839917511213571
9653,algoQD,96,265,0.9999896761719899,6.2656453610397875
9654,algoQD,96,265,0.9999896761719899,5.621310906019062
9655,algoQD,96,265,0.9999896761719899,6.378768940921873
9656,algoQD,96,265,0.9999896761719899,5.830266077071428
9657,algoQD,96,265,0.9999896761719899,5.412302193697542
9658,algoQD,96,265,0.9999896761719899,6.24763615662232
9659,algoQD,96,265,0.9999896761719899,6.231528304051608
9660,algoQD,96,265,0.9999896761719899,6.665126383770257
9661,algoQD,96,265,0.9999896761719899,5.886245657224208
9662,algoQD,96,265,0.9999896761719899,6.267270741984248
9663,algoQD,96,265,0.9999896761719899,6.307349000126123
9664,algoQD,96,265,0.9999896761719899,5.95684873405844
9665,algoQD,96,265,0.9999896761719899,5.945081451907754
9666,algoQD,96,265,0.9999896761719899,5.868235780857503
9667,algoQD,96,265,0.9999896761719899,5.825012302026153
9668,algoQD,96,265,0.9999896761719899,6.0856029451824725
9669,algoQD,96,265,0.9999896761719899,6.25434163492173
9670,algoQD,96,265,0.9999896761719899,6.478337692096829
9671,algoQD,96,265,0.9999896761719899,5.724489076063037
9672,algoQD,96,265,0.9999896761719899,6.388051233720034
9673,algoQD,96,265,0.9999896761719899,6.575992987025529
9674,algoQD,96,265,0.9999896761719899,5.9820490730926394
9675,algoQD,96,265,0.9999896761719899,6.269759624730796
9676,algoQD,96,265,0.9999896761719899,6.133128521032631
9677,algoQD,96,265,0.9999896761719899,5.5711907357908785
9678,algoQD,96,265,0.9999896761719899,5.719370677135885
9679,algoQD,96,265,0.9999896761719899,6.589049735572189
9680,algoQD,96,265,0.9999896761719899,5.577882988844067
9681,algoQD,96,265,0.9999896761719899,6.030028709210455
9682,algoQD,96,265,0.9999896761719899,6.12912917509675
9683,algoQD,96,265,0.9999896761719899,6.405135574284941
9684,algoQD,96,265,0.9999896761719899,6.418389360420406
9685,algoQD,96,265,0.9999896761719899,6.52199458796531
9686,algoQD,96,265,0.9999896761719899,6.577677783090621
9687,algoQD,96,265,0.9999896761719899,6.1905727735720575
9688,algoQD,96,265,0.9999896761719899,6.552352307364345
9689,algoQD,96,265,0.9999896761719899,5.489487315993756
9690,algoQD,96,265,0.9999896761719899,6.149550091009587
9691,algoQD,96,265,0.9999896761719899,6.6496914848685265
9692,algoQD,96,265,0.9999896761719899,5.4790439968928695
9693,algoQD,96,265,0.9999896761719899,5.685847710818052
9694,algoQD,96,265,0.9999896761719899,6.06839727377519
9695,algoQD,96,265,0.9999896761719899,6.803377885837108
9696,algoQD,96,265,0.9999896761719899,7.314827733673155
9697,algoQD,96,265,0.9999896761719899,5.599448270630091
9698,algoQD,96,265,0.9999896761719899,6.227675620932132
9699,algoQD,96,265,0.9999896761719899,6.751292404253036
9700,algoQD,97,265,0.9999896761719899,6.482834138907492
9701,algoQD,97,265,0.9999896761719899,5.612940941937268
9702,algoQD,97,265,0.9999896761719899,6.3096031923778355
9703,algoQD,97,265,0.9999896761719899,6.243497310671955
9704,algoQD,97,265,0.9999896761719899,6.688515933696181
9705,algoQD,97,265,0.9999896761719899,5.9496015082113445
9706,algoQD,97,265,0.9999896761719899,6.690494813024998
9707,algoQD,97,265,0.9999896761719899,5.577162575908005
9708,algoQD,97,265,0.9999896761719899,5.754201577976346
9709,algoQD,97,265,0.9999896761719899,6.200841133017093
9710,algoQD,97,265,0.9999896761719899,6.08980898372829
9711,algoQD,97,265,0.9999896761719899,5.44507843721658
9712,algoQD,97,265,0.9999896761719899,5.7735725049860775
9713,algoQD,97,265,0.9999896761719899,6.271158601157367
9714,algoQD,97,265,0.9999896761719899,5.3536485829390585
9715,algoQD,97,265,0.9999896761719899,6.010302918031812
9716,algoQD,97,265,0.9999896761719899,5.4157861159183085
9717,algoQD,97,266,0.9999896761719899,6.571168934926391
9718,algoQD,97,266,0.9999896761719899,6.235667719971389
9719,algoQD,97,266,0.9999896761719899,6.285732363816351
9720,algoQD,97,266,0.9999896761719899,6.050551617052406
9721,algoQD,97,266,0.9999896761719899,6.153261814266443
9722,algoQD,97,266,0.9999896761719899,5.646410773973912
9723,algoQD,97,266,0.9999896761719899,6.166934204287827
9724,algoQD,97,266,0.9999896761719899,6.320923900231719
9725,algoQD,97,266,0.9999896761719899,6.032786585856229
9726,algoQD,97,266,0.9999896761719899,6.348365764133632
9727,algoQD,97,267,0.9999896761719899,6.603075034916401
9728,algoQD,97,267,0.9999896761719899,5.642617536708713
9729,algoQD,97,267,0.9999896761719899,5.777355090714991
9730,algoQD,97,267,0.9999896761719899,5.598435478284955
9731,algoQD,97,267,0.9999896761719899,5.799156466964632
9732,algoQD,97,267,0.9999896761719899,6.236750947311521
9733,algoQD,97,267,0.9999896761719899,5.633362453896552
9734,algoQD,97,267,0.9999896761719899,6.28307596500963
9735,algoQD,97,267,0.9999896761719899,6.041113247163594
9736,algoQD,97,267,0.9999896761719899,5.756061841733754
9737,algoQD,97,267,0.9999896761719899,6.307618200778961
9738,algoQD,97,267,0.9999896761719899,4.9435719340108335
9739,algoQD,97,267,0.9999896761719899,5.146038484759629
9740,algoQD,97,267,0.9999896761719899,5.294228633400053
9741,algoQD,97,267,0.9999896761719899,5.440797018818557
9742,algoQD,97,267,0.9999896761719899,5.623775159008801
9743,algoQD,97,267,0.9999896761719899,5.718120653182268
9744,algoQD,97,267,0.9999896761719899,5.827271125279367
9745,algoQD,97,267,0.9999896761719899,5.694812195841223
9746,algoQD,97,267,0.9999896761719899,5.472697947174311
9747,algoQD,97,267,0.9999896761719899,5.635676856152713
9748,algoQD,97,267,0.9999896761719899,5.581964829936624
9749,algoQD,97,267,0.9999896761719899,5.8225096901878715
9750,algoQD,97,267,0.9999896761719899,6.010464494116604
9751,algoQD,97,267,0.9999896761719899,6.241187808103859
9752,algoQD,97,267,0.9999896761719899,6.522631776984781
9753,algoQD,97,267,0.9999896761719899,5.9218864077702165
9754,algoQD,97,267,0.9999896761719899,5.569958125706762
9755,algoQD,97,267,0.9999896761719899,5.092789153102785
9756,algoQD,97,267,0.9999896761719899,5.295994789805263
9757,algoQD,97,267,0.9999896761719899,5.439442076720297
9758,algoQD,97,268,0.9999896761719899,6.636185589246452
9759,algoQD,97,268,0.9999896761719899,6.165603830944747
9760,algoQD,97,268,0.9999896761719899,6.087319232989103
9761,algoQD,97,268,0.9999896761719899,5.687914415728301
9762,algoQD,97,268,0.9999896761719899,5.886855504941195
9763,algoQD,97,268,0.9999896761719899,5.825523091945797
9764,algoQD,97,268,0.9999896761719899,5.3627485749311745
9765,algoQD,97,268,0.9999896761719899,5.409191316924989
9766,algoQD,97,268,0.9999896761719899,6.4416411952115595
9767,algoQD,97,268,0.9999896761719899,6.357130833901465
9768,algoQD,97,268,0.9999896761719899,6.092748979572207
9769,algoQD,97,268,0.9999896761719899,6.159201946109533
9770,algoQD,97,268,0.9999896761719899,5.990920801181346
9771,algoQD,97,268,0.9999896761719899,6.423733121715486
9772,algoQD,97,268,0.9999896761719899,5.931733200792223
9773,algoQD,97,268,0.9999896761719899,6.295323293656111
9774,algoQD,97,268,0.9999896761719899,5.802375440951437
9775,algoQD,97,268,0.9999896761719899,5.250676843803376
9776,algoQD,97,268,0.9999896761719899,6.143219210673124
9777,algoQD,97,268,0.9999896761719899,5.504471334628761
9778,algoQD,97,268,0.9999896761719899,5.527234660927206
9779,algoQD,97,268,0.9999896761719899,5.00666676601395
9780,algoQD,97,268,0.9999896761719899,5.7776803257875144
9781,algoQD,97,268,0.9999896761719899,5.106907855253667
9782,algoQD,97,268,0.9999896761719899,5.357804924249649
9783,algoQD,97,268,0.9999896761719899,6.10102956276387
9784,algoQD,97,268,0.9999896761719899,6.089745935983956
9785,algoQD,97,268,0.9999896761719899,5.316518886014819
9786,algoQD,97,268,0.9999896761719899,6.217530693858862
9787,algoQD,97,268,0.9999896761719899,5.383587796241045
9788,algoQD,97,268,0.9999896761719899,5.880099782254547
9789,algoQD,97,268,0.9999896761719899,6.134210390970111
9790,algoQD,97,269,0.9999896761719899,6.597870911937207
9791,algoQD,97,269,0.9999896761719899,6.16027217824012
9792,algoQD,97,269,0.9999896761719899,5.473015327937901
9793,algoQD,97,269,0.9999896761719899,5.102054577786475
9794,algoQD,97,269,0.9999896761719899,5.715550867840648
9795,algoQD,97,269,0.9999896761719899,5.88862230302766
9796,algoQD,97,269,0.9999896761719899,5.831827573943883
9797,algoQD,97,269,0.9999896761719899,6.1519680689089
9798,algoQD,97,269,0.9999896761719899,5.517156329937279
9799,algoQD,97,269,0.9999896761719899,5.585335568059236
9800,algoQD,98,269,0.9999896761719899,5.322794259991497
9801,algoQD,98,269,0.9999896761719899,6.073488071095198
9802,algoQD,98,269,0.9999896761719899,5.222708834335208
9803,algoQD,98,269,0.9999896761719899,5.195134579204023
9804,algoQD,98,269,0.9999896761719899,5.378256282769144
9805,algoQD,98,269,0.9999896761719899,5.7640325515531
9806,algoQD,98,269,0.9999896761719899,6.168855085037649
9807,algoQD,98,269,0.9999896761719899,5.200931081082672
9808,algoQD,98,269,0.9999896761719899,5.3269166899845
9809,algoQD,98,269,0.9999896761719899,5.511431995779276
9810,algoQD,98,269,0.9999896761719899,5.3811969379894435
9811,algoQD,98,269,0.9999896761719899,5.648832459002733
9812,algoQD,98,269,0.9999896761719899,6.472773482091725
9813,algoQD,98,269,0.9999896761719899,6.671632137149572
9814,algoQD,98,269,0.9999896761719899,5.912065313197672
9815,algoQD,98,269,0.9999896761719899,5.856119517236948
9816,algoQD,98,269,0.9999896761719899,5.834386457223445
9817,algoQD,98,269,0.9999896761719899,5.6308197090402246
9818,algoQD,98,269,0.9999896761719899,5.762932502664626
9819,algoQD,98,269,0.9999896761719899,6.3947902410291135
9820,algoQD,98,269,0.9999896761719899,6.315317868255079
9821,algoQD,98,269,0.9999896761719899,6.361656815279275
9822,algoQD,98,269,0.9999896761719899,6.3154399688355625
9823,algoQD,98,269,0.9999896761719899,6.3117495267651975
9824,algoQD,98,269,0.9999896761719899,5.96115539688617
9825,algoQD,98,269,0.9999896761719899,6.152816813439131
9826,algoQD,98,269,0.9999896761719899,6.333972392138094
9827,algoQD,98,269,0.9999896761719899,5.4823247152380645
9828,algoQD,98,269,0.9999896761719899,5.471130224876106
9829,algoQD,98,269,0.9999896761719899,6.004865997005254
9830,algoQD,98,269,0.9999896761719899,5.461997370701283
9831,algoQD,98,269,0.9999896761719899,6.383569362107664
9832,algoQD,98,269,0.9999896761719899,5.3991333353333175
9833,algoQD,98,269,0.9999896761719899,5.604689041618258
9834,algoQD,98,269,0.9999896761719899,5.417674643918872
9835,algoQD,98,269,0.9999896761719899,6.407888608984649
9836,algoQD,98,269,0.9999896761719899,6.116406865883619
9837,algoQD,98,269,0.9999896761719899,5.610767255071551
9838,algoQD,98,269,0.9999896761719899,6.369626991916448
9839,algoQD,98,269,0.9999896761719899,5.860616303049028
9840,algoQD,98,269,0.9999896761719899,5.567134281154722
9841,algoQD,98,269,0.9999896761719899,5.681890464387834
9842,algoQD,98,269,0.9999896761719899,6.395790169946849
9843,algoQD,98,269,0.9999896761719899,6.2113701407797635
9844,algoQD,98,269,0.9999896761719899,5.741879147943109
9845,algoQD,98,269,0.9999896761719899,5.38566147396341
9846,algoQD,98,270,0.9999896761719899,6.319426781032234
9847,algoQD,98,270,0.9999896761719899,6.137895612977445
9848,algoQD,98,270,0.9999896761719899,5.881840742193162
9849,algoQD,98,270,0.9999896761719899,6.177569666877389
9850,algoQD,98,270,0.9999896761719899,5.490151079837233
9851,algoQD,98,270,0.9999896761719899,5.520415687933564
9852,algoQD,98,270,0.9999896761719899,6.125887256115675
9853,algoQD,98,270,0.9999896761719899,5.7201043288223445
9854,algoQD,98,270,0.9999896761719899,5.830303464084864
9855,algoQD,98,270,0.9999896761719899,5.341921537183225
9856,algoQD,98,270,0.9999896761719899,6.451480903662741
9857,algoQD,98,270,0.9999896761719899,6.360308316070586
9858,algoQD,98,270,0.9999896761719899,5.854406371247023
9859,algoQD,98,270,0.9999896761719899,6.363831182941794
9860,algoQD,98,270,0.9999896761719899,5.996147647965699
9861,algoQD,98,270,0.9999896761719899,5.960214780177921
9862,algoQD,98,270,0.9999896761719899,5.82453687954694
9863,algoQD,98,270,0.9999896761719899,5.76183869689703
9864,algoQD,98,270,0.9999896761719899,6.2087289951741695
9865,algoQD,98,270,0.9999896761719899,5.907218886073679
9866,algoQD,98,270,0.9999896761719899,5.904073102865368
9867,algoQD,98,270,0.9999896761719899,6.137505155988038
9868,algoQD,98,270,0.9999896761719899,5.253325787838548
9869,algoQD,98,270,0.9999896761719899,5.884738585911691
9870,algoQD,98,270,0.9999896761719899,6.28723818808794
9871,algoQD,98,270,0.9999896761719899,5.937179631087929
9872,algoQD,98,270,0.9999896761719899,5.580716993194073
9873,algoQD,98,270,0.9999896761719899,5.571104201022536
9874,algoQD,98,270,0.9999896761719899,6.081020241137594
9875,algoQD,98,270,0.9999896761719899,6.00725154299289
9876,algoQD,98,270,0.9999896761719899,5.691159254871309
9877,algoQD,98,270,0.9999896761719899,5.243551712017506
9878,algoQD,98,271,0.9999896761719899,6.023289693053812
9879,algoQD,98,271,0.9999896761719899,5.237114631570876
9880,algoQD,98,271,0.9999896761719899,5.218170130159706
9881,algoQD,98,271,0.9999896761719899,5.214711877051741
9882,algoQD,98,272,0.9999896761719899,6.180625158827752
9883,algoQD,98,272,0.9999896761719899,5.062388902064413
9884,algoQD,98,272,0.9999896761719899,5.924512878060341
9885,algoQD,98,272,0.9999896761719899,6.107557525858283
9886,algoQD,98,272,0.9999896761719899,5.54834346100688
9887,algoQD,98,272,0.9999896761719899,5.437532902229577
9888,algoQD,98,272,0.9999896761719899,5.445778771303594
9889,algoQD,98,272,0.9999896761719899,6.352732352912426
9890,algoQD,98,272,0.9999896761719899,6.38306492799893
9891,algoQD,98,272,0.9999896761719899,5.508383948355913
9892,algoQD,98,272,0.9999896761719899,5.725466830190271
9893,algoQD,98,272,0.9999896761719899,5.342248164117336
9894,algoQD,98,272,0.9999896761719899,5.666959705762565
9895,algoQD,98,272,0.9999896761719899,5.650293240323663
9896,algoQD,98,272,0.9999896761719899,6.046768572181463
9897,algoQD,98,272,0.9999896761719899,6.3262893948704
9898,algoQD,98,272,0.9999896761719899,5.356182119809091
9899,algoQD,98,272,0.9999896761719899,5.483423850964755
9900,algoQD,99,272,0.9999896761719899,6.035714918281883
9901,algoQD,99,272,0.9999896761719899,5.447654945310205
9902,algoQD,99,272,0.9999896761719899,5.243895151652396
9903,algoQD,99,272,0.9999896761719899,5.833667919971049
9904,algoQD,99,272,0.9999896761719899,5.117535536177456
9905,algoQD,99,272,0.9999896761719899,5.619867138098925
9906,algoQD,99,272,0.9999896761719899,5.217655738815665
9907,algoQD,99,272,0.9999896761719899,6.068749640136957
9908,algoQD,99,272,0.9999896761719899,5.694400057196617
9909,algoQD,99,272,0.9999896761719899,5.329276639968157
9910,algoQD,99,272,0.9999896761719899,5.850209982134402
9911,algoQD,99,272,0.9999896761719899,6.256918547209352
9912,algoQD,99,272,0.9999896761719899,6.346647898666561
9913,algoQD,99,272,0.9999896761719899,5.272122160065919
9914,algoQD,99,272,0.9999896761719899,5.542606884147972
9915,algoQD,99,272,0.9999896761719899,5.8276311149820685
9916,algoQD,99,272,0.9999896761719899,5.997945762239397
9917,algoQD,99,272,0.9999896761719899,5.9634285611100495
9918,algoQD,99,272,0.9999896761719899,5.729412174783647
9919,algoQD,99,272,0.9999896761719899,5.03578251414001
9920,algoQD,99,272,0.9999896761719899,5.585807420313358
9921,algoQD,99,272,0.9999896761719899,6.321960367262363
9922,algoQD,99,272,0.9999896761719899,5.539593259803951
9923,algoQD,99,272,0.9999896761719899,5.13790698396042
9924,algoQD,99,272,0.9999896761719899,5.188112434931099
9925,algoQD,99,272,0.9999896761719899,5.86441513011232
9926,algoQD,99,272,0.9999896761719899,6.018290569074452
9927,algoQD,99,272,0.9999896761719899,6.294110983144492
9928,algoQD,99,272,0.9999896761719899,5.63725823443383
9929,algoQD,99,272,0.9999896761719899,5.473818846046925
9930,algoQD,99,272,0.9999896761719899,5.378334482200444
9931,algoQD,99,272,0.9999896761719899,6.391387472394854
9932,algoQD,99,272,0.9999896761719899,6.320975686889142
9933,algoQD,99,272,0.9999896761719899,5.300901520997286
9934,algoQD,99,272,0.9999896761719899,5.890919592697173
9935,algoQD,99,272,0.9999896761719899,5.685917431954294
9936,algoQD,99,272,0.9999896761719899,5.614174912683666
9937,algoQD,99,272,0.9999896761719899,5.477106787264347
9938,algoQD,99,272,0.9999896761719899,5.440139746759087
9939,algoQD,99,272,0.9999896761719899,5.714250672142953
9940,algoQD,99,272,0.9999896761719899,5.5188706000335515
9941,algoQD,99,272,0.9999896761719899,6.193237526807934
9942,algoQD,99,272,0.9999896761719899,5.602605204097927
9943,algoQD,99,272,0.9999896761719899,5.305990606080741
9944,algoQD,99,272,0.9999896761719899,5.259526993148029
9945,algoQD,99,272,0.9999896761719899,5.361320836935192
9946,algoQD,99,272,0.9999896761719899,5.725182433612645
9947,algoQD,99,272,0.9999896761719899,5.695817396976054
9948,algoQD,99,272,0.9999896761719899,5.349702218081802
9949,algoQD,99,272,0.9999896761719899,5.623822428751737
9950,algoQD,99,272,0.9999896761719899,5.642205448821187
9951,algoQD,99,272,0.9999896761719899,5.598053586203605
9952,algoQD,99,272,0.9999896761719899,5.400751642882824
9953,algoQD,99,272,0.9999896761719899,6.086961334105581
9954,algoQD,99,272,0.9999896761719899,5.17205711081624
9955,algoQD,99,272,0.9999896761719899,6.088548532687128
9956,algoQD,99,272,0.9999896761719899,5.34176346892491
9957,algoQD,99,272,0.9999896761719899,5.335390186868608
9958,algoQD,99,272,0.9999896761719899,5.852989565115422
9959,algoQD,99,272,0.9999896761719899,5.842930990736932
9960,algoQD,99,272,0.9999896761719899,5.180663011036813
9961,algoQD,99,272,0.9999896761719899,6.271773482207209
9962,algoQD,99,272,0.9999896761719899,6.011171328835189
9963,algoQD,99,272,0.9999896761719899,5.941362131386995
9964,algoQD,99,272,0.9999896761719899,5.926279447041452
9965,algoQD,99,272,0.9999896761719899,5.676885599270463
9966,algoQD,99,272,0.9999896761719899,5.776355082169175
9967,algoQD,99,272,0.9999896761719899,5.991500325035304
9968,algoQD,99,272,0.9999896761719899,5.3795657977461815
9969,algoQD,99,273,0.9999896761719899,5.36224839091301
9970,algoQD,99,273,0.9999896761719899,5.612088250927627
9971,algoQD,99,273,0.9999896761719899,5.440979664213955
9972,algoQD,99,273,0.9999896761719899,5.867634471971542
9973,algoQD,99,273,0.9999896761719899,5.489898624364287
9974,algoQD,99,273,0.9999896761719899,5.181755734607577
9975,algoQD,99,273,0.9999896761719899,5.944601941853762
9976,algoQD,99,273,0.9999896761719899,5.296358610037714
9977,algoQD,99,273,0.9999896761719899,5.724635660648346
9978,algoQD,99,273,0.9999896761719899,5.8863530568778515
9979,algoQD,99,273,0.9999896761719899,5.752461480908096
9980,algoQD,99,273,0.9999896761719899,5.974405057262629
9981,algoQD,99,273,0.9999896761719899,5.231209055054933
9982,algoQD,99,273,0.9999896761719899,5.89687003614381
9983,algoQD,99,273,0.9999896761719899,5.425435245037079
9984,algoQD,99,273,0.9999896761719899,6.086178445722908
9985,algoQD,99,273,0.9999896761719899,5.73610389791429
9986,algoQD,99,273,0.9999896761719899,5.2254911521449685
9987,algoQD,99,273,0.9999896761719899,5.032301157247275
9988,algoQD,99,273,0.9999896761719899,5.823553402442485
9989,algoQD,99,273,0.9999896761719899,6.240411280654371
9990,algoQD,99,273,0.9999896761719899,5.666600598953664
9991,algoQD,99,273,0.9999896761719899,6.082957210019231
9992,algoQD,99,273,0.9999896761719899,4.955905655864626
9993,algoQD,99,273,0.9999896761719899,6.166679862886667
9994,algoQD,99,273,0.9999896761719899,5.298462823964655
9995,algoQD,99,273,0.9999896761719899,5.835229210089892
9996,algoQD,99,273,0.9999896761719899,5.593923122156411
9997,algoQD,99,274,0.9999896761719899,5.964337065815926
9998,algoQD,99,274,0.9999896761719899,5.259082654025406
9999,algoQD,99,274,0.9999896761719899,5.724007364362478
